0.0 0.3659944553214466 0.24957632483758121 0.0042778015992004 5.01756337840173 
0.1 0.4994653393322947 0.00015699700149925073 9.88455772113976e-06 0.4890697547169006 
0.2 0.8910743924518214 -0.0010279670164917393 0.021531580709645195 0.006401308804363638 
0.3 0.9513507539560659 -0.02998736031984009 -0.09663826936531739 0.001892833494818182 
0.4 0.9708049580941345 0.12420990854572714 0.06740057271364319 0.0007894220729999999 
0.5 0.9797828093332139 0.09262642728635682 0.10955780059970016 0.00037645783881818176 
0.6 0.9847355773424633 -0.07530062468765618 0.16042433383308344 0.00019067085845454542 
0.7 0.9877880514661246 0.13416379560219888 -0.4733637856071964 9.835093636363639e-05 
0.8 0.9898182375803424 0.45061718590704647 0.5538509035482259 4.9933080272727285e-05 
0.9 0.9912460146972252 -0.705999231884058 0.4769729670164918 2.399574545454545e-05 
1.0 0.9922939019451248 -0.7106247651174413 -0.6016519125437282 1.0271664272727274e-05 
1.1 0.9930893335243606 0.16129954422788603 -0.9588872808595701 3.4331738181818187e-06 
1.2 0.9937098371552359 0.8366341459270364 -0.5297267176411794 5.718283636363637e-07 
1.3 0.9942049411504982 0.9862673788105947 0.12436636181909046 2.092609090909091e-08 
1.4 0.9946075285018237 0.7580421264367817 0.636397984007996 7.974818181818177e-07 
1.5 0.9949401991660307 0.37570293853073466 0.9061561759120439 2.307894818181818e-06 
1.6 0.9952189564610728 -0.009757670164917534 0.9698904452773613 4.184424272727273e-06 
1.7 0.9954553743040809 -0.3297149895052473 0.8995687526236881 6.205336363636365e-06 
1.8 0.9956579965864135 -0.5655989860069964 0.7586353228385807 8.232009818181816e-06 
1.9 0.9958333353086067 -0.7242072988505748 0.591404712143928 1.0174817454545458e-05 
2.0 0.9959862838357239 -0.8217350049975013 0.42371496251874063 1.1988245454545455e-05 
2.1 0.9961207355275625 -0.8743479510244877 0.2699718350824588 1.3636102090909087e-05 
2.2 0.9962397133382606 -0.8964613433283358 0.13541228985507248 1.5116734090909092e-05 
2.3 0.9963456417872776 -0.8989557966016992 0.021476306346826582 1.642298181818182e-05 
2.4 0.9964404794642985 -0.8899250619690154 -0.07212763218390807 1.755067745454545e-05 
2.5 0.9965258298049486 -0.8751306331834083 -0.1475033828085957 1.8508539272727276e-05 
2.6 0.9966029584822881 -0.8581623378310845 -0.20787581059470261 1.9312424999999993e-05 
2.7 0.9966730002518968 -0.8417220279860069 -0.25454334182908545 1.9960370454545456e-05 
2.8 0.9967368360841949 -0.8271584622688655 -0.2900239070464768 2.047224436363637e-05 
2.9 0.9967952253350569 -0.8156581874062968 -0.31525856171914046 2.0847286090909096e-05 
3.0 0.9968488269626496 -0.8073552648675661 -0.3322630889555222 2.110560245454545e-05 
3.1 0.9968981714434031 -0.802765543728136 -0.34131057471264364 2.1244984363636364e-05 
3.2 0.9969437330447204 -0.801652367816092 -0.3435287171414293 2.1278696999999992e-05 
3.3 0.9969859035483855 -0.8032024887556222 -0.34063507496251877 2.123054427272727e-05 
3.4 0.9970250766051237 -0.807485887556222 -0.3323447601199401 2.110560245454545e-05 
3.5 0.9970615026057337 -0.8142778520739631 -0.31866843628185904 2.089500245454546e-05 
3.6 0.997095478008135 -0.8229842128935533 -0.30014849025487256 2.061900681818181e-05 
3.7 0.9971272359417053 -0.8330796666666667 -0.2770787391304347 2.0278944272727272e-05 
3.8 0.9971569811614917 -0.8442545292353824 -0.24910871564217887 1.9881121090909088e-05 
3.9 0.9971848856773701 -0.8557992028985507 -0.21673423338330836 1.943194936363636e-05 
4.0 0.9972111065114411 -0.8668366146926537 -0.18118395152423789 1.8951517090909098e-05 
4.1 0.9972357889160973 -0.8773792773613193 -0.14080919790104948 1.841877927272727e-05 
4.2 0.9972590691416682 -0.8865358205897051 -0.09690344277861067 1.7862722454545457e-05 
4.3 0.9972810450279993 -0.8937797261369315 -0.049797620689655174 1.7276094818181825e-05 
4.4 0.9973018605869102 -0.8986741509245377 0.0008583358320839634 1.6669397454545454e-05 
4.5 0.9973215613502544 -0.9006544942528735 0.0548059985007496 1.603587927272727e-05 
4.6 0.9973402288685126 -0.8992211964017991 0.11080595702148925 1.539823527272727e-05 
4.7 0.9973579560176329 -0.8938071839080459 0.1702465542228885 1.4733409090909085e-05 
4.8 0.9973748184618504 -0.8840332098950524 0.23120019240379808 1.4063662090909092e-05 
4.9 0.9973908595690315 -0.8695300334832583 0.29336820889555226 1.3390376999999998e-05 
5.0 0.9974061296141261 -0.8497860299850075 0.35681168765617194 1.2707529818181824e-05 
5.1 0.9974207145172066 -0.8248136721639181 0.4200314742628686 1.203168109090909e-05 
5.2 0.9974346309233658 -0.7939007441279361 0.4835869310344828 1.1353173818181822e-05 
5.3 0.9974479134224628 -0.7574404057971015 0.545660187906047 1.0684112999999999e-05 
5.4 0.9974606486982707 -0.7147926001999001 0.6065327226386807 1.0018833e-05 
5.5 0.997472825586232 -0.6663023858070964 0.664929500249875 9.362149363636362e-06 
5.6 0.9974844717487927 -0.61192236031984 0.7203111974012993 8.715384272727274e-06 
5.7 0.9974956778455356 -0.5522005717141429 0.7716469225387307 8.085825e-06 
5.8 0.9975064074445169 -0.4859687711144428 0.8193039985007495 7.462734818181821e-06 
5.9 0.9975167113760302 -0.41468874612693657 0.8616008875562219 6.856417090909095e-06 
6.0 0.9975266195425331 -0.3392358510744627 0.8977326246876562 6.273168000000002e-06 
6.1 0.997536161069146 -0.2596572113943028 0.9274035152423787 5.708352272727272e-06 
6.2 0.9975453185719444 -0.17540056021989006 0.950318672163918 5.158309363636361e-06 
6.3 0.9975541586336915 -0.0892202783608196 0.9653933188405797 4.63612609090909e-06 
6.4 0.9975626565359674 0.0015260354822588687 0.9725893308345827 4.122693818181819e-06 
6.5 0.9975708879262235 0.09118853823088456 0.9711769170414792 3.649353818181817e-06 
6.6 0.9975787938947969 0.1823814767616192 0.9610371294352824 3.19552609090909e-06 
6.7 0.9975864416921935 0.27259581309345327 0.9421139495252373 2.771821090909089e-06 
6.8 0.9975938204974824 0.36200080409795105 0.9141105617191404 2.3718002727272723e-06 
6.9 0.9976009417200525 0.4489592103948027 0.8772150894552724 2.0014584545454546e-06 
7.0 0.997607854154288 0.5330937211394303 0.8312630189905047 1.6584970909090911e-06 
7.1 0.9976145252985205 0.612648392303848 0.7769185277361319 1.3465319999999993e-06 
7.2 0.9976209851727789 0.6873800529735132 0.7140451719140429 1.0648843636363635e-06 
7.3 0.9976272501647473 0.7563049100449775 0.642968407796102 8.124752727272729e-07 
7.4 0.9976332967632343 0.8177286826586707 0.565132291854073 5.94157090909091e-07 
7.5 0.9976391882824196 0.8708615137431285 0.481551916041979 4.105988181818181e-07 
7.6 0.99764486943309 0.9162955347326337 0.3905962568715642 2.5766836363636367e-07 
7.7 0.9976503956882619 0.9516268515742129 0.2966366791604198 1.4138181818181815e-07 
7.8 0.9976557377910032 0.9775921089455273 0.19728571614192905 5.821200000000002e-08 
7.9 0.997660950808156 0.9929235917041479 0.09637964067966016 1.1573454545454544e-08 
8.0 0.9976659981812915 0.9976433498250875 -0.006045376311844078 7.093636363636363e-10 
8.1 0.9976709089934156 0.9915487876061969 -0.10890501549225387 2.6040272727272723e-08 
8.2 0.9976756844938841 0.9742347046476761 -0.21244857021489255 8.95442727272727e-08 
8.3 0.997680321330761 0.9464110214892554 -0.3120473788105947 1.8878836363636363e-07 
8.4 0.9976848259043581 0.9075009460269865 -0.40967303148425793 3.276043636363636e-07 
8.5 0.997689231226667 0.8585647901049476 -0.5021248345827086 5.03694818181818e-07 
8.6 0.9976934982162976 0.7995554562718641 -0.5893818025987008 7.192843636363634e-07 
8.7 0.9976976390793425 0.7309523578210896 -0.6702838055972014 9.762719999999995e-07 
8.8 0.9977016957519566 0.6545184827586207 -0.7427305712143928 1.2700810909090912e-06 
8.9 0.9977056386064884 0.5709416396801599 -0.8062831869065467 1.6011624545454549e-06 
9.0 0.9977094949894527 0.47960142578710646 -0.8611315552223887 1.977886090909091e-06 
9.1 0.9977132364169847 0.38354803798100945 -0.9052764447776112 2.392757454545454e-06 
9.2 0.9977168925309855 0.2827538580709645 -0.938758095952024 2.848861090909091e-06 
9.3 0.9977204553083202 0.17934221689155425 -0.960831784107946 3.3447283636363636e-06 
9.4 0.9977239203104611 0.07328952173913043 -0.9714031729135432 3.888593454545454e-06 
9.5 0.997727319375254 -0.03284704597701149 -0.9701107501249376 4.471200272727272e-06 
9.6 0.9977306234812122 -0.13757205897051475 -0.9571050794602699 5.09210209090909e-06 
9.7 0.9977338603145459 -0.24058638380809597 -0.9324131214392803 5.758370454545453e-06 
9.8 0.9977370034712904 -0.3399435762118941 -0.8964265612193903 6.468245454545459e-06 
9.9 0.9977400953688419 -0.433694071964018 -0.8500337266366816 7.216564363636366e-06 
10.0 0.9977431012416575 -0.5231534887556222 -0.7923791709145428 8.020616999999997e-06 
10.1 0.9977460375351321 -0.6043429660169916 -0.7258889260369815 8.860909090909095e-06 
10.2 0.997748912494835 -0.6766657211394302 -0.6515680744627687 9.736534090909094e-06 
10.3 0.9977517166101342 -0.7402320909545227 -0.5694815977011495 1.0660228363636364e-05 
10.4 0.997754460428839 -0.7945109710144928 -0.479919503748126 1.1640024272727268e-05 
10.5 0.9977571543399737 -0.8375003578210896 -0.38631493703148423 1.2651742090909093e-05 
10.6 0.9977597869392063 -0.8696768420789606 -0.2879544642678661 1.3717217454545453e-05 
10.7 0.9977623382202562 -0.8901010614692654 -0.18799679960019994 1.4821741090909085e-05 
10.8 0.9977648740728168 -0.89896183958021 -0.08638377761119448 1.5969028363636366e-05 
10.9 0.9977673286509715 -0.896226284357821 0.013664590204897586 1.7150427272727273e-05 
11.0 0.9977697377286983 -0.8820615817091454 0.11303005897051473 1.8387414818181814e-05 
11.1 0.9977721108512401 -0.8564638295852074 0.21038796151924039 1.9676737090909087e-05 
11.2 0.9977744190729315 -0.8203693463268366 0.30267161719140434 2.1004957090909097e-05 
11.3 0.9977766784296982 -0.7737396456771614 0.39035283158420786 2.2386436363636362e-05 
11.4 0.9977789008186424 -0.7184970979510245 0.4703055867066467 2.379662209090909e-05 
11.5 0.9977810670228303 -0.6530408335832084 0.5447206306846577 2.5297134818181824e-05 
11.6 0.9977832031826649 -0.5821694307846077 0.6084689505247376 2.6789432999999998e-05 
11.7 0.9977852837650617 -0.5032828620689656 0.6643143073463267 2.8368982090909095e-05 
11.8 0.9977873336866911 -0.4206645492253873 0.7093479730134932 2.996517927272727e-05 
11.9 0.9977893481615681 -0.3337614917541229 0.744329112443778 3.161093345454544e-05 
12.0 0.9977912935463019 -0.24459855972013994 0.7686300999500248 3.3300681818181825e-05 
12.1 0.9977932400862848 -0.15335733333333332 0.7823308515742129 3.504678981818182e-05 
12.2 0.9977951244447578 -0.06182893853073462 0.7851842153923039 3.685019345454545e-05 
12.3 0.9977969816665619 0.02854383558220887 0.7772875152423789 3.869883927272727e-05 
12.4 0.9977988123253556 0.11633476561719137 0.7589664872563718 4.059272727272728e-05 
12.5 0.9978006006033607 0.19970366616691657 0.730966931534233 4.252504609090908e-05 
12.6 0.9978023464185639 0.2779498975512244 0.6939610509745127 4.44953260909091e-05 
12.7 0.9978040711398651 0.35160061219390304 0.6477374427786107 4.6545844363636365e-05 
12.8 0.9978057729358197 0.4181849095452274 0.5938664657671164 4.8635268000000004e-05 
12.9 0.9978074163826474 0.47646438830584703 0.5339291399300349 5.0755681090909106e-05 
13.0 0.9978090456498335 0.526781184407796 0.46806462568715645 5.293653381818181e-05 
13.1 0.997810655739618 0.5679576611694153 0.39833378310844575 5.5139989363636354e-05 
13.2 0.997812218774343 0.6005904332833584 0.3240293523238381 5.7427942090909066e-05 
13.3 0.9978137764574392 0.6233482898550724 0.24889483858070963 5.972203745454545e-05 
13.4 0.9978152896544437 0.6369005217391305 0.17217671414292857 6.208574836363639e-05 
13.5 0.997816771076277 0.6411110529735132 0.09591740979510247 6.448694427272729e-05 
13.6 0.997818253523729 0.6361911659170416 0.02031952823588209 6.695078836363636e-05 
13.7 0.9978196826429787 0.622645083958021 -0.05201872813593203 6.944341336363638e-05 
13.8 0.9978210911668821 0.6008643848075963 -0.12122676111944028 7.198159527272723e-05 
13.9 0.9978224784808304 0.5707338020989506 -0.18755183608195905 7.462848109090909e-05 
14.0 0.9978238570434981 0.5342851879060471 -0.24724770664667667 7.726806109090913e-05 
14.1 0.997825190908411 0.49145987256371815 -0.3014000829585207 7.997219345454547e-05 
14.2 0.9978265154696334 0.4436372548725637 -0.3487543298350825 8.270383527272724e-05 
14.3 0.9978278140620643 0.3907849255372314 -0.38965641779110444 8.552964027272725e-05 
14.4 0.9978290878487349 0.3352297031484258 -0.4226925262368816 8.836363636363635e-05 
14.5 0.9978303548921391 0.27703266766616697 -0.4483040909545227 9.125379927272728e-05 
14.6 0.9978315888172031 0.2172696751624188 -0.46626331484257877 9.421074436363637e-05 
14.7 0.9978328084875371 0.15787004697651177 -0.4764323748125937 9.717364800000003e-05 
14.8 0.9978339889942016 0.09792393003498251 -0.47922247726136924 0.00010024515927272728 
14.9 0.9978351744607911 0.03963317191404297 -0.4746731124437781 0.00010336446109090906 
15.0 0.997836339078517 -0.015096287356321899 -0.46351193303348326 0.00010646688109090914 
15.1 0.9978374640845097 -0.06820352273863073 -0.44560402898550727 0.00010970267345454552 
15.2 0.9978385822150619 -0.11675791754122941 -0.4221091264367816 0.00011295360027272725 
15.3 0.9978396923495129 -0.16028215792103948 -0.3939067511244378 0.00011621821336363639 
15.4 0.9978407832296972 -0.1990536866566717 -0.3613140514742629 0.00011952933409090913 
15.5 0.9978418605350062 -0.2328788255872064 -0.3247354172913543 0.0001229448610909091 
15.6 0.997842907810944 -0.2607824327836082 -0.28566173213393303 0.00012638501700000003 
15.7 0.9978439555023421 -0.28263733483258374 -0.2451559420289855 0.0001298250338181818 
15.8 0.9978449568348833 -0.29892239180409785 -0.20304593853073463 0.0001333474210909091 
15.9 0.9978459818609564 -0.30949742428785604 -0.16005390604697647 0.0001369780693636364 
16.0 0.9978469635587479 -0.31425806596701655 -0.11801711294352818 0.00014060793709090908 
16.1 0.9978479321725591 -0.31363974212893553 -0.07730022138930533 0.00014427272727272726 
16.2 0.9978488893333343 -0.3079191994002998 -0.03792565567216391 0.000148035492 
16.3 0.997849829878285 -0.2975582818590705 -0.001147839080459832 0.00015183382500000002 
16.4 0.997850771150782 -0.28312315742128935 0.032513256871564165 0.0001556542090909091 
16.5 0.9978516959621707 -0.26536320239880057 0.06245618990504747 0.0001594824883636363 
16.6 0.9978525988560634 -0.24441651174412793 0.08908747626186903 0.00016341067745454538 
16.7 0.9978534991221584 -0.2210231549225387 0.11182208395802093 0.00016741368436363636 
16.8 0.9978543478525568 -0.19561187956021991 0.13057830484757615 0.0001714924843636364 
16.9 0.997855229681259 -0.16980595252373817 0.14468895102448776 0.00017552349845454537 
17.0 0.9978560747431524 -0.1432480404797601 0.15482681809095455 0.0001796433340909091 
17.1 0.9978569236012813 -0.11650252223888057 0.16096964767616187 0.00018388176981818177 
17.2 0.9978577412955745 -0.09079715342328842 0.16316254072963518 0.00018811231881818175 
17.3 0.9978585634710609 -0.06662250624687652 0.16181445977011494 0.00019233303709090914 
17.4 0.997859374561116 -0.04346560719640176 0.15712617741129437 0.00019673240836363647 
17.5 0.9978601621686721 -0.022852284357821114 0.149672980009995 0.00020109264981818187 
17.6 0.9978609493727152 -0.004426658170914557 0.13969519890054977 0.00020554560245454557 
17.7 0.9978617170723942 0.011066305847076416 0.12795260919540233 0.00020998677381818185 
17.8 0.9978624768191053 0.02382070714642681 0.11472960969515243 0.0002144907098181819 
17.9 0.9978632280125688 0.033787332833583233 0.100380107946027 0.0002191042734545454 
18.0 0.9978639574937173 0.04075209395302349 0.08563492753623186 0.0002237513042727272 
18.1 0.9978646935125535 0.04477636781609192 0.07120723188405802 0.00022835238981818186 
18.2 0.9978654021369076 0.046156258870564695 0.056971242378810655 0.0002330959704545454 
18.3 0.997866100384937 0.04499540129935033 0.043697559220389794 0.00023787220609090912 
18.4 0.9978668209438324 0.04154372113943031 0.03165064267866065 0.00024271315200000008 
18.5 0.9978675041743043 0.03613932533733134 0.021259308845577234 0.0002476028620909091 
18.6 0.997868177511757 0.029101902548725644 0.012718197401299355 0.00025254133636363633 
18.7 0.9978688548541492 0.020733978510744593 0.006206661669165479 0.00025759562427272743 
18.8 0.9978695075292373 0.011720379810094914 0.0020368065967016472 0.0002625984272727273 
18.9 0.9978701634359604 0.002266878060969487 0.00011936281859068932 0.00026768352027272725 
19.0 0.9978708077637196 -0.0071928715642179016 0.000484684657671135 0.00027283462936363625 
19.1 0.9978714499917714 -0.016113734632683688 0.003028147926037012 0.00027796517045454536 
19.2 0.9978720714144235 -0.024262633183408315 0.007630379810094929 0.00028316107745454547 
19.3 0.9978726837342049 -0.03134328235882061 0.014197596201899065 0.00028849379345454536 
19.4 0.9978732909655657 -0.03684898050974512 0.022309140929535277 0.000293804641090909 
19.5 0.9978738905127935 -0.040625471264367836 0.03178853373313341 0.00029918199299999997 
19.6 0.9978744905014187 -0.04243407746126934 0.04232071814092954 0.00030462633845454543 
19.7 0.9978750646155116 -0.04210890654672662 0.05338287356321838 0.0003100645974545455 
19.8 0.9978756522190818 -0.03954387606196899 0.06482918540729636 0.0003156251893636364 
19.9 0.9978762242779481 -0.03462093503248377 0.07628375762118939 0.00032129136245454546 