0.05 0.987715586814814 0.24179996657142855 -0.8755439234285713 4.036081000000001e-06 
0.1 0.9872120451091773 -0.5956385144285714 -0.35157334357142866 1.6200625000000004e-05 
0.15000000000000002 0.9866988900083691 -0.2875474392857143 0.27597051542857143 3.6566208999999994e-05 
0.2 0.9861742829993494 0.05382499557142861 0.09378981571428573 6.522177600000001e-05 
0.25 0.9856353834395905 0.43381664257142855 -0.8217106497142858 2.852720999999999e-06 
0.3 0.9850722101194346 -0.5432261891428571 -0.48527412414285714 1.3897983999999996e-05 
0.35000000000000003 0.9844911849474179 -0.3703738022857143 0.23414457385714285 3.337372900000001e-05 
0.4 0.9839032620338035 0.04885419614285716 0.1313694378571428 6.130890000000001e-05 
0.45 0.9832975005159048 0.5700666128571429 -0.749803364 2.0880249999999994e-06 
0.5 0.9826411891713885 -0.4852340431428571 -0.5728593997142857 1.2475024e-05 
0.55 0.9819857049376831 -0.40586511457142854 0.21762928528571426 3.15844e-05 
0.6000000000000001 0.9813193788797513 0.043913966428571385 0.14762855171428568 5.966017599999998e-05 
0.6500000000000001 0.9806394184441551 0.6139582861428571 -0.7173204502857143 1.8414489999999997e-06 
0.7000000000000001 0.9799227345462819 -0.4729089557142857 -0.5877352280000001 1.2145224999999997e-05 
0.7500000000000001 0.9791870134310955 -0.4005829427142857 0.21933344814285713 3.1775769000000004e-05 
0.8 0.9784275892074908 0.04704786828571423 0.13394376171428574 6.101172099999999e-05 
0.8500000000000001 0.9776929717215541 0.5581170732857142 -0.7507392641428572 2.1432959999999998e-06 
0.9000000000000001 0.9768605911626268 -0.5248418002857143 -0.504168155 1.3571856000000004e-05 
0.9500000000000001 0.9760267101805093 -0.31766156942857143 0.2636219005714286 3.5070084000000005e-05 
1.0 0.975197117359878 0.052612460714285686 0.07936382928571432 6.671622400000003e-05 
1.05 0.9743316024873929 0.3078105512857142 -0.8497008665714286 3.629024999999999e-06 
1.1 0.9734182892890483 -0.6024009598571429 -0.2625692692857143 1.7749369e-05 
1.1500000000000001 0.9724680269368341 -0.14058836142857145 0.2830613924285714 4.3112355999999983e-05 
1.2000000000000002 0.9715615233096507 0.9595955215714286 -0.13632255985714287 1.1764900000000001e-07 
1.2500000000000002 0.9705119300322411 -0.1890296668571429 -0.8028240517142858 7.711728999999999e-06 
1.3 0.9694980219027344 -0.5006023652857142 0.11691704885714288 2.719622500000001e-05 
1.35 0.9684466565308575 0.04365679971428569 0.14924901957142855 5.9259204e-05 
1.4000000000000001 0.9673347458193706 0.4729604907142857 -0.7834127527142856 2.6895999999999996e-06 
1.4500000000000002 0.9662018349920218 -0.5934472047142856 -0.27020230385714283 1.7757795999999997e-05 
1.5000000000000002 0.9649740418695001 -0.0715624677142857 0.2588990272857143 4.7306884000000016e-05 
1.55 0.9638104552730095 0.8006905525714285 -0.5066861902857144 8.317440000000001e-07 
1.6 0.9625314181233317 -0.5092883597142858 -0.5086917001428571 1.3410244e-05 
1.6500000000000001 0.9612035055265927 -0.16322953857142866 0.28075623457142856 4.200336099999999e-05 
1.7000000000000002 0.9598754510534343 0.8597259494285714 -0.4051452751428572 4.844160000000002e-07 
1.7500000000000002 0.9583616163449963 -0.5282411468571429 -0.47562720914285717 1.3764099999999998e-05 
1.8 0.9568199566298264 -0.08555736542857144 0.2655112915714286 4.609052100000001e-05 
1.85 0.9552382476300405 0.6374970345714285 -0.6681240278571429 1.6460890000000005e-06 
1.9000000000000001 0.9536034169985436 -0.5872001189999999 -0.13260151857142852 2.0484675999999995e-05 
1.9500000000000002 0.9519269596365957 0.04894116128571422 0.12025995171428575 6.2015625e-05 
2.0 0.9501208754606921 -0.12529202757142857 -0.8074917437142857 7.160975999999997e-06 
2.05 0.9480235958096745 -0.172082206 0.2805793445714285 4.1203561e-05 
2.1 0.9460324770386414 0.5101567197142858 -0.7448413525714285 2.2710490000000002e-06 
2.15 0.9438332242742623 -0.40882056357142865 0.19835282657142858 3.0669443999999995e-05 
2.1999999999999997 0.9415330592213546 0.734415962857143 -0.5571928054285714 1.0302250000000004e-06 
2.25 0.9388513238524155 -0.38579872971428564 0.21107611728571427 3.162937599999999e-05 
2.3 0.9361527192587585 0.4592721768571429 -0.7554099642857143 2.772224999999999e-06 
2.35 0.9330036537779117 -0.028902465000000054 0.251007854 4.801104099999999e-05 
2.4 0.9296139144605978 -0.3280903108571429 -0.5869519145714286 1.4845608999999997e-05 
2.45 0.9259392858538774 0.623334693142857 -0.6424054905714286 1.6460890000000005e-06 
2.5 0.9212515121012846 0.03429672128571428 0.02788842142857142 7.334209600000003e-05 
2.55 0.9160312232131953 0.04894810299999998 0.09789110485714286 6.401600099999997e-05 
2.6 0.9096273099443402 0.8989437244285714 -0.12875051371428572 8.1225e-08 
2.65 0.8999806775239093 -0.4587254841428572 0.11575872328571431 2.7510025000000004e-05 
2.7 0.8808093693397947 -0.4120778161428571 0.16119818071428574 2.9160000000000012e-05 
2.75 0.7614838052853232 0.0012039605714285716 0.0009150144285714284 11.896376155355558 
2.8 0.6458323687419613 0.0009822524285714293 -0.0010753698571428563 47.212702403489715 
2.85 0.2964927182651358 0.0015667967142857136 -0.0012389852857142849 46.32222207776116 
2.9 0.8767883120940593 -0.0057786199999999895 -0.026917466714285705 0.0036897120489999984 
2.95 0.37560138945553795 -0.00035678414285714367 0.0011319781428571428 42.4438058568868 
3.0 0.963547967893503 -0.0012702315714285726 -0.004994230999999999 0.0815787844 
3.05 0.9456087951994294 -0.0036062450000000005 0.0020581004285714307 0.121416705601 
3.1 0.3064953727808963 -0.0005326641428571422 0.0018447211428571433 3010.355910041779 
3.15 0.8633805949271217 0.0006401951428571446 -0.00033240000000000033 0.6102259426228521 
3.2 0.7398761341953437 0.0004987497142857153 -0.0004068867142857146 19.790655896663704 
3.25 0.7422297719315809 0.0035311411428571426 0.0023814797142857145 13.58170203090783 
3.3 0.9771693617166896 0.0031081689999999974 -0.00666434442857143 0.036097340049 
3.35 0.6397119480973023 0.0009386224285714278 -0.0009720485714285714 2100.3049312166377 
3.4 0.3972710390534716 -0.0002727279999999996 0.0001702857142857129 42.49276625232889 
3.45 0.8205842321429915 0.0016067542857142853 0.00035801614285714377 10.252189764716753 
3.5 0.3015502827733479 -0.0004200888571428563 -0.005495395285714286 35.97800220294451 
3.55 0.2894663347223806 -0.004253398714285712 0.0004123324285714293 123.87782347891456 
3.6 0.2709456791343443 -0.1102537217142857 -0.011082635857142857 60523.28819718938 
3.65 0.866101689089161 -0.000883760571428571 0.0008315645714285715 3.7106894792250014 
3.7 0.4318498651271888 -0.10647314685714286 -0.010252701999999999 31.432507834778082 
3.75 0.42932193633111865 0.11201132342857142 0.005691222 32.65884362676239 
3.8 0.33158157076507816 -0.005149725571428569 0.002155160428571428 46.95867887934402 
3.85 0.3167740594925587 0.0010643734285714272 0.0008669079999999991 460.73914546829536 
3.9 0.8162045376011133 0.00020666414285714428 -0.0008592575714285713 10.576121538442397 
3.95 0.6543032959363424 0.0006517554285714284 -0.0006000802857142851 15.241741183659649 
4.0 0.9437181972167169 -0.0011185259999999958 0.00020386100000000136 0.06792174192400002 
4.05 0.38348794869222436 0.0013825302857142867 0.0021112428571428577 37.698658880894385 
4.1 0.8823576732468034 -0.0007287221428571425 -0.0001498100000000007 6.131891304560174 
4.15 0.3812088309283951 0.005203720142857141 0.00244879585714286 359.47313612598964 
4.2 0.4730657813393973 -6.67837142857148e-05 -0.00024332700000000035 164.87610697036502 
4.25 0.500161947463746 0.000530285571428571 0.0002589464285714273 22.009358634853594 
4.3 0.415046390028936 -0.004793347000000004 -0.003728078999999996 29.05286846995556 
4.35 0.6071581713028426 -0.00034982528571428617 0.0025620572857142847 6413760.012711071 
4.4 0.6579517169715015 0.0014171599999999985 0.0053895452857142855 26.436163522426828 
4.45 0.4300502339829712 -0.000574742999999999 -0.001513038142857141 56.583405715918346 
4.5 0.4985169808264738 0.004188464571428572 0.004901801571428572 23.789622977714203 
4.55 0.8538041555557716 -0.0001278508571428567 -0.00041041928571428554 22.784777715110735 
4.6 0.3751577910684343 0.0009408737142857152 -0.0017127568571428573 78.56265199439281 
4.65 0.3442901686935483 -0.07386294642857143 0.005970311285714282 247.75257056507454 
4.7 0.3362371437654817 -0.0012444502857142895 0.09156489100000001 44.342490350671795 
4.75 0.3491259937577299 0.000365278142857142 0.0010441372857142894 85.07545624186007 
4.8 0.26298657957914856 0.0012307450000000012 0.0005844170000000009 832.2779289868889 
4.8500000000000005 0.3836073906823537 0.0008076415714285728 -0.001701234428571426 90.22115899660304 
4.9 0.9622544530522785 0.00017972514285714367 -4.295228571428617e-05 3.002238893809 
4.95 0.6582804904855802 -0.00023514014285714278 -0.00014046285714285726 22.9192846672587 
5.0 0.3479827557213604 -0.02181399928571429 -0.0075221288571428605 45.359361341804814 
5.05 0.44050744386405416 -0.10950948857142857 0.019672168428571425 4445.359967760577 
5.1000000000000005 0.619658974445845 -0.0013167777142857147 -0.0014853494285714307 26.505871096382837 
5.15 0.6691367283792516 4.7419000000000415e-05 -0.0008154075714285719 20.32104790078966 
5.2 0.8453824758410566 -0.00011201328571428527 0.00023375242857142858 11.328633773790523 
5.25 0.5681743215437322 0.007605607 0.0012207914285714285 43.8033875395645 
5.3 0.8493834065824878 -2.8009428571428074e-05 0.0005153374285714291 4.531133793316 
5.3500000000000005 0.31331806122566097 0.11081111314285713 0.007986026857142855 45.27496916301337 
5.4 0.9675710525782875 -0.0003510247142857484 -0.001352794000000001 0.0012853659040000002 
5.45 0.4604784295644035 0.00013114228571428638 0.00034220671428571387 1944.7625835483138 
5.5 0.6130367687747017 0.003431789999999999 -0.0007586341428571412 19.917758090467565 
5.55 0.3269124197898782 0.0013528339999999979 0.0010379698571428564 47.305486544595574 
5.6000000000000005 0.4542259986544996 0.0005350224285714289 -4.159785714285702e-05 49617.85621854672 
5.65 0.43445800225874 0.00026933571428571466 -0.014258803999999998 39.443235013212245 
5.7 0.45939229227215006 -0.09058732557142857 -0.07159261657142857 39.579196714978515 
5.75 0.6619489437391921 -0.0008284298571428564 0.0010994624285714264 4.141129344694006 
5.8 0.3042303433526001 0.0018129521428571418 -0.0015158790000000001 47.40095993076712 
5.8500000000000005 0.342247691317327 -0.004365797571428572 0.02306049357142858 52.52967123607265 
5.9 0.6400831420303896 0.014115326285714287 -0.00015472057142857257 26.026966105173823 
5.95 0.3977825824591646 -0.009521073142857136 0.008170543571428573 35.75584742369676 
6.0 0.3492880825772568 0.005992812285714287 -0.011787095857142858 52.65060985072195 
6.05 0.9366265963810682 0.00043374128571428575 0.0008004452857142855 7.913520357604002 
6.1000000000000005 0.433692292902537 -0.0003012165714285713 6.324671428571448e-05 632797.2097696264 
6.15 0.41663173291805844 -2.373128571428497e-05 -0.0016022810000000014 31044.789077598693 
6.2 0.9330725515934846 0.02070883685714288 -0.0014767724285714263 0.0027719172009999997 
6.25 0.5292573074226278 0.00047904142857142925 -6.211042857142867e-05 53.97857113566835 
6.3 0.40829284239999986 0.0018350735714285692 0.004775462285714288 33.466098339880816 
6.3500000000000005 0.7647338995499037 -3.690857142857165e-05 0.0001557758571428568 108.12095511309407 
6.4 0.5210895440032671 0.00045227500000000073 0.0011056621428571427 48.724417209403384 
6.45 0.2766745171304511 -0.0007855864285714306 0.002586806142857143 1195838.4649632855 
6.5 0.3981791613373182 -0.005129369428571426 -0.0016871878571428597 25.229483443352063 
6.55 0.42453945390232445 -0.00047632057142857185 0.0011229195714285722 86.9476034886153 
6.6000000000000005 0.46661660542818345 -0.001011633142857143 0.0009819165714285713 36.09837939597561 
6.65 0.857941160903641 -3.0109285714284885e-05 3.879285714285593e-06 36.34663993029245 
6.7 0.42713681963627936 -0.0008628611428571421 -0.0029713151428571436 174.94407545709092 
6.75 0.27146458864966944 -0.0011581612857142838 -0.0065649177142857165 379.54904389878556 
6.8 0.4860210687055808 -0.0020545632857142866 0.003964895142857142 24.89230561238736 
6.8500000000000005 0.8538215731294302 -7.074514285714265e-05 6.512728571428543e-05 39.16251883802425 
6.9 0.4364970959580884 0.0014273644285714288 -0.00131447914285714 52.352093720747874 
6.95 0.7912217853880165 -4.650771428571535e-05 -0.0005721967142857136 15.855391897645662 
7.0 0.3277982590952849 0.10769954985714285 -0.01614632971428571 62.51103067039775 
7.05 0.43396378465606517 0.0004838355714285752 0.005972834999999995 40.939343298698994 
7.1000000000000005 0.29827697243963747 0.0002859878571428562 0.0016627614285714286 47.56558830994913 
7.15 0.35011355441281006 0.0026733617142857143 -0.007677934857142856 50.77290784412676 
7.2 0.8859131816592287 0.0010103327142857142 -0.0003854144285714286 2.0679734220249992 
7.25 0.7052797731235951 -0.009099640142857147 0.017111171999999997 18.15325127352914 
7.3 0.5468743159004464 0.0004732371428571424 0.0008367151428571431 30.331236204826943 
7.3500000000000005 0.5584463807688106 0.0005863308571428575 1.0951714285714224e-05 135.09981397404164 
7.4 0.35050276503981553 0.0013267954285714246 0.001091852714285716 46.27982859324923 
7.45 0.5978556360249954 -0.00034108757142857217 -0.0014296357142857146 19.710700397534033 
7.5 0.5334267125078658 -0.000655771428571428 0.0005357125714285734 23.303382150032448 
7.55 0.2822930459436108 0.004728123857142856 -0.0023357067142857142 47.99004958756237 
7.6000000000000005 0.3239574981171345 0.0018888112857142838 0.01843223714285714 47.971917641905186 
7.65 0.7005053922699869 -0.00016965071428571405 0.00011060628571428532 24.444089301669173 
7.7 0.29143451192612446 -0.0018437179999999996 0.005526135714285713 63.235789010267375 
7.75 0.7766749907550222 0.00013672685714285788 0.00026606442857142845 13.631399067445164 
7.8 0.303103505165665 0.002425466857142856 0.0017637239999999973 148.79061021520994 
7.8500000000000005 0.6390818115974565 -0.00015796242857142622 -0.0022517349999999986 11.455930606558228 
7.9 0.2685611346013326 -0.0010956565714285774 -0.009124544142857145 48.25731404848216 
7.95 0.29725911210347383 -0.0021460681428571425 -0.0012268839999999988 50.301684636103126 
8.0 0.6441847058570438 0.0003392160000000027 -0.00013101057142857154 72.594054682491 
8.05 0.5820315474531284 0.00024133185714285676 1.2291571428571133e-05 12298.227534166164 
8.100000000000001 0.8174411324963964 0.00041608614285714265 0.00043243628571428596 26.937371465196097 
8.15 0.5008018734563076 -0.008064316142857141 -0.003103697571428569 11.270531049370339 
8.200000000000001 0.3333589570143784 -0.00016849500000000006 0.011190146714285715 78.7590950431272 
8.250000000000002 0.5965749862781422 -0.00024094885714285723 0.0005151369999999995 32.45063686080452 
8.3 0.44885808093514845 -9.299700000000067e-05 0.0009627314285714278 44.14852737362202 
8.350000000000001 0.4524559088567097 0.007771880857142849 -0.013164934428571433 42.04974120913416 
8.4 0.330045687201697 -0.0017554404285714306 -0.001048094571428573 44.05412643684233 
8.450000000000001 0.33449727455159933 0.001407662857142854 -4.414928571428435e-05 47.35452304209027 
8.500000000000002 0.35200833921264046 0.11290572957142858 0.025437728142857143 429.9610244131098 
8.55 0.3280534406792615 0.007593062714285715 -0.0006615815714285753 54.20335777794653 
8.600000000000001 0.34213874107770537 0.0026684837142857175 -0.0987005677142857 45.19374618990882 
8.65 0.40797109021700284 -0.0016364111428571425 -0.003921574428571428 32.60362805132962 
8.700000000000001 0.5484464049352262 -0.0008475665714285725 0.02281274842857143 29.410830395577815 
8.750000000000002 0.3015850671058212 -0.0008389325714285697 0.10086646871428571 211.32712730588995 
8.8 0.44350939915808446 0.0012687295714285715 -0.001558314142857142 24762.756110703438 
8.850000000000001 0.2995447956114936 -0.0009837644285714258 -0.001378352285714284 129.71407874160096 
8.9 0.35865255411715297 0.0002718262857142848 0.0008590662857142859 46.86156741138458 
8.950000000000001 0.3393924148104851 -0.00014847614285714273 0.0013279880000000004 32.62320033091489 
9.000000000000002 0.33923437396039285 -0.10640263299999998 0.027762872857142858 45.97176434471388 
9.05 0.29451997249669604 0.003609426142857144 0.0003517772857142875 45.992730157878846 
9.100000000000001 0.7577783080995474 3.0147999999999888e-05 0.00011159885714285723 209.0678923270582 
9.15 0.293080487405252 0.0026144348571428572 -0.0009062039999999979 48.66447768639077 
9.200000000000001 0.9291958628282818 0.0011522489999999997 -0.0004894359999999998 0.9371246747040001 
9.250000000000002 0.6356443995539983 3.173285714285726e-05 -9.824985714285736e-05 21.8883172565142 
9.3 0.2751102039754835 0.0008463702857142858 -0.0016414172857142871 75.21208376054098 
9.350000000000001 0.5101259469778727 0.0003145272857142857 -2.1377000000000202e-05 28.63496339988257 
9.4 0.31265660780214716 0.027878385142857138 -0.016428507714285716 45.29701208321922 
9.450000000000001 0.3616674798264294 0.0005714498571428577 0.0016013822857142855 87.06334235313933 
9.500000000000002 0.30331256521204797 0.008812367857142858 -0.008618937857142857 53.7567259075153 
9.55 0.5639164611606454 -0.00010322114285714333 3.918714285713839e-06 33.82837704634951 
9.600000000000001 0.44574228168702157 -8.560971428571395e-05 -0.00032189199999999995 160156.01244248275 
9.650000000000002 0.5961546091263912 -4.419371428571418e-05 0.0005333134285714276 39.16937388474671 
9.700000000000001 0.7897805316594391 6.88548571428571e-05 0.0001299747142857146 33.98463215732976 
9.750000000000002 0.5996338491119418 -0.0013386872857142852 -2.79230000000003e-05 26.712394697534574 
9.8 0.4875669542626397 0.05229062385714285 -0.07604108828571429 58.68583783270635 
9.850000000000001 0.3650624634329058 -0.022441962714285706 -0.0015098917142857167 47.8981473815182 
9.900000000000002 0.3378639852284658 0.0013560517142857133 4.330942857143073e-05 45.5200178242501 
9.950000000000001 0.2955153794586696 0.000808786714285714 0.001374346857142857 47.482360117090145 
