3 6 6 
K 
0 1 79.92164833614555 
0 2 53.31418905859872 
1 0 295.21058854163755 
1 2 109.36642557349272 
2 0 418.72007619444315 
2 1 232.53990819613068 
P 
0 1.0 -35.98768610399426 -35.98768610399426 
1 1.0 0.8032946643188089 0.8032946643188089 
2 1.0 7.936207589016117 7.936207589016117 
Alfa 
0 1.0575296108291032 
1 3.90625 
2 8.305647840531561 
Gamma 
0 1 -0.2799199055875532 
0 2 -0.28051941500185196 
1 0 -0.2799199055875532 
1 2 -0.2858707517739594 
2 0 -0.28051941500185196 
2 1 -0.2858707517739594 
