12 24 12 
K 
0 3 134.92557115253808 
1 4 254.13587518077813 
2 5 350.097707534246 
3 0 127.58562008184002 
3 6 891.4723744986925 
4 1 65.0587840462792 
4 9 829.2210018798089 
5 2 42.15176398712322 
5 11 890.7914788944452 
6 3 891.4723744986925 
6 7 574.5399576896265 
6 8 535.3857349322064 
7 6 574.5399576896265 
7 9 302.3464655573584 
8 6 535.3857349322066 
8 11 291.94551898134216 
9 4 829.2210018798089 
9 7 302.34646555735844 
9 10 704.5839968290227 
10 9 704.5839968290228 
10 11 506.9067785693719 
11 5 890.7914788944452 
11 8 291.94551898134216 
11 10 506.9067785693719 
P 
0 1.0 5.661245644793789 5.661245644793789 
1 1.0 48.007462737669016 48.007462737669016 
2 1.0 53.22964296780048 53.22964296780048 
3 0.0 -0.0 -0.0 
4 0.0 -0.0 -0.0 
5 0.0 -0.0 -0.0 
6 0.0 -167.62334398807826 -167.62334398807826 
7 0.0 -131.21516492170545 -131.21516492170545 
8 0.0 -166.39654091698534 -166.39654091698534 
9 0.0 -144.80414314444354 -144.80414314444354 
10 0.0 -147.65244614386268 -147.65244614386268 
11 0.0 -127.64678539355211 -127.64678539355211 
Alfa 
0 1.0575296108291032 
1 3.90625 
2 8.305647840531561 
3 0.0 
4 0.0 
5 0.0 
6 0.0 
7 0.0 
8 0.0 
9 0.0 
10 0.0 
11 0.0 
Gamma 
6 7 0.11710874456686438 
6 8 0.18272156076209756 
7 6 0.11710874456686438 
7 9 0.19620081728811645 
8 6 0.18272156076209756 
8 11 0.22550963518842404 
9 7 0.19620081728811645 
9 10 0.11751164543144554 
10 9 0.11751164543144554 
10 11 0.11751164543144554 
11 8 0.22550963518842404 
11 10 0.11751164543144554 
