12 24 12 
K 
0 3 134.92557115253808 
1 4 254.13587518077813 
2 5 350.097707534246 
3 0 127.58562008184002 
3 6 1356.58839597627 
4 1 65.0587840462792 
4 9 1261.858046338839 
5 2 42.15176398712322 
5 11 1355.552250491546 
6 3 1356.58839597627 
6 7 874.2999356146487 
6 8 814.7174227229224 
7 6 874.2999356146487 
7 9 460.09244758728414 
8 6 814.7174227229224 
8 11 444.2649201889986 
9 4 1261.858046338839 
9 7 460.09244758728414 
9 10 1072.19303865286 
10 9 1072.19303865286 
10 11 771.3798804316525 
11 5 1355.552250491546 
11 8 444.2649201889986 
11 10 771.3798804316524 
P 
0 1.0 5.661245644793789 5.661245644793789 
1 1.0 48.007462737669016 48.007462737669016 
2 1.0 53.22964296780048 53.22964296780048 
3 0.0 -0.0 -0.0 
4 0.0 -0.0 -0.0 
5 0.0 -0.0 -0.0 
6 0.0 -255.0790017209885 -255.0790017209885 
7 0.0 -194.75797551001975 -194.75797551001975 
8 0.0 -249.67168915275798 -249.67168915275798 
9 0.0 -220.35413087197918 -220.35413087197918 
10 0.0 -220.75468463529583 -220.75468463529583 
11 0.0 -194.24510820757914 -194.24510820757914 
Alfa 
0 1.0575296108291032 
1 3.90625 
2 8.305647840531561 
3 0.0 
4 0.0 
5 0.0 
6 0.0 
7 0.0 
8 0.0 
9 0.0 
10 0.0 
11 0.0 
Gamma 
6 7 0.11710874456686438 
6 8 0.18272156076209756 
7 6 0.11710874456686438 
7 9 0.19620081728811645 
8 6 0.18272156076209756 
8 11 0.22550963518842404 
9 7 0.19620081728811645 
9 10 0.11751164543144554 
10 9 0.11751164543144554 
10 11 0.11751164543144554 
11 8 0.22550963518842404 
11 10 0.11751164543144554 
