12 24 12 
K 
0 3 134.92557115253808 
1 4 254.13587518077813 
2 5 350.097707534246 
3 0 127.58562008184002 
3 6 1666.6657436279886 
4 1 65.0587840462792 
4 9 1550.2827426448584 
5 2 42.15176398712322 
5 11 1665.392764889613 
6 3 1666.6657436279886 
6 7 1074.1399208979963 
6 8 1000.9385479167327 
7 6 1074.1399208979963 
7 9 565.2564356072348 
8 6 1000.9385479167327 
8 11 545.8111876607695 
9 4 1550.2827426448584 
9 7 565.2564356072348 
9 10 1317.2657332020844 
10 9 1317.2657332020844 
10 11 947.6952816731728 
11 5 1665.392764889613 
11 8 545.8111876607695 
11 10 947.6952816731726 
P 
0 1.0 5.661245644793789 5.661245644793789 
1 1.0 48.007462737669016 48.007462737669016 
2 1.0 53.22964296780048 53.22964296780048 
3 0.0 -0.0 -0.0 
4 0.0 -0.0 -0.0 
5 0.0 -0.0 -0.0 
6 0.0 -313.3827735429286 -313.3827735429286 
7 0.0 -237.11984923556267 -237.11984923556267 
8 0.0 -305.1884546432732 -305.1884546432732 
9 0.0 -270.7207893570029 -270.7207893570029 
10 0.0 -269.48951029625124 -269.48951029625124 
11 0.0 -238.6439900835972 -238.6439900835972 
Alfa 
0 1.0575296108291032 
1 3.90625 
2 8.305647840531561 
3 0.0 
4 0.0 
5 0.0 
6 0.0 
7 0.0 
8 0.0 
9 0.0 
10 0.0 
11 0.0 
Gamma 
6 7 0.11710874456686438 
6 8 0.18272156076209756 
7 6 0.11710874456686438 
7 9 0.19620081728811645 
8 6 0.18272156076209756 
8 11 0.22550963518842404 
9 7 0.19620081728811645 
9 10 0.11751164543144554 
10 9 0.11751164543144554 
10 11 0.11751164543144554 
11 8 0.22550963518842404 
11 10 0.11751164543144554 
