9 72 72 
K 
0 1 15.372540313267343 
0 2 11.028927202818744 
0 3 3.5622026751075784 
0 4 15.009827371021107 
0 5 10.530733966528775 
0 6 2.031531063457599 
0 7 9.298465089765449 
0 8 2.1584436880478313 
1 0 56.78232078213124 
1 2 28.800934663666865 
1 3 4.195222838391089 
1 4 28.340877735022907 
1 5 16.081931133425066 
1 6 8.697838867704398 
1 7 33.13292256113005 
1 8 5.6365587052548225 
2 0 86.61921563941365 
2 1 61.23786772341126 
2 3 6.3996488112607155 
2 4 34.51081224472733 
2 5 30.94189715913395 
2 6 8.092782845568324 
2 7 47.0750723849872 
2 8 14.027107694093427 
3 0 842.1047123954314 
3 1 268.4942616570297 
3 2 192.62942921894754 
3 4 262.15917704269293 
3 5 183.92806806364405 
3 6 35.482387543040716 
3 7 162.4054624638422 
3 8 37.699022577973835 
4 0 70.9664638101878 
4 1 36.276323500829335 
4 2 20.775508971325863 
4 3 5.243183540853861 
4 5 16.55820286757128 
4 6 4.7940338134203895 
4 7 20.039729779530713 
4 8 4.06592276660223 
5 0 69.15181971353898 
5 1 28.590099792755666 
5 2 25.870864013609218 
5 3 5.10911300176789 
5 4 22.99750398273789 
5 6 3.77827442001945 
5 7 19.232917624454288 
5 8 5.063121925425979 
6 0 480.25394340137615 
6 1 556.6616875330812 
6 2 243.59276365160648 
6 3 35.482387543040716 
6 4 239.70169067101938 
6 5 136.01787912070023 
6 7 280.2318837486215 
6 8 47.672928970241024 
7 0 54.953928680513805 
7 1 53.0126760978081 
7 2 35.42399196970287 
7 3 4.060136561596057 
7 4 25.049662224413385 
7 5 17.309625862008865 
7 6 7.00579709371554 
7 8 6.93274064343453 
8 0 510.25608785450714 
8 1 360.7397571363085 
8 2 422.2159415922121 
8 3 37.699022577973835 
8 4 203.29613833011143 
8 5 182.27238931533523 
8 6 47.672928970241045 
8 7 277.30962573738117 
P 
0 1.0 4.156110150456834 4.156110150456834 
1 1.0 45.059735022279895 45.059735022279895 
2 1.0 49.006869898256134 49.006869898256134 
3 0.0 -1.9422577387561137 -1.9422577387561137 
4 0.0 -48.9363612665513 -48.9363612665513 
5 0.0 -49.00788567972602 -49.00788567972602 
6 0.0 -3.294753987655261 -3.294753987655261 
7 0.0 -49.12058641746883 -49.12058641746883 
8 0.0 -4.868320301615217 -4.868320301615217 
Alfa 
0 1.0575296108291032 
1 3.90625 
2 8.305647840531561 
3 250.0 
4 5.0 
5 6.944444444444445 
6 250.0 
7 6.25 
8 250.0 
Gamma 
0 1 0.0487479425026458 
0 2 0.04952309531738708 
0 3 -0.031222626360403183 
0 4 -0.011731643172367523 
0 5 -0.007017488719948339 
0 6 0.0487479425026458 
0 7 0.05478989650741983 
0 8 0.0495230953173873 
1 0 0.0487479425026458 
1 2 -0.0072806050646119225 
1 3 0.0487479425026458 
1 4 0.02462881668691974 
1 5 0.03756239802102668 
1 6 -0.04480217849267132 
1 7 -0.027279725653397424 
1 8 -0.0072806050646117 
2 0 0.0495230953173873 
2 1 -0.0072806050646117 
2 3 0.0495230953173873 
2 4 0.0416877441492276 
2 5 0.008602529205954834 
2 6 -0.0072806050646117 
2 7 -0.030063520571813607 
2 8 -0.058950655088060744 
3 0 -0.031222626360403183 
3 1 0.0487479425026458 
3 2 0.04952309531738708 
3 4 -0.011731643172367523 
3 5 -0.007017488719948339 
3 6 0.048747942502646024 
3 7 0.05478989650741983 
3 8 0.0495230953173873 
4 0 -0.011731643172367523 
4 1 0.02462881668691974 
4 2 0.0416877441492276 
4 3 -0.011731643172367523 
4 5 0.010498082294882805 
4 6 0.02462881668691974 
4 7 0.03674445434924212 
4 8 0.0416877441492276 
5 0 -0.007017488719948339 
5 1 0.03756239802102668 
5 2 0.008602529205954834 
5 3 -0.007017488719948339 
5 4 0.010498082294882805 
5 6 0.03756239802102668 
5 7 0.02916014180571369 
5 8 0.008602529205954834 
6 0 0.0487479425026458 
6 1 -0.04480217849267132 
6 2 -0.0072806050646119225 
6 3 0.0487479425026458 
6 4 0.02462881668691974 
6 5 0.03756239802102668 
6 7 -0.027279725653397424 
6 8 -0.0072806050646117 
7 0 0.05478989650741983 
7 1 -0.027279725653397424 
7 2 -0.030063520571813607 
7 3 0.05478989650741983 
7 4 0.03674445434924212 
7 5 0.02916014180571369 
7 6 -0.027279725653397424 
7 8 -0.030063520571813607 
8 0 0.0495230953173873 
8 1 -0.0072806050646117 
8 2 -0.058950655088060744 
8 3 0.0495230953173873 
8 4 0.0416877441492276 
8 5 0.008602529205954834 
8 6 -0.0072806050646117 
8 7 -0.030063520571813607 
