12 24 12 
K 
0 3 134.92557115253808 
1 4 254.13587518077813 
2 5 350.097707534246 
3 0 127.58562008184002 
3 6 490.95580044855615 
4 1 65.0587840462792 
4 9 456.6724358178666 
5 2 42.15176398712322 
5 11 490.58081446360836 
6 3 490.95580044855615 
6 7 316.4133100319688 
6 8 294.85011489020116 
7 6 316.4133100319688 
7 9 166.50964769825566 
8 6 294.85011489020116 
8 11 160.781590163638 
9 4 456.6724358178666 
9 7 166.50964769825563 
9 10 388.03176636960734 
10 9 388.03176636960734 
10 11 279.16605196574153 
11 5 490.58081446360836 
11 8 160.781590163638 
11 10 279.16605196574153 
P 
0 1.0 5.661245644793789 5.661245644793789 
1 1.0 48.007462737669016 48.007462737669016 
2 1.0 53.22964296780048 53.22964296780048 
3 0.0 -0.0 -0.0 
4 0.0 -0.0 -0.0 
5 0.0 -0.0 -0.0 
6 0.0 -92.3143053847389 -92.3143053847389 
7 0.0 -76.49774469287922 -76.49774469287922 
8 0.0 -94.68738549173662 -94.68738549173662 
9 0.0 -79.74720926795457 -79.74720926795457 
10 0.0 -84.70329633179524 -84.70329633179524 
11 0.0 -70.29822963702883 -70.29822963702883 
Alfa 
0 1.0575296108291032 
1 3.90625 
2 8.305647840531561 
3 0.0 
4 0.0 
5 0.0 
6 0.0 
7 0.0 
8 0.0 
9 0.0 
10 0.0 
11 0.0 
Gamma 
6 7 0.11710874456686438 
6 8 0.18272156076209756 
7 6 0.11710874456686438 
7 9 0.19620081728811645 
8 6 0.18272156076209756 
8 11 0.22550963518842404 
9 7 0.19620081728811645 
9 10 0.11751164543144554 
10 9 0.11751164543144554 
10 11 0.11751164543144554 
11 8 0.22550963518842404 
11 10 0.11751164543144554 
