3 6 6 
K 
0 1 92.82242843786183 
0 2 61.78828591210453 
1 0 342.8628450423522 
1 2 125.67388563062059 
2 0 485.27411261201036 
2 1 267.2135774205887 
P 
0 1.0 -49.38337077032738 -49.38337077032738 
1 1.0 -13.440603508016693 -13.440603508016693 
2 1.0 -5.32077105585156 -5.32077105585156 
Alfa 
0 1.0575296108291032 
1 3.90625 
2 8.305647840531561 
Gamma 
0 1 -0.32161745020008703 
0 2 -0.3223362868727089 
1 0 -0.3216174502000868 
1 2 -0.3267293144119625 
2 0 -0.3223362868727089 
2 1 -0.3267293144119625 
