3 6 6 
K 
0 1 30.25327354349717 
0 2 21.270873489869885 
1 0 111.74802915129267 
1 2 52.60068901249899 
2 0 167.05762435233362 
2 1 111.84199657142645 
P 
0 1.0 -5.139184158744329 -5.139184158744329 
1 1.0 32.35142012003213 32.35142012003213 
2 1.0 36.013770212565845 36.013770212565845 
Alfa 
0 1.0575296108291032 
1 3.90625 
2 8.305647840531561 
Gamma 
0 1 -0.15256427148959228 
0 2 -0.14931571952100953 
1 0 -0.15256427148959228 
1 2 -0.17044067916546757 
2 0 -0.14931571952100953 
2 1 -0.17044067916546757 
