12 24 12 
K 
0 3 134.92557115253808 
1 4 254.13587518077813 
2 5 350.097707534246 
3 0 127.58562008184002 
3 6 1886.3038648812892 
4 1 65.0587840462792 
4 9 1754.5835691949558 
5 2 42.15176398712322 
5 11 1884.8631292549107 
6 3 1886.3038648812892 
6 7 1215.6932438070346 
6 8 1132.8451782623483 
7 6 1215.6932438070344 
7 9 639.747593788033 
8 6 1132.8451782623483 
8 11 617.7397937866073 
9 4 1754.5835691949558 
9 7 639.747593788033 
9 10 1490.8588918411187 
10 9 1490.8588918411187 
10 11 1072.5853575525832 
11 5 1884.8631292549107 
11 8 617.7397937866073 
11 10 1072.5853575525832 
P 
0 1.0 5.661245644793789 5.661245644793789 
1 1.0 48.007462737669016 48.007462737669016 
2 1.0 53.22964296780048 53.22964296780048 
3 0.0 -0.0 -0.0 
4 0.0 -0.0 -0.0 
5 0.0 -0.0 -0.0 
6 0.0 -354.68127858346946 -354.68127858346946 
7 0.0 -267.12617645782217 -267.12617645782217 
8 0.0 -344.51283019905475 -344.51283019905475 
9 0.0 -306.39717245056136 -306.39717245056136 
10 0.0 -304.01001180609467 -304.01001180609467 
11 0.0 -270.0931980791099 -270.0931980791099 
Alfa 
0 1.0575296108291032 
1 3.90625 
2 8.305647840531561 
3 0.0 
4 0.0 
5 0.0 
6 0.0 
7 0.0 
8 0.0 
9 0.0 
10 0.0 
11 0.0 
Gamma 
6 7 0.11710874456686438 
6 8 0.18272156076209756 
7 6 0.11710874456686438 
7 9 0.19620081728811645 
8 6 0.18272156076209756 
8 11 0.22550963518842404 
9 7 0.19620081728811645 
9 10 0.11751164543144554 
10 9 0.11751164543144554 
10 11 0.11751164543144554 
11 8 0.22550963518842404 
11 10 0.11751164543144554 
