12 24 12 
K 
0 3 134.92557115253808 
1 4 254.13587518077813 
2 5 350.097707534246 
3 0 127.58562008184002 
3 6 1408.2679539182234 
4 1 65.0587840462792 
4 9 1309.9288290565087 
5 2 42.15176398712322 
5 11 1407.192336224557 
6 3 1408.2679539182234 
6 7 907.6065998285397 
6 8 845.7542769218908 
7 6 907.6065998285397 
7 9 477.6197789239427 
8 6 845.7542769218907 
8 11 461.1892981009604 
9 4 1309.9288290565087 
9 7 477.6197789239427 
9 10 1113.0384877443973 
10 9 1113.0384877443971 
10 11 800.7657806385726 
11 5 1407.192336224557 
11 8 461.1892981009603 
11 10 800.7657806385726 
P 
0 1.0 5.661245644793789 5.661245644793789 
1 1.0 48.007462737669016 48.007462737669016 
2 1.0 53.22964296780048 53.22964296780048 
3 0.0 -0.0 -0.0 
4 0.0 -0.0 -0.0 
5 0.0 -0.0 -0.0 
6 0.0 -264.7962970246451 -264.7962970246451 
7 0.0 -201.81828779761028 -201.81828779761028 
8 0.0 -258.9244834011772 -258.9244834011772 
9 0.0 -228.74857395281646 -228.74857395281646 
10 0.0 -228.87715557878838 -228.87715557878838 
11 0.0 -201.6449218535822 -201.6449218535822 
Alfa 
0 1.0575296108291032 
1 3.90625 
2 8.305647840531561 
3 0.0 
4 0.0 
5 0.0 
6 0.0 
7 0.0 
8 0.0 
9 0.0 
10 0.0 
11 0.0 
Gamma 
6 7 0.11710874456686438 
6 8 0.18272156076209756 
7 6 0.11710874456686438 
7 9 0.19620081728811645 
8 6 0.18272156076209756 
8 11 0.22550963518842404 
9 7 0.19620081728811645 
9 10 0.11751164543144554 
10 9 0.11751164543144554 
10 11 0.11751164543144554 
11 8 0.22550963518842404 
11 10 0.11751164543144554 
