3 6 6 
K 
0 1 45.66768127953149 
0 2 31.00763986308216 
1 0 168.68499772626953 
1 2 68.05910660585104 
2 0 243.52844065224664 
2 1 144.71039278320484 
P 
0 1.0 -10.82819219185628 -10.82819219185628 
1 1.0 27.259309533026595 27.259309533026595 
2 1.0 32.241486873386144 32.241486873386144 
Alfa 
0 1.0575296108291032 
1 3.90625 
2 8.305647840531561 
Gamma 
0 1 -0.17889455106056285 
0 2 -0.17839760416485162 
1 0 -0.17889455106056285 
1 2 -0.19062441916087747 
2 0 -0.1783976041648514 
2 1 -0.19062441916087747 
