12 24 12 
K 
0 3 134.92557115253808 
1 4 254.13587518077813 
2 5 350.097707534246 
3 0 127.58562008184002 
3 6 542.6353583905093 
4 1 65.0587840462792 
4 9 504.74321853553664 
5 2 42.15176398712322 
5 11 542.2209001966196 
6 3 542.6353583905093 
6 7 349.7199742458602 
6 8 325.8869690891696 
7 6 349.7199742458602 
7 9 184.0369790349141 
8 6 325.88696908916967 
8 11 177.70596807559986 
9 4 504.74321853553664 
9 7 184.0369790349141 
9 10 428.8772154611449 
10 9 428.8772154611449 
10 11 308.5519521726617 
11 5 542.2209001966196 
11 8 177.7059680755998 
11 10 308.5519521726617 
P 
0 1.0 5.661245644793789 5.661245644793789 
1 1.0 48.007462737669016 48.007462737669016 
2 1.0 53.22964296780048 53.22964296780048 
3 0.0 -0.0 -0.0 
4 0.0 -0.0 -0.0 
5 0.0 -0.0 -0.0 
6 0.0 -102.03160068839561 -102.03160068839561 
7 0.0 -83.5580569804697 -83.5580569804697 
8 0.0 -103.94017974015581 -103.94017974015581 
9 0.0 -88.14165234879187 -88.14165234879187 
10 0.0 -92.82576727528782 -92.82576727528782 
11 0.0 -77.69804328303185 -77.69804328303185 
Alfa 
0 1.0575296108291032 
1 3.90625 
2 8.305647840531561 
3 0.0 
4 0.0 
5 0.0 
6 0.0 
7 0.0 
8 0.0 
9 0.0 
10 0.0 
11 0.0 
Gamma 
6 7 0.11710874456686438 
6 8 0.18272156076209756 
7 6 0.11710874456686438 
7 9 0.19620081728811645 
8 6 0.18272156076209756 
8 11 0.22550963518842404 
9 7 0.19620081728811645 
9 10 0.11751164543144554 
10 9 0.11751164543144554 
10 11 0.11751164543144554 
11 8 0.22550963518842404 
11 10 0.11751164543144554 
