3 6 6 
K 
0 1 40.69574614515886 
0 2 27.83411554330327 
1 0 150.31991232368048 
1 2 62.72715261355996 
2 0 218.6041499812921 
2 1 133.37334774976202 
P 
0 1.0 -8.57545568146741 -8.57545568146741 
1 1.0 29.45518322994018 29.45518322994018 
2 1.0 34.09595739427027 34.09595739427027 
Alfa 
0 1.0575296108291032 
1 3.90625 
2 8.305647840531561 
Gamma 
0 1 -0.16751147959121093 
0 2 -0.16650562653574252 
1 0 -0.16751147959121093 
1 2 -0.18106108117945463 
2 0 -0.16650562653574252 
2 1 -0.18106108117945463 
