3 6 6 
K 
0 1 71.88510552447991 
0 2 48.04568523450276 
1 0 265.5256085310477 
1 2 99.314750226571 
2 0 377.3421923400815 
2 1 211.16757523257624 
P 
0 1.0 -28.691617801520433 -28.691617801520433 
1 1.0 8.557684923594715 8.557684923594715 
2 1.0 15.141036998559636 15.141036998559636 
Alfa 
0 1.0575296108291032 
1 3.90625 
2 8.305647840531561 
Gamma 
0 1 -0.2545661773817156 
0 2 -0.2550553965985618 
1 0 -0.2545661773817156 
1 2 -0.26124820033430196 
2 0 -0.2550553965985616 
2 1 -0.26124820033430196 
