12 24 12 
K 
0 3 134.92557115253808 
1 4 254.13587518077813 
2 5 350.097707534246 
3 0 127.58562008184002 
3 6 426.35635302111456 
4 1 65.0587840462792 
4 9 396.58395742077886 
5 2 42.15176398712322 
5 11 426.03070729734407 
6 3 426.35635302111456 
6 7 274.7799797646045 
6 8 256.0540471414905 
7 6 274.77997976460443 
7 9 144.60048352743254 
8 6 256.05404714149057 
8 11 139.62611777368562 
9 4 396.58395742077886 
9 7 144.60048352743254 
9 10 336.9749550051854 
10 9 336.9749550051853 
10 11 242.4336767070914 
11 5 426.03070729734407 
11 8 139.62611777368562 
11 10 242.4336767070914 
P 
0 1.0 5.661245644793789 5.661245644793789 
1 1.0 48.007462737669016 48.007462737669016 
2 1.0 53.22964296780048 53.22964296780048 
3 0.0 -0.0 -0.0 
4 0.0 -0.0 -0.0 
5 0.0 -0.0 -0.0 
6 0.0 -80.167686255168 -80.167686255168 
7 0.0 -67.67235433339108 -67.67235433339108 
8 0.0 -83.12139268121257 -83.12139268121257 
9 0.0 -69.2541554169079 -69.2541554169079 
10 0.0 -74.55020765242949 -74.55020765242949 
11 0.0 -61.04846257952502 -61.04846257952502 
Alfa 
0 1.0575296108291032 
1 3.90625 
2 8.305647840531561 
3 0.0 
4 0.0 
5 0.0 
6 0.0 
7 0.0 
8 0.0 
9 0.0 
10 0.0 
11 0.0 
Gamma 
6 7 0.11710874456686438 
6 8 0.18272156076209756 
7 6 0.11710874456686438 
7 9 0.19620081728811645 
8 6 0.18272156076209756 
8 11 0.22550963518842404 
9 7 0.19620081728811645 
9 10 0.11751164543144554 
10 9 0.11751164543144554 
10 11 0.11751164543144554 
11 8 0.22550963518842404 
11 10 0.11751164543144554 
