3 6 6 
K 
0 1 44.40005840561046 
0 2 30.195740261147833 
1 0 164.00271573572368 
1 2 66.67070580561237 
2 0 237.15192683506146 
2 1 141.75831134748145 
P 
0 1.0 -10.216102401932467 -10.216102401932467 
1 1.0 27.867141130218567 27.867141130218567 
2 1.0 32.76653182340776 32.76653182340776 
Alfa 
0 1.0575296108291032 
1 3.90625 
2 8.305647840531561 
Gamma 
0 1 -0.17582466483705916 
0 2 -0.17521782336110236 
1 0 -0.17582466483705916 
1 2 -0.18798461685343137 
2 0 -0.17521782336110236 
2 1 -0.18798461685343137 
