12 24 12 
K 
0 3 134.92557115253808 
1 4 254.13587518077813 
2 5 350.097707534246 
3 0 127.58562008184002 
3 6 826.8729270712511 
4 1 65.0587840462792 
4 9 769.1325234827215 
5 2 42.15176398712322 
5 11 826.2413717281811 
6 3 826.8729270712511 
6 7 532.9066274222624 
6 8 496.58966718349615 
7 6 532.9066274222624 
7 9 280.4373013865354 
8 6 496.58966718349615 
8 11 270.79004659138985 
9 4 769.1325234827215 
9 7 280.43730138653547 
9 10 653.5271854646008 
10 9 653.5271854646008 
10 11 470.1744033107219 
11 5 826.2413717281811 
11 8 270.7900465913899 
11 10 470.1744033107219 
P 
0 1.0 5.661245644793789 5.661245644793789 
1 1.0 48.007462737669016 48.007462737669016 
2 1.0 53.22964296780048 53.22964296780048 
3 0.0 -0.0 -0.0 
4 0.0 -0.0 -0.0 
5 0.0 -0.0 -0.0 
6 0.0 -155.4767248585074 -155.4767248585074 
7 0.0 -122.38977456221734 -122.38977456221734 
8 0.0 -154.83054810646135 -154.83054810646135 
9 0.0 -134.31108929339695 -134.31108929339695 
10 0.0 -137.49935746449697 -137.49935746449697 
11 0.0 -118.39701833604838 -118.39701833604838 
Alfa 
0 1.0575296108291032 
1 3.90625 
2 8.305647840531561 
3 0.0 
4 0.0 
5 0.0 
6 0.0 
7 0.0 
8 0.0 
9 0.0 
10 0.0 
11 0.0 
Gamma 
6 7 0.11710874456686438 
6 8 0.18272156076209756 
7 6 0.11710874456686438 
7 9 0.19620081728811645 
8 6 0.18272156076209756 
8 11 0.22550963518842404 
9 7 0.19620081728811645 
9 10 0.11751164543144554 
10 9 0.11751164543144554 
10 11 0.11751164543144554 
11 8 0.22550963518842404 
11 10 0.11751164543144554 
