9 72 72 
K 
0 1 0.9073687698560916 
0 2 0.9393981693842554 
0 3 3.4372825096093944 
0 4 6.035779415975536 
0 5 4.841138945432153 
0 6 0.28662418631430175 
0 7 0.8674845802674902 
0 8 0.3515630031035651 
1 0 3.3515933936559374 
1 2 4.5943353785363215 
1 3 0.8210699722736698 
1 4 11.422995679728793 
1 5 2.3128926938964898 
1 6 11.53709146916511 
1 7 20.639142311901377 
1 8 1.7193969453888693 
2 0 7.377864692439798 
2 1 9.768686519147 
2 3 1.8074218578920787 
2 4 5.733489741179595 
2 5 19.38240125800076 
2 6 3.0857815674591342 
2 7 32.60435354165381 
2 8 24.074878328295252 
3 0 812.5735852716608 
3 1 52.548478225514856 
3 2 54.40339792255157 
3 4 349.55029724541276 
3 5 280.36504331208187 
3 6 16.59927618605584 
3 7 50.23866380632197 
3 8 20.360080076829504 
4 0 28.537165078732343 
4 1 14.621434470052856 
4 2 3.451560824190116 
4 3 6.991005944908257 
4 5 10.247811309161428 
4 6 4.618691867024972 
4 7 8.950359751390943 
4 8 1.2917217941166146 
5 0 31.790145741671132 
5 1 4.1118092335937595 
5 2 16.205841051828408 
5 3 7.787917869780053 
5 4 14.233071262724202 
5 6 1.298858870848465 
5 7 9.05365024451215 
5 8 6.064919363994799 
6 0 67.75795764470091 
6 1 738.3738540265671 
6 2 92.88202518051995 
6 3 16.59927618605584 
6 4 230.93459335124857 
6 5 46.758919350544744 
6 7 417.2541135926135 
6 8 34.760429358945956 
7 0 5.1268338693808655 
7 1 33.0226276990422 
7 2 24.53477604009448 
7 3 1.2559665951580492 
7 4 11.187949689238678 
7 5 8.148285220060936 
7 6 10.43135283981534 
7 8 9.18196333167517 
8 0 83.1094939336828 
8 1 110.04140450488768 
8 2 724.6538376816869 
8 3 20.360080076829504 
8 4 64.58608970583073 
8 5 218.3370971038128 
8 6 34.76042935894594 
8 7 367.2785332670069 
P 
0 1.0 4.96287265039751 4.96287265039751 
1 1.0 45.95166322260979 45.95166322260979 
2 1.0 49.22439175445834 49.22439175445834 
3 0.0 -9.90815055778057 -9.90815055778057 
4 0.0 -52.09283210782917 -52.09283210782917 
5 0.0 -53.81489549920275 -53.81489549920275 
6 0.0 -13.128610019802846 -13.128610019802846 
7 0.0 -51.670166472424555 -51.670166472424555 
8 0.0 -16.885081780949925 -16.885081780949925 
Alfa 
0 1.0575296108291032 
1 3.90625 
2 8.305647840531561 
3 250.0 
4 5.0 
5 6.944444444444445 
6 250.0 
7 6.25 
8 250.0 
Gamma 
0 1 0.15584589037162444 
0 2 0.18572166167882198 
0 3 -0.049794404011131776 
0 4 0.009948252113852307 
0 5 0.03499952610117063 
0 6 0.15584589037162444 
0 7 0.21800898772065724 
0 8 0.18572166167882198 
1 0 0.15584589037162444 
1 2 0.05450904296556702 
1 3 0.15584589037162444 
1 4 0.08697902716261785 
1 5 0.19581133474226387 
1 6 -0.05631745583841585 
1 7 0.0025252990211503956 
1 8 0.05450904296556702 
2 0 0.18572166167882198 
2 1 0.05450904296556702 
2 3 0.18572166167882198 
2 4 0.20941956093330205 
2 5 0.07663202782070799 
2 6 0.05450904296556702 
2 7 0.003820062413175229 
2 8 -0.062301729794081995 
3 0 -0.049794404011131776 
3 1 0.15584589037162444 
3 2 0.18572166167882198 
3 4 0.009948252113852307 
3 5 0.03499952610117063 
3 6 0.15584589037162444 
3 7 0.21800898772065724 
3 8 0.18572166167882198 
4 0 0.009948252113852307 
4 1 0.08697902716261807 
4 2 0.20941956093330205 
4 3 0.009948252113852307 
4 5 0.10201111651340611 
4 6 0.08697902716261807 
4 7 0.15548082954524411 
4 8 0.20941956093330205 
5 0 0.03499952610117063 
5 1 0.19581133474226387 
5 2 0.07663202782070799 
5 3 0.03499952610117041 
5 4 0.10201111651340611 
5 6 0.19581133474226387 
5 7 0.152513017586968 
5 8 0.07663202782070799 
6 0 0.15584589037162444 
6 1 -0.05631745583841585 
6 2 0.0545090429655668 
6 3 0.15584589037162444 
6 4 0.08697902716261807 
6 5 0.19581133474226387 
6 7 0.0025252990211503956 
6 8 0.05450904296556702 
7 0 0.21800898772065724 
7 1 0.0025252990211503956 
7 2 0.003820062413175229 
7 3 0.21800898772065724 
7 4 0.15548082954524411 
7 5 0.152513017586968 
7 6 0.0025252990211503956 
7 8 0.003820062413175229 
8 0 0.18572166167882198 
8 1 0.05450904296556702 
8 2 -0.062301729794081995 
8 3 0.18572166167882198 
8 4 0.20941956093330205 
8 5 0.07663202782070799 
8 6 0.05450904296556702 
8 7 0.003820062413175229 
