9 72 72 
K 
0 1 11.993313393063376 
0 2 8.900674009649329 
0 3 3.578676486090503 
0 4 13.937501002906561 
0 5 9.881664172827394 
0 6 1.6730973681066337 
0 7 7.525522419573428 
0 8 1.805491975720842 
1 0 44.300301345627844 
1 2 25.457192469703863 
1 3 3.576204325234057 
1 4 26.177013318519172 
1 5 13.763854767507043 
1 6 9.192340813446066 
1 7 32.74617061546471 
1 8 5.163963614283881 
2 0 69.90429687312631 
2 1 54.12824976946999 
2 3 5.6431229864487715 
2 4 30.0143025833207 
2 5 30.019015452365185 
2 6 7.551026914872198 
2 7 46.99599671810011 
2 8 15.372234721661448 
3 0 845.999121311795 
3 1 228.87707681497974 
3 2 169.8580018921081 
3 4 265.97941562138294 
3 5 188.57894693656132 
3 6 31.928927585646303 
3 7 143.61498915668818 
3 8 34.45550967215563 
4 0 65.8965047417422 
4 1 33.50657704770456 
4 2 18.068610155159067 
4 3 5.3195883124276575 
4 5 15.825571413483551 
4 6 4.6742517297346815 
4 7 18.53150783995743 
4 8 3.66519778302195 
5 0 64.88959473489989 
5 1 24.46907514223475 
5 2 25.09923236433867 
5 3 5.2383040815711475 
5 4 21.979960296504935 
5 6 3.4134974947085572 
5 7 17.89410989026359 
5 8 5.091351798913003 
6 0 395.5202178204081 
6 1 588.3098120605486 
6 2 227.28591013765313 
6 3 31.928927585646303 
6 4 233.7125864867341 
6 5 122.88590980950802 
6 7 292.36307973537316 
6 8 46.10469797040783 
7 0 44.47583749967895 
7 1 52.39387298474353 
7 2 35.36448753037032 
7 3 3.5903747289172045 
7 4 23.16438479994679 
7 5 16.104698901237224 
7 6 7.309076993384326 
7 8 7.1736475678518845 
8 0 426.81830306040706 
8 1 330.49367131416835 
8 2 462.70426512200953 
8 3 34.45550967215562 
8 4 183.2598891510974 
8 5 183.28866476086807 
8 6 46.10469797040783 
8 7 286.9459027140754 
P 
0 1.0 4.033297447904572 4.033297447904572 
1 1.0 44.709664777336855 44.709664777336855 
2 1.0 48.30855206526248 48.30855206526248 
3 0.0 -2.5079526948861073 -2.5079526948861073 
4 0.0 -49.514289343330546 -49.514289343330546 
5 0.0 -49.63489099830679 -49.63489099830679 
6 0.0 -4.107410288964652 -4.107410288964652 
7 0.0 -49.57006646815628 -49.57006646815628 
8 0.0 -6.094993094779178 -6.094993094779178 
Alfa 
0 1.0575296108291032 
1 3.90625 
2 8.305647840531561 
3 250.0 
4 5.0 
5 6.944444444444445 
6 250.0 
7 6.25 
8 250.0 
Gamma 
0 1 0.06370235931991242 
0 2 0.0658647923729585 
0 3 -0.03673088941713676 
0 4 -0.013713518399082858 
0 5 -0.006926294679764133 
0 6 0.06370235931991242 
0 7 0.07302724142199324 
0 8 0.06586479237295872 
1 0 0.06370235931991242 
1 2 -0.003952866909403108 
1 3 0.06370235931991242 
1 4 0.03210723784115532 
1 5 0.05223733271440967 
1 6 -0.05006813629561835 
1 7 -0.028544335610254823 
1 8 -0.003952866909403108 
2 0 0.06586479237295872 
2 1 -0.003952866909403108 
2 3 0.06586479237295872 
2 4 0.05784176051943568 
2 5 0.013217358565339454 
2 6 -0.003952866909403108 
2 7 -0.03162311328755152 
2 8 -0.06498344793490118 
3 0 -0.03673088941713676 
3 1 0.06370235931991242 
3 2 0.0658647923729585 
3 4 -0.013713518399082858 
3 5 -0.006926294679764133 
3 6 0.06370235931991242 
3 7 0.07302724142199324 
3 8 0.06586479237295872 
4 0 -0.013713518399082858 
4 1 0.03210723784115532 
4 2 0.05784176051943568 
4 3 -0.013713518399082858 
4 5 0.01603853203564065 
4 6 0.03210723784115532 
4 7 0.04969090888391703 
4 8 0.05784176051943568 
5 0 -0.006926294679764133 
5 1 0.05223733271440967 
5 2 0.013217358565339454 
5 3 -0.006926294679764133 
5 4 0.01603853203564065 
5 6 0.05223733271440967 
5 7 0.040567182165860416 
5 8 0.013217358565339454 
6 0 0.06370235931991242 
6 1 -0.05006813629561835 
6 2 -0.003952866909403108 
6 3 0.06370235931991242 
6 4 0.03210723784115532 
6 5 0.05223733271440967 
6 7 -0.028544335610254823 
6 8 -0.003952866909403108 
7 0 0.07302724142199324 
7 1 -0.028544335610254823 
7 2 -0.03162311328755152 
7 3 0.07302724142199324 
7 4 0.04969090888391681 
7 5 0.040567182165860416 
7 6 -0.028544335610254823 
7 8 -0.03162311328755152 
8 0 0.06586479237295872 
8 1 -0.003952866909403108 
8 2 -0.06498344793490118 
8 3 0.06586479237295872 
8 4 0.05784176051943568 
8 5 0.013217358565339454 
8 6 -0.003952866909403108 
8 7 -0.03162311328755152 
