12 24 12 
K 
0 3 134.92557115253808 
1 4 254.13587518077813 
2 5 350.097707534246 
3 0 127.58562008184002 
3 6 348.83701610818457 
4 1 65.0587840462792 
4 9 324.4777833442736 
5 2 42.15176398712322 
5 11 348.57057869782693 
6 3 348.83701610818457 
6 7 224.81998344376726 
6 8 209.4987658430377 
7 6 224.81998344376726 
7 9 118.30948652244477 
8 6 209.4987658430377 
8 11 114.23955090574276 
9 4 324.4777833442736 
9 7 118.30948652244477 
9 10 275.7067813678789 
10 9 275.7067813678789 
10 11 198.3548263967111 
11 5 348.57057869782693 
11 8 114.23955090574276 
11 10 198.3548263967111 
P 
0 1.0 5.661245644793789 5.661245644793789 
1 1.0 48.007462737669016 48.007462737669016 
2 1.0 53.22964296780048 53.22964296780048 
3 0.0 -0.0 -0.0 
4 0.0 -0.0 -0.0 
5 0.0 -0.0 -0.0 
6 0.0 -65.59174329968289 -65.59174329968289 
7 0.0 -57.08188590200531 -57.08188590200531 
8 0.0 -69.24220130858374 -69.24220130858374 
9 0.0 -56.66249079565192 -56.66249079565192 
10 0.0 -62.366501237190576 -62.366501237190576 
11 0.0 -49.94874211052048 -49.94874211052048 
Alfa 
0 1.0575296108291032 
1 3.90625 
2 8.305647840531561 
3 0.0 
4 0.0 
5 0.0 
6 0.0 
7 0.0 
8 0.0 
9 0.0 
10 0.0 
11 0.0 
Gamma 
6 7 0.11710874456686438 
6 8 0.18272156076209756 
7 6 0.11710874456686438 
7 9 0.19620081728811645 
8 6 0.18272156076209756 
8 11 0.22550963518842404 
9 7 0.19620081728811645 
9 10 0.11751164543144554 
10 9 0.11751164543144554 
10 11 0.11751164543144554 
11 8 0.22550963518842404 
11 10 0.11751164543144554 
