9 72 72 
K 
0 1 0.10012677598697714 
0 2 0.12282760179474894 
0 3 2.8603159614317337 
0 4 2.372726892630177 
0 5 2.0635209779285506 
0 6 0.07176629677948067 
0 7 0.12222238269305961 
0 8 0.0938125761837816 
1 0 0.3698432788018971 
1 2 0.6972489498307953 
1 3 0.2286668185383174 
1 4 4.520583061705844 
1 5 0.36167793488435257 
1 6 10.241869696330259 
1 7 9.385887107993035 
1 8 0.5325408887683716 
2 0 0.964665948979357 
2 1 1.482522684025611 
2 3 0.5964339658136976 
2 4 0.9379625313994878 
2 5 8.94349853564441 
2 6 1.062604501896 
2 7 15.215072083615235 
2 8 22.78276317712643 
3 0 676.1786932824618 
3 1 14.634676386452314 
3 2 17.952662370992297 
3 4 346.80124157389804 
3 5 301.6072517162415 
3 6 10.489467162693792 
3 7 17.86420265970314 
3 8 13.711783685191401 
4 0 11.218252748355482 
4 1 5.7863463189834805 
4 2 0.5646534439024916 
4 3 6.936024831477962 
4 5 5.077881617540653 
4 6 4.147388579165223 
4 7 3.9333655786467605 
4 8 0.43126783759936416 
5 0 13.550454421730818 
5 1 0.64298299534996 
5 2 7.477758497858245 
5 3 8.377979214340042 
5 4 7.052613357695353 
5 6 0.4608608238264496 
5 7 3.9840159050404784 
5 8 5.7113204077411 
6 0 16.96555255866923 
6 1 655.4796605651369 
6 2 31.984395507069614 
6 3 10.489467162693794 
6 4 207.36942895826118 
6 5 16.590989657752186 
6 7 430.5519936883466 
6 8 24.42886205018657 
7 0 0.7223342817159826 
7 1 15.017419372788849 
7 2 11.449341742920465 
7 3 0.4466050664925783 
7 4 4.9167069733084485 
7 5 3.58561431453643 
7 6 10.763799842208662 
7 8 8.744713963452117 
8 0 22.177293009845975 
8 1 34.08261688117577 
8 2 685.7611716315055 
8 3 13.711783685191397 
8 4 21.56339187996821 
8 5 205.60753467867963 
8 6 24.42886205018657 
8 7 349.7885585380847 
P 
0 1.0 5.420701687310093 5.420701687310093 
1 1.0 47.26004907950314 47.26004907950314 
2 1.0 51.66581698314436 51.66581698314436 
3 0.0 -21.737658496301428 -21.737658496301428 
4 0.0 -50.574707373828474 -50.574707373828474 
5 0.0 -52.577091026144636 -52.577091026144636 
6 0.0 -24.57432584173865 -24.57432584173865 
7 0.0 -50.74852964273723 -50.74852964273723 
8 0.0 -27.459024246974792 -27.459024246974792 
Alfa 
0 1.0575296108291032 
1 3.90625 
2 8.305647840531561 
3 250.0 
4 5.0 
5 6.944444444444445 
6 250.0 
7 6.25 
8 250.0 
Gamma 
0 1 0.18744151251654295 
0 2 0.2467434189925608 
0 3 -0.05201896937971395 
0 4 0.035594311686229396 
0 5 0.0771009077603877 
0 6 0.18744151251654295 
0 7 0.29568048056479745 
0 8 0.2467434189925608 
1 0 0.18744151251654295 
1 2 0.09644993641694821 
1 3 0.18744151251654295 
1 4 0.1169969874121426 
1 5 0.2842809700958957 
1 6 -0.05232995000447538 
1 7 0.032654889791795094 
1 8 0.09644993641694821 
2 0 0.24674341899256103 
2 1 0.09644993641694843 
2 3 0.2467434189925608 
2 4 0.2962231567304512 
2 5 0.12576000052650826 
2 6 0.09644993641694821 
2 7 0.03642185693763822 
2 8 -0.05245009298463965 
3 0 -0.05201896937971395 
3 1 0.18744151251654295 
3 2 0.2467434189925608 
3 4 0.035594311686229396 
3 5 0.0771009077603877 
3 6 0.18744151251654295 
3 7 0.29568048056479745 
3 8 0.2467434189925608 
4 0 0.035594311686229396 
4 1 0.1169969874121426 
4 2 0.2962231567304514 
4 3 0.035594311686229396 
4 5 0.16851535052414413 
4 6 0.11699698741214237 
4 7 0.20896432532371056 
4 8 0.2962231567304512 
5 0 0.07710090776038747 
5 1 0.2842809700958959 
5 2 0.12576000052650804 
5 3 0.07710090776038747 
5 4 0.1685153505241439 
5 6 0.2842809700958957 
5 7 0.22161741611715446 
5 8 0.12576000052650804 
6 0 0.18744151251654295 
6 1 -0.05232995000447538 
6 2 0.09644993641694821 
6 3 0.18744151251654295 
6 4 0.1169969874121426 
6 5 0.2842809700958957 
6 7 0.032654889791795094 
6 8 0.09644993641694821 
7 0 0.29568048056479745 
7 1 0.032654889791795094 
7 2 0.03642185693763822 
7 3 0.29568048056479745 
7 4 0.20896432532371056 
7 5 0.22161741611715446 
7 6 0.032654889791795094 
7 8 0.03642185693763822 
8 0 0.2467434189925608 
8 1 0.09644993641694821 
8 2 -0.05245009298463965 
8 3 0.2467434189925608 
8 4 0.2962231567304514 
8 5 0.12576000052650804 
8 6 0.09644993641694821 
8 7 0.03642185693763822 
