3 6 6 
K 
0 1 75.7320338846603 
0 2 50.566290991082646 
1 0 279.7352001614639 
1 2 104.11274397964928 
2 0 397.13857775056255 
2 1 221.36928952483572 
P 
0 1.0 -32.08243539787846 -32.08243539787846 
1 1.0 4.9551491102290335 4.9551491102290335 
2 1.0 11.795777616057071 11.795777616057071 
Alfa 
0 1.0575296108291032 
1 3.90625 
2 8.305647840531561 
Gamma 
0 1 -0.26663295951054544 
0 2 -0.2671796350310347 
1 0 -0.26663295951054544 
1 2 -0.2729391801509651 
2 0 -0.2671796350310347 
2 1 -0.2729391801509651 
