3 6 6 
K 
0 1 68.33628854354824 
0 2 45.72307725489251 
1 0 252.41716580773127 
1 2 94.91595748983076 
2 0 359.1008459487239 
2 1 201.81466044349403 
P 
0 1.0 -25.731046552026232 -25.731046552026232 
1 1.0 11.699527685069997 11.699527685069997 
2 1.0 18.054180378284006 18.054180378284006 
Alfa 
0 1.0575296108291032 
1 3.90625 
2 8.305647840531561 
Gamma 
0 1 -0.2435659092439426 
0 2 -0.24399242375166352 
1 0 -0.2435659092439426 
1 2 -0.25064584345556207 
2 0 -0.24399242375166352 
2 1 -0.25064584345556207 
