3 6 6 
K 
0 1 35.41504610350931 
0 2 24.49876389286159 
1 0 130.81432654483748 
1 2 57.432131720023214 
2 0 192.4088964874577 
2 1 122.114831564169 
P 
0 1.0 -6.624697087879258 -6.624697087879258 
1 1.0 31.209910992761518 31.209910992761518 
2 1.0 35.41569811237856 35.41569811237856 
Alfa 
0 1.0575296108291032 
1 3.90625 
2 8.305647840531561 
Gamma 
0 1 -0.15797079969141303 
0 2 -0.15610503052316127 
1 0 -0.15797079969141326 
1 2 -0.17376478221293 
2 0 -0.15610503052316127 
2 1 -0.1737647822129298 
