9 72 72 
K 
0 1 16.89454794754996 
0 2 11.976307182943927 
0 3 3.5705457072261653 
0 4 15.496921733254723 
0 5 10.831694648468257 
0 6 2.192356776319528 
0 7 10.09014790303937 
0 8 2.3160842989498356 
1 0 62.404236481262664 
1 2 30.19407825261296 
1 3 4.471920134148154 
1 4 29.333606671939048 
1 5 17.091501846760174 
1 6 8.540628164137983 
1 7 33.36322130975477 
1 8 5.8391981346080835 
2 0 94.05976804145996 
2 1 64.20003349392788 
2 3 6.740372036187101 
2 4 36.4631271668014 
2 5 31.456430024439385 
2 6 8.331053243171555 
2 7 47.248531718611204 
2 8 13.581045553961879 
3 0 844.0770051882653 
3 1 286.2028885854818 
3 2 202.8851982892317 
3 4 262.5263355971494 
3 5 183.49483551094892 
3 6 37.13972366355014 
3 7 170.93262779625897 
3 8 39.23573561274556 
4 0 73.2694459548283 
4 1 37.54701654008198 
4 2 21.950802554414445 
4 3 5.250526711942989 
4 5 16.935935303228085 
4 6 4.872368079796275 
4 7 20.74055332968757 
4 8 4.245040509484507 
5 0 71.12812819160823 
5 1 30.38489217201808 
5 2 26.30107065932293 
5 3 5.097078764193025 
5 4 23.52213236559455 
5 6 3.9429598505902868 
5 7 19.863827347121827 
5 8 5.086333864781032 
6 0 518.2731419219363 
6 1 546.6002025048309 
6 2 250.76470261946378 
6 3 37.139723663550136 
6 4 243.61840398981374 
6 5 141.9465546212503 
6 7 277.0847382779105 
6 8 48.495097996058476 
7 0 59.632774106962636 
7 1 53.38115409560762 
7 2 35.55452011825493 
7 3 4.273315694906473 
7 4 25.92569166210946 
7 5 17.87744461240964 
7 6 6.927118456947762 
7 8 6.875847833951793 
8 0 547.5223282717411 
8 1 373.70868061491717 
8 2 408.7894711742524 
8 3 39.23573561274557 
8 4 212.25202547422532 
8 5 183.10801913211714 
8 6 48.495097996058476 
8 7 275.03391335807174 
P 
0 1.0 4.2380962225305625 4.2380962225305625 
1 1.0 45.237393184302604 45.237393184302604 
2 1.0 49.31884183121875 49.31884183121875 
3 0.0 -1.7276585053618734 -1.7276585053618734 
4 0.0 -48.72266036432289 -48.72266036432289 
5 0.0 -48.783947226341695 -48.783947226341695 
6 0.0 -2.9853823342879506 -2.9853823342879506 
7 0.0 -48.944252190303054 -48.944252190303054 
8 0.0 -4.402456765135358 -4.402456765135358 
Alfa 
0 1.0575296108291032 
1 3.90625 
2 8.305647840531561 
3 250.0 
4 5.0 
5 6.944444444444445 
6 250.0 
7 6.25 
8 250.0 
Gamma 
0 1 0.04300250484306711 
0 2 0.04334348315098424 
0 3 -0.028566362106115628 
0 4 -0.010628077677434566 
0 5 -0.006710757346477969 
0 6 0.04300250484306711 
0 7 0.04795937212614687 
0 8 0.04334348315098446 
1 0 0.04300250484306711 
1 2 -0.008057205609541374 
1 3 0.04300250484306711 
1 4 0.02172887635971299 
1 5 0.032260137679397616 
1 6 -0.04210113661806458 
1 7 -0.026174326017056826 
1 8 -0.008057205609541374 
2 0 0.04334348315098446 
2 1 -0.008057205609541374 
2 3 0.04334348315098446 
2 4 0.035846111608191844 
2 5 0.006977529839818253 
2 6 -0.008057205609541374 
2 7 -0.02880156804498779 
2 8 -0.05571712381220295 
3 0 -0.028566362106115628 
3 1 0.04300250484306711 
3 2 0.04334348315098424 
3 4 -0.010628077677434566 
3 5 -0.006710757346477969 
3 6 0.04300250484306711 
3 7 0.04795937212614687 
3 8 0.04334348315098446 
4 0 -0.010628077677434566 
4 1 0.021728876359712768 
4 2 0.03584611160819162 
4 3 -0.010628077677434566 
4 5 0.008686398150049124 
4 6 0.021728876359712768 
4 7 0.031931042050189706 
4 8 0.03584611160819162 
5 0 -0.006710757346477969 
5 1 0.032260137679397616 
5 2 0.006977529839818253 
5 3 -0.006710757346477969 
5 4 0.008686398150049346 
5 6 0.032260137679397616 
5 7 0.024992096895196436 
5 8 0.006977529839818253 
6 0 0.04300250484306711 
6 1 -0.04210113661806458 
6 2 -0.008057205609541374 
6 3 0.04300250484306711 
6 4 0.02172887635971299 
6 5 0.032260137679397616 
6 7 -0.026174326017056826 
6 8 -0.008057205609541374 
7 0 0.04795937212614687 
7 1 -0.026174326017056826 
7 2 -0.02880156804498779 
7 3 0.04795937212614687 
7 4 0.031931042050189706 
7 5 0.024992096895196436 
7 6 -0.026174326017056826 
7 8 -0.02880156804498779 
8 0 0.04334348315098446 
8 1 -0.008057205609541374 
8 2 -0.05571712381220317 
8 3 0.04334348315098446 
8 4 0.03584611160819162 
8 5 0.006977529839818253 
8 6 -0.008057205609541374 
8 7 -0.02880156804498779 
