9 72 72 
K 
0 1 42.789933989067556 
0 2 28.503410951652032 
0 3 5.429149941794641 
0 4 28.142074149737265 
0 5 19.269676174805927 
0 6 5.090579534338928 
0 7 23.989800817425998 
0 8 5.213101518950072 
1 0 158.05531867211826 
1 2 58.03802942987426 
1 3 9.736666702465351 
1 4 54.32107520531526 
1 5 36.139881678249104 
1 6 11.248038918011979 
1 7 51.25700135325192 
1 8 10.614804659377453 
2 0 223.86067604553287 
2 1 123.4031190535532 
2 3 13.790467848573735 
2 4 74.67246990910203 
2 5 52.850088975219585 
2 6 14.68086846051471 
2 7 71.76873384506018 
2 8 16.369658191977624 
3 0 1283.4510462402527 
3 1 623.1466689577824 
3 2 415.0930822420694 
3 4 409.83096090898727 
3 5 280.6228802150839 
3 6 74.13373623568626 
3 7 349.361709044914 
3 8 75.91801490748882 
4 0 133.05572657995782 
4 1 69.53097626280353 
4 2 44.95282688527943 
4 3 8.196619218179748 
4 5 29.530814947254978 
4 6 8.271874522088892 
4 7 38.49916617428488 
4 8 8.221600232836957 
5 0 126.53754021455893 
5 1 64.24867853910949 
5 2 44.18854661539193 
5 3 7.795080005974555 
5 4 41.015020760076354 
5 6 7.643456710241084 
5 7 36.51284530380817 
5 8 8.081817992647803 
6 0 1203.413001917722 
6 1 719.8744907527664 
6 2 441.8941406614927 
6 3 74.1337362356863 
6 4 413.59372610444456 
6 5 275.1644415686791 
6 7 390.2642592861945 
6 8 80.8197664414633 
7 0 141.7797228309876 
7 1 82.01120216520307 
7 2 54.00597221840777 
7 3 8.73404272612285 
7 4 48.12395771785606 
7 5 32.86156077342736 
7 6 9.756606482154858 
7 8 9.877365774984177 
8 0 1232.3771990797973 
8 1 679.3474982001574 
8 2 492.7267115785267 
8 3 75.91801490748885 
8 4 411.0800116418478 
8 5 290.94544773532084 
8 6 80.81976644146332 
8 7 395.0946309993672 
P 
0 1.0 5.266642513836153 5.266642513836153 
1 1.0 46.709444044166695 46.709444044166695 
2 1.0 51.431436983637525 51.431436983637525 
3 0.0 -0.3540057997802858 -0.3540057997802858 
4 0.0 -47.556662951887375 -47.556662951887375 
5 0.0 -47.65408308005426 -47.65408308005426 
6 0.0 -1.175742297672503 -1.175742297672503 
7 0.0 -47.90069899943646 -47.90069899943646 
8 0.0 -1.810525434579133 -1.810525434579133 
Alfa 
0 1.0575296108291032 
1 3.90625 
2 8.305647840531561 
3 250.0 
4 5.0 
5 6.944444444444445 
6 250.0 
7 6.25 
8 250.0 
Gamma 
0 1 0.007989136370819327 
0 2 0.006582207104688154 
0 3 -0.004477456043018746 
0 4 -0.0008813546834618435 
0 5 -0.0017056334330520784 
0 6 0.007989136370819327 
0 7 0.007956832619080645 
0 8 0.006582207104688154 
1 0 0.00798913637081955 
1 2 -0.0066631436129223065 
1 3 0.00798913637081955 
1 4 0.0031589557118401057 
1 5 0.002929340556381943 
1 6 -0.013729141804942557 
1 7 -0.010336603868613237 
1 8 -0.0066631436129220845 
2 0 0.006582207104688154 
2 1 -0.0066631436129223065 
2 3 0.006582207104688154 
2 4 0.0036713516553050773 
2 5 -0.002546221324482012 
2 6 -0.0066631436129223065 
2 7 -0.012033463813024614 
2 8 -0.02009224182067637 
3 0 -0.004477456043018746 
3 1 0.007989136370819327 
3 2 0.006582207104688154 
3 4 -0.0008813546834618435 
3 5 -0.0017056334330520784 
3 6 0.007989136370819327 
3 7 0.007956832619080645 
3 8 0.006582207104688154 
4 0 -0.0008813546834618435 
4 1 0.0031589557118398837 
4 2 0.0036713516553050773 
4 3 -0.0008813546834618435 
4 5 0.00016745889068170428 
4 6 0.0031589557118401057 
4 7 0.003930399112223482 
4 8 0.0036713516553050773 
5 0 -0.0017056334330520784 
5 1 0.002929340556381943 
5 2 -0.002546221324482012 
5 3 -0.0017056334330523004 
5 4 0.00016745889068170428 
5 6 0.002929340556381943 
5 7 0.0011425586738824656 
5 8 -0.002546221324482012 
6 0 0.00798913637081955 
6 1 -0.013729141804942557 
6 2 -0.0066631436129223065 
6 3 0.00798913637081955 
6 4 0.0031589557118401057 
6 5 0.002929340556381943 
6 7 -0.010336603868613237 
6 8 -0.0066631436129220845 
7 0 0.007956832619080645 
7 1 -0.010336603868613237 
7 2 -0.012033463813024614 
7 3 0.007956832619080645 
7 4 0.003930399112223482 
7 5 0.0011425586738824656 
7 6 -0.010336603868613237 
7 8 -0.012033463813024614 
8 0 0.006582207104688154 
8 1 -0.0066631436129223065 
8 2 -0.02009224182067637 
8 3 0.006582207104688154 
8 4 0.0036713516553050773 
8 5 -0.002546221324482012 
8 6 -0.0066631436129223065 
8 7 -0.012033463813024614 
