12 24 12 
K 
0 3 134.92557115253808 
1 4 254.13587518077813 
2 5 350.097707534246 
3 0 127.58562008184002 
3 6 1821.7044174538478 
4 1 65.0587840462792 
4 9 1694.4950907978684 
5 2 42.15176398712322 
5 11 1820.313022088647 
6 3 1821.7044174538478 
6 7 1174.0599135396703 
6 8 1094.049110513638 
7 6 1174.0599135396703 
7 9 617.83842961721 
8 6 1094.049110513638 
8 11 596.5843213966551 
9 4 1694.4950907978684 
9 7 617.8384296172098 
9 10 1439.802080476697 
10 9 1439.802080476697 
10 11 1035.8529822939327 
11 5 1820.313022088647 
11 8 596.5843213966551 
11 10 1035.8529822939329 
P 
0 1.0 5.661245644793789 5.661245644793789 
1 1.0 48.007462737669016 48.007462737669016 
2 1.0 53.22964296780048 53.22964296780048 
3 0.0 -0.0 -0.0 
4 0.0 -0.0 -0.0 
5 0.0 -0.0 -0.0 
6 0.0 -342.53465945389866 -342.53465945389866 
7 0.0 -258.3007860983341 -258.3007860983341 
8 0.0 -332.94683738853075 -332.94683738853075 
9 0.0 -295.90411859951473 -295.90411859951473 
10 0.0 -293.85692312672893 -293.85692312672893 
11 0.0 -260.84343102160614 -260.84343102160614 
Alfa 
0 1.0575296108291032 
1 3.90625 
2 8.305647840531561 
3 0.0 
4 0.0 
5 0.0 
6 0.0 
7 0.0 
8 0.0 
9 0.0 
10 0.0 
11 0.0 
Gamma 
6 7 0.11710874456686438 
6 8 0.18272156076209756 
7 6 0.11710874456686438 
7 9 0.19620081728811645 
8 6 0.18272156076209756 
8 11 0.22550963518842404 
9 7 0.19620081728811645 
9 10 0.11751164543144554 
10 9 0.11751164543144554 
10 11 0.11751164543144554 
11 8 0.22550963518842404 
11 10 0.11751164543144554 
