9 72 72 
K 
0 1 27.098281788739207 
0 2 18.364370077756085 
0 3 3.9873197370519895 
0 4 19.574833095589593 
0 5 13.483639316168235 
0 6 3.2982386170609153 
0 7 15.453992195175834 
0 8 3.4077557005773595 
1 0 100.09427835715546 
1 2 39.90999906256024 
1 3 6.42216547495118 
1 4 37.532811745587864 
1 5 24.088415069719396 
1 6 8.667495487064754 
1 7 37.63914724533896 
1 8 7.405836750165015 
2 0 144.23046798609764 
2 1 84.85846976756999 
2 3 9.253994805090194 
2 4 50.2298553337301 
2 5 37.540368726596895 
2 6 10.328458614243292 
2 7 52.79972114000823 
2 8 12.971045289467673 
3 0 942.6023858390906 
3 1 411.01859039687565 
3 2 278.54524363321474 
3 4 296.90518273179737 
3 5 204.5157869549638 
3 6 50.02669164582453 
3 7 234.40150698798325 
3 8 51.68781383955754 
4 0 92.54981087594761 
4 1 48.04199903435244 
4 2 30.23837291090552 
4 3 5.9381036546359445 
4 5 20.743635816337587 
4 6 5.8473809406525055 
4 7 26.572638845918675 
4 8 5.611136522898543 
5 0 88.54256484283808 
5 1 42.823849012834486 
5 2 31.38791940751574 
5 3 5.680994082082328 
5 4 28.810605300468872 
5 6 5.212259347159454 
5 7 25.263912254913755 
5 8 5.824450326220723 
6 0 779.7036090732005 
6 1 554.719711172144 
6 2 310.88660428872305 
6 3 50.02669164582452 
6 4 292.36904703262525 
6 5 187.64133649774033 
6 7 293.19736783466647 
6 8 57.689188004399206 
7 0 91.33309387348916 
7 1 60.22263559254236 
7 2 39.73179015785618 
7 3 5.860037674699581 
7 4 33.21579855739836 
7 5 22.737521029422382 
7 6 7.329934195866665 
7 8 7.3727676926189325 
8 0 805.5934476164878 
8 1 473.97355201056115 
8 2 390.42846321297696 
8 3 51.68781383955754 
8 4 280.5568261449272 
8 5 209.68021174394605 
8 6 57.68918800439919 
8 7 294.91070770475733 
P 
0 1.0 4.832144589054708 4.832144589054708 
1 1.0 46.2288428291768 46.2288428291768 
2 1.0 50.82063865159952 50.82063865159952 
3 0.0 -0.8068622886049871 -0.8068622886049871 
4 0.0 -47.885450539177356 -47.885450539177356 
5 0.0 -47.94691950240527 -47.94691950240527 
6 0.0 -1.6863346295116837 -1.6863346295116837 
7 0.0 -48.18835319811917 -48.18835319811917 
8 0.0 -2.4968296187935493 -2.4968296187935493 
Alfa 
0 1.0575296108291032 
1 3.90625 
2 8.305647840531561 
3 250.0 
4 5.0 
5 6.944444444444445 
6 250.0 
7 6.25 
8 250.0 
Gamma 
0 1 0.01885337476168636 
0 2 0.017843742478482527 
0 3 -0.013341710988262312 
0 4 -0.004196788612718327 
0 5 -0.0036022403425211014 
0 6 0.01885337476168658 
0 7 0.020097363022555603 
0 8 0.017843742478482305 
1 0 0.01885337476168636 
1 2 -0.008092055769110207 
1 3 0.01885337476168658 
1 4 0.009184358159884054 
1 5 0.011600451593546168 
1 6 -0.024978997619151677 
1 7 -0.01693647482492655 
1 8 -0.008092055769110207 
2 0 0.017843742478482305 
2 1 -0.008092055769110207 
2 3 0.017843742478482305 
2 4 0.013128848422229611 
2 5 0.0005478500034601375 
2 6 -0.008092055769110207 
2 7 -0.0188469401818383 
2 8 -0.03446997957156506 
3 0 -0.013341710988262312 
3 1 0.01885337476168636 
3 2 0.017843742478482527 
3 4 -0.004196788612718327 
3 5 -0.0036022403425211014 
3 6 0.01885337476168658 
3 7 0.020097363022555603 
3 8 0.017843742478482305 
4 0 -0.004196788612718327 
4 1 0.009184358159884054 
4 2 0.013128848422229611 
4 3 -0.004196788612718327 
4 5 0.002554927952240549 
4 6 0.009184358159884276 
4 7 0.012452589831387861 
4 8 0.013128848422229611 
5 0 -0.0036022403425211014 
5 1 0.011600451593546168 
5 2 0.0005478500034601375 
5 3 -0.0036022403425211014 
5 4 0.002554927952240771 
5 6 0.011600451593546168 
5 7 0.008384951325656864 
5 8 0.0005478500034601375 
6 0 0.01885337476168636 
6 1 -0.024978997619151677 
6 2 -0.008092055769110207 
6 3 0.01885337476168658 
6 4 0.009184358159884054 
6 5 0.011600451593546168 
6 7 -0.01693647482492655 
6 8 -0.008092055769110207 
7 0 0.020097363022555603 
7 1 -0.01693647482492655 
7 2 -0.0188469401818383 
7 3 0.020097363022555825 
7 4 0.012452589831387861 
7 5 0.008384951325656864 
7 6 -0.01693647482492655 
7 8 -0.0188469401818383 
8 0 0.017843742478482305 
8 1 -0.008092055769110207 
8 2 -0.03446997957156506 
8 3 0.017843742478482305 
8 4 0.013128848422229611 
8 5 0.0005478500034601375 
8 6 -0.008092055769110207 
8 7 -0.0188469401818383 
