12 24 12 
K 
0 3 134.92557115253808 
1 4 254.13587518077813 
2 5 350.097707534246 
3 0 127.58562008184002 
3 6 245.47790022427802 
4 1 65.0587840462792 
4 9 228.33621790893326 
5 2 42.15176398712322 
5 11 245.29040723180412 
6 3 245.47790022427802 
6 7 158.20665501598435 
6 8 147.42505744510055 
7 6 158.20665501598435 
7 9 83.25482384912782 
8 6 147.42505744510055 
8 11 80.39079508181898 
9 4 228.33621790893326 
9 7 83.2548238491278 
9 10 194.0158831848036 
10 9 194.0158831848036 
10 11 139.58302598287077 
11 5 245.29040723180412 
11 8 80.39079508181898 
11 10 139.58302598287077 
P 
0 1.0 5.661245644793789 5.661245644793789 
1 1.0 48.007462737669016 48.007462737669016 
2 1.0 53.22964296780048 53.22964296780048 
3 0.0 -0.0 -0.0 
4 0.0 -0.0 -0.0 
5 0.0 -0.0 -0.0 
6 0.0 -46.157152692369436 -46.157152692369436 
7 0.0 -42.961261326824285 -42.961261326824285 
8 0.0 -50.736612811745275 -50.736612811745275 
9 0.0 -39.87360463397728 -39.87360463397728 
10 0.0 -46.12155935020537 -46.12155935020537 
11 0.0 -35.149114818514406 -35.149114818514406 
Alfa 
0 1.0575296108291032 
1 3.90625 
2 8.305647840531561 
3 0.0 
4 0.0 
5 0.0 
6 0.0 
7 0.0 
8 0.0 
9 0.0 
10 0.0 
11 0.0 
Gamma 
6 7 0.11710874456686438 
6 8 0.18272156076209756 
7 6 0.11710874456686438 
7 9 0.19620081728811645 
8 6 0.18272156076209756 
8 11 0.22550963518842404 
9 7 0.19620081728811645 
9 10 0.11751164543144554 
10 9 0.11751164543144554 
10 11 0.11751164543144554 
11 8 0.22550963518842404 
11 10 0.11751164543144554 
