3 6 6 
K 
0 1 31.598113889411795 
0 2 22.10962396862838 
1 0 116.71553317901481 
1 2 53.83483367286215 
2 0 173.64502013899502 
2 1 114.46609153033818 
P 
0 1.0 -5.489532165739418 -5.489532165739418 
1 1.0 32.104914860657686 32.104914860657686 
2 1.0 35.92277683065851 35.92277683065851 
Alfa 
0 1.0575296108291032 
1 3.90625 
2 8.305647840531561 
Gamma 
0 1 -0.15350199460522806 
0 2 -0.1506826730148778 
1 0 -0.15350199460522806 
1 2 -0.170892160646251 
2 0 -0.1506826730148778 
2 1 -0.1708921606462508 
