9 72 72 
K 
0 1 28.14339264725548 
0 2 19.029804969788668 
0 3 4.06323878701298 
0 4 20.08402915471945 
0 5 13.823832890085574 
0 6 3.415073854753627 
0 7 16.013983346052484 
0 8 3.524422936154882 
1 0 103.95465659079991 
1 2 41.017945253008875 
1 3 6.634184181550379 
1 4 38.54037787880179 
1 5 24.852278180243903 
1 6 8.781335209311646 
1 7 38.36190669032098 
1 8 7.59674559319749 
2 0 149.45667424777548 
2 1 87.21423575390595 
2 3 9.53803453004212 
2 4 51.76147468897416 
2 5 38.41039053013077 
2 6 10.58305443194421 
2 7 53.796580141595975 
2 8 13.096042577936421 
3 0 960.5496492498686 
3 1 424.5877876192244 
3 2 287.09483935426766 
3 4 302.99948595976815 
3 5 208.5544801504833 
3 6 51.521814399569266 
3 7 241.5963791250517 
3 8 53.17151900811725 
4 0 94.95728984351354 
4 1 49.33168368486629 
4 2 31.16040776276244 
4 3 6.059989719195362 
4 5 21.254581889502223 
4 6 5.986177475997802 
4 7 27.289316663766545 
4 8 5.771076266591827 
5 0 90.77650264489527 
5 1 44.18182787598915 
5 2 32.115354304359336 
5 3 5.7931800041800905 
5 4 29.520252624308647 
5 6 5.361265684122475 
5 7 25.936607892838794 
5 8 5.947937537600598 
6 0 807.3234592637573 
6 1 562.0054533959453 
6 2 318.54993840152065 
6 3 51.521814399569244 
6 4 299.30887379989014 
6 5 193.00556462840905 
6 7 297.9228466416225 
6 8 58.99717369649492 
7 0 94.64264157517022 
7 1 61.37905070451362 
7 2 40.481926556550974 
7 3 6.039909478126294 
7 4 34.11164582970818 
7 5 23.342947103554913 
7 6 7.448071166040565 
7 8 7.497472027808706 
8 0 833.1735821070141 
8 1 486.1917179646393 
8 2 394.1908815958862 
8 3 53.17151900811725 
8 4 288.55381332959126 
8 5 214.12575135362155 
8 6 58.997173696494926 
8 7 299.89888111234814 
P 
0 1.0 4.878821660403904 4.878821660403904 
1 1.0 46.29275043367943 46.29275043367943 
2 1.0 50.90730382025177 50.90730382025177 
3 0.0 -0.7533152854951334 -0.7533152854951334 
4 0.0 -47.84229656843612 -47.84229656843612 
5 0.0 -47.90608772037594 -47.90608772037594 
6 0.0 -1.6159150985684103 -1.6159150985684103 
7 0.0 -48.14737594093537 -48.14737594093537 
8 0.0 -2.397725718950495 -2.397725718950495 
Alfa 
0 1.0575296108291032 
1 3.90625 
2 8.305647840531561 
3 250.0 
4 5.0 
5 6.944444444444445 
6 250.0 
7 6.25 
8 250.0 
Gamma 
0 1 0.017512336692442343 
0 2 0.016446998223260012 
0 3 -0.012289219951318264 
0 4 -0.0037744423687462447 
0 5 -0.003360503956037819 
0 6 0.017512336692442343 
0 7 0.018585239703983847 
0 8 0.016446998223260012 
1 0 0.017512336692442343 
1 2 -0.00794373756641198 
1 3 0.017512336692442343 
1 4 0.00846242209847925 
1 5 0.010516667016509107 
1 6 -0.0236970893475692 
1 7 -0.016184125521018222 
1 8 -0.00794373756641198 
2 0 0.016446998223260012 
2 1 -0.00794373756641198 
2 3 0.016446998223260012 
2 4 0.011941996904811791 
2 5 0.000189511064193848 
2 6 -0.00794373756641198 
2 7 -0.018060999124468013 
2 8 -0.03284863685734973 
3 0 -0.012289219951318264 
3 1 0.017512336692442343 
3 2 0.016446998223260012 
3 4 -0.0037744423687462447 
3 5 -0.003360503956037819 
3 6 0.017512336692442343 
3 7 0.018585239703983847 
3 8 0.016446998223260012 
4 0 -0.0037744423687462447 
4 1 0.00846242209847925 
4 2 0.011941996904811791 
4 3 -0.0037744423687460227 
4 5 0.0022658640254373807 
4 6 0.00846242209847925 
4 7 0.011398459110284698 
4 8 0.011941996904811791 
5 0 -0.003360503956037819 
5 1 0.010516667016509107 
5 2 0.000189511064193848 
5 3 -0.003360503956037819 
5 4 0.0022658640254373807 
5 6 0.010516667016509107 
5 7 0.00749241282382207 
5 8 0.000189511064193848 
6 0 0.017512336692442343 
6 1 -0.0236970893475692 
6 2 -0.00794373756641198 
6 3 0.017512336692442343 
6 4 0.00846242209847925 
6 5 0.010516667016509107 
6 7 -0.016184125521018222 
6 8 -0.00794373756641198 
7 0 0.018585239703983847 
7 1 -0.016184125521018222 
7 2 -0.018060999124468013 
7 3 0.018585239703983847 
7 4 0.011398459110284698 
7 5 0.00749241282382207 
7 6 -0.016184125521018222 
7 8 -0.018060999124468013 
8 0 0.016446998223260012 
8 1 -0.00794373756641198 
8 2 -0.03284863685734973 
8 3 0.016446998223260012 
8 4 0.011941996904811791 
8 5 0.000189511064193848 
8 6 -0.00794373756641198 
8 7 -0.018060999124468013 
