12 24 12 
K 
0 3 134.92557115253808 
1 4 254.13587518077813 
2 5 350.097707534246 
3 0 127.58562008184002 
3 6 2041.3425387071484 
4 1 65.0587840462792 
4 9 1898.7959173479658 
5 2 42.15176398712322 
5 11 2039.7833864539439 
6 3 2041.3425387071484 
6 7 1315.6132364487087 
6 8 1225.9557408592539 
7 6 1315.6132364487084 
7 9 692.3295877980083 
8 6 1225.9557408592539 
8 11 668.5129275224929 
9 4 1898.7959173479658 
9 7 692.3295877980083 
9 10 1613.395239115731 
10 9 1613.395239115731 
10 11 1160.7430581733433 
11 5 2039.7833864539439 
11 8 668.5129275224928 
11 10 1160.743058173343 
P 
0 1.0 5.661245644793789 5.661245644793789 
1 1.0 48.007462737669016 48.007462737669016 
2 1.0 53.22964296780048 53.22964296780048 
3 0.0 -0.0 -0.0 
4 0.0 -0.0 -0.0 
5 0.0 -0.0 -0.0 
6 0.0 -383.83316449443953 -383.83316449443953 
7 0.0 -288.30711332059366 -288.30711332059366 
8 0.0 -372.2712129443123 -372.2712129443123 
9 0.0 -331.5805016930733 -331.5805016930733 
10 0.0 -328.3774246365724 -328.3774246365724 
11 0.0 -292.29263901711903 -292.29263901711903 
Alfa 
0 1.0575296108291032 
1 3.90625 
2 8.305647840531561 
3 0.0 
4 0.0 
5 0.0 
6 0.0 
7 0.0 
8 0.0 
9 0.0 
10 0.0 
11 0.0 
Gamma 
6 7 0.11710874456686438 
6 8 0.18272156076209756 
7 6 0.11710874456686438 
7 9 0.19620081728811645 
8 6 0.18272156076209756 
8 11 0.22550963518842404 
9 7 0.19620081728811645 
9 10 0.11751164543144554 
10 9 0.11751164543144554 
10 11 0.11751164543144554 
11 8 0.22550963518842404 
11 10 0.11751164543144554 
