3 6 6 
K 
0 1 76.5409885989692 
0 2 51.096665859870264 
1 0 282.7232766374425 
1 2 105.1250513069265 
2 0 401.30404681971226 
2 1 223.52170377552474 
P 
0 1.0 -32.819303760629616 -32.819303760629616 
1 1.0 4.171910598854412 4.171910598854412 
2 1.0 11.067965233626559 11.067965233626559 
Alfa 
0 1.0575296108291032 
1 3.90625 
2 8.305647840531561 
Gamma 
0 1 -0.26918731370547166 
0 2 -0.2697449075593634 
1 0 -0.26918731370547144 
1 2 -0.27542087632689616 
2 0 -0.2697449075593634 
2 1 -0.27542087632689616 
