9 72 72 
K 
0 1 36.6537338298833 
0 2 24.510544542011534 
0 3 4.810737812089912 
0 4 24.622954086104357 
0 5 16.88306831855751 
0 6 4.3826457716357945 
0 7 20.62793238531521 
0 8 4.497171345810743 
1 0 135.38972933413137 
1 2 50.66668347564393 
1 3 8.416315558691467 
1 4 47.45258167026941 
1 5 31.317802646784784 
1 6 10.082567929205311 
1 7 45.42733097159996 
1 8 9.296274781793517 
2 0 192.50141959240952 
2 1 107.72982533027285 
2 3 11.96658491566505 
2 4 64.84384042204839 
2 5 46.45734293793319 
2 6 12.881134174599492 
2 7 63.62518166868405 
2 8 14.770217083342898 
3 0 1137.258418778055 
3 1 538.6441957562539 
3 2 360.19420596151787 
3 4 361.8461181174315 
3 5 248.10478513741774 
3 6 64.4050812914092 
3 7 303.1373584304186 
3 8 66.08808952411196 
4 0 116.41732691910143 
4 1 60.73930453794488 
4 2 39.035991934073124 
4 3 7.236922362348633 
4 5 25.89252806797704 
4 6 7.262530399789573 
4 7 33.62245411348641 
4 8 7.162286585690266 
5 0 110.86548195852757 
5 1 55.676093594284055 
5 2 38.843500623105236 
5 3 6.891799587150493 
5 4 35.96184453885699 
5 6 6.6571279560406165 
5 7 31.9047653137159 
5 8 7.126968463462561 
6 0 1036.0574604147016 
6 1 645.2843474691399 
6 2 387.72213865544444 
6 3 64.40508129140922 
6 4 363.12651998947865 
6 5 239.65660641746226 
6 7 347.62847515338774 
6 8 71.13888837145464 
7 0 121.91108039721288 
7 1 72.68372955455993 
7 2 47.877949205684736 
7 3 7.578433960760468 
7 4 42.02806764185801 
7 5 28.71428878234432 
7 6 8.690711878834694 
7 8 8.784600476539113 
8 0 1063.1313061496596 
8 1 594.9615860347851 
8 2 444.583534208621 
8 3 66.08808952411195 
8 4 358.1143292845132 
8 5 256.57086468465224 
8 6 71.13888837145464 
8 7 351.3840190615646 
P 
0 1.0 5.149983216531525 5.149983216531525 
1 1.0 46.61304617388707 46.61304617388707 
2 1.0 51.32035353788419 51.32035353788419 
3 0.0 -0.46705059684649897 -0.46705059684649897 
4 0.0 -47.62886422078084 -47.62886422078084 
5 0.0 -47.71261272423561 -47.71261272423561 
6 0.0 -1.275876985452062 -1.275876985452062 
7 0.0 -47.95338534182183 -47.95338534182183 
8 0.0 -1.9346892284585866 -1.9346892284585866 
Alfa 
0 1.0575296108291032 
1 3.90625 
2 8.305647840531561 
3 250.0 
4 5.0 
5 6.944444444444445 
6 250.0 
7 6.25 
8 250.0 
Gamma 
0 1 0.010586477350444712 
0 2 0.009262844890891575 
0 3 -0.0066065030486888165 
0 4 -0.0016070878695804147 
0 5 -0.002105743089941825 
0 6 0.010586477350444712 
0 7 0.010833960249280628 
0 8 0.009262844890891575 
1 0 0.010586477350444712 
1 2 -0.007012283119742779 
1 3 0.010586477350444712 
1 4 0.004650297324348074 
1 5 0.004988748580214253 
1 6 -0.016537098745325052 
1 7 -0.011966433601217519 
1 8 -0.007012283119742779 
2 0 0.009262844890891575 
2 1 -0.007012283119742779 
2 3 0.009262844890891575 
2 4 0.005906574704653167 
2 5 -0.0017425407781863633 
2 6 -0.007012283119742779 
2 7 -0.013700281676669368 
2 8 -0.023719858297990504 
3 0 -0.0066065030486888165 
3 1 0.010586477350444712 
3 2 0.009262844890891575 
3 4 -0.0016070878695804147 
3 5 -0.002105743089941825 
3 6 0.010586477350444712 
3 7 0.010833960249280628 
3 8 0.009262844890891575 
4 0 -0.0016070878695804147 
4 1 0.004650297324348074 
4 2 0.005906574704653167 
4 3 -0.0016070878695804147 
4 5 0.0007752810021102174 
4 6 0.004650297324348074 
4 7 0.005972308578610086 
4 8 0.005906574704653167 
5 0 -0.002105743089941825 
5 1 0.004988748580214253 
5 2 -0.0017425407781863633 
5 3 -0.002105743089941825 
5 4 0.0007752810021104395 
5 6 0.004988748580214253 
5 7 0.0028887478966588276 
5 8 -0.0017425407781863633 
6 0 0.010586477350444712 
6 1 -0.016537098745325052 
6 2 -0.007012283119742779 
6 3 0.010586477350444712 
6 4 0.004650297324348074 
6 5 0.004988748580214253 
6 7 -0.011966433601217519 
6 8 -0.007012283119742779 
7 0 0.010833960249280628 
7 1 -0.011966433601217519 
7 2 -0.013700281676669368 
7 3 0.010833960249280628 
7 4 0.005972308578610086 
7 5 0.0028887478966588276 
7 6 -0.01196643360121774 
7 8 -0.013700281676669368 
8 0 0.009262844890891575 
8 1 -0.007012283119742779 
8 2 -0.023719858297990504 
8 3 0.009262844890891575 
8 4 0.005906574704653167 
8 5 -0.0017425407781863633 
8 6 -0.007012283119742779 
8 7 -0.013700281676669368 
