3 6 6 
K 
0 1 27.38454966264912 
0 2 19.483331112674005 
1 0 101.15168031641021 
1 2 49.98985800354453 
2 0 153.01858721050283 
2 1 106.29072798095848 
P 
0 1.0 -4.465227338563658 -4.465227338563658 
1 1.0 32.774900637098284 32.774900637098284 
2 1.0 36.06831642188323 36.06831642188323 
Alfa 
0 1.0575296108291032 
1 3.90625 
2 8.305647840531561 
Gamma 
0 1 -0.15192552391308745 
0 2 -0.14755055725113997 
1 0 -0.15192552391308745 
1 2 -0.17055441862209775 
2 0 -0.14755055725113975 
2 1 -0.17055441862209797 
