3 6 6 
K 
0 1 51.00480796364287 
0 2 34.44352600574247 
1 0 188.39900941570576 
1 2 74.0859757808827 
2 0 270.51327401187774 
2 1 157.52499833808946 
P 
0 1.0 -13.678224177788909 -13.678224177788909 
1 1.0 24.36373830890344 24.36373830890344 
2 1.0 29.67544968340725 29.67544968340725 
Alfa 
0 1.0575296108291032 
1 3.90625 
2 8.305647840531561 
Gamma 
0 1 -0.19275287976074051 
0 2 -0.19261367339008117 
1 0 -0.19275287976074051 
1 2 -0.202919514738092 
2 0 -0.19261367339008117 
2 1 -0.202919514738092 
