12 24 12 
K 
0 3 134.92557115253808 
1 4 254.13587518077813 
2 5 350.097707534246 
3 0 127.58562008184002 
3 6 1485.7872908311526 
4 1 65.0587840462792 
4 9 1382.0350031330136 
5 2 42.15176398712322 
5 11 1484.652464824074 
6 3 1485.7872908311526 
6 7 957.5665961493768 
6 8 892.3095582203433 
7 6 957.5665961493768 
7 9 503.91077592893026 
8 6 892.3095582203433 
8 11 486.57586496890303 
9 4 1382.0350031330136 
9 7 503.91077592893026 
9 10 1174.3066613817036 
10 9 1174.3066613817036 
10 11 844.8446309489526 
11 5 1484.652464824074 
11 8 486.57586496890315 
11 10 844.8446309489526 
P 
0 1.0 5.661245644793789 5.661245644793789 
1 1.0 48.007462737669016 48.007462737669016 
2 1.0 53.22964296780048 53.22964296780048 
3 0.0 -0.0 -0.0 
4 0.0 -0.0 -0.0 
5 0.0 -0.0 -0.0 
6 0.0 -279.37223998013013 -279.37223998013013 
7 0.0 -212.40875622899597 -212.40875622899597 
8 0.0 -272.80367477380594 -272.80367477380594 
9 0.0 -241.34023857407237 -241.34023857407237 
10 0.0 -241.06086199402728 -241.06086199402728 
11 0.0 -212.74464232258666 -212.74464232258666 
Alfa 
0 1.0575296108291032 
1 3.90625 
2 8.305647840531561 
3 0.0 
4 0.0 
5 0.0 
6 0.0 
7 0.0 
8 0.0 
9 0.0 
10 0.0 
11 0.0 
Gamma 
6 7 0.11710874456686438 
6 8 0.18272156076209756 
7 6 0.11710874456686438 
7 9 0.19620081728811645 
8 6 0.18272156076209756 
8 11 0.22550963518842404 
9 7 0.19620081728811645 
9 10 0.11751164543144554 
10 9 0.11751164543144554 
10 11 0.11751164543144554 
11 8 0.22550963518842404 
11 10 0.11751164543144554 
