9 72 72 
K 
0 1 46.294302371077194 
0 2 30.791677815409614 
0 3 5.796824628957639 
0 4 30.197594372321454 
0 5 20.66614565671046 
0 6 5.4968081652164695 
0 7 25.91645238723376 
0 8 5.624712451142749 
1 0 170.99957938316632 
1 2 62.32787680604529 
1 3 10.497352686452214 
1 4 58.32558506686366 
1 5 38.92445091760605 
1 6 11.95470681741281 
1 7 54.72204969936055 
1 8 11.385426504716456 
2 0 241.83231347384822 
2 1 132.5243892221561 
2 3 14.845645203765695 
2 4 80.36098895206814 
2 5 56.60864619307432 
2 6 15.73543843317069 
2 7 76.61316338842254 
2 8 17.353045775096728 
3 0 1370.3693422855858 
3 1 671.8305719329417 
3 2 446.85392063334746 
3 4 438.2324834606564 
3 5 299.9105234356339 
3 6 79.77058912870095 
3 7 376.10384297887373 
3 8 81.6267572782444 
4 0 142.7742261923359 
4 1 74.6567488855855 
4 2 48.37731534914506 
4 3 8.76464966921313 
4 5 31.66246609696635 
4 6 8.864456441602776 
4 7 41.34161427621202 
4 8 8.837078954529053 
5 0 135.70768981239868 
5 1 69.19902385352187 
5 2 47.33111806698715 
5 3 8.330847873212056 
5 4 43.97564735689771 
5 6 8.216427073338739 
5 7 39.20068327367496 
5 8 8.645970210322838 
6 0 1299.445450257173 
6 1 765.1012363144195 
6 2 473.63669683843796 
6 3 79.77058912870093 
6 4 443.2228220801388 
6 5 295.7913746401945 
6 7 415.839142804237 
6 8 86.51916410648006 
7 0 153.16623360855155 
7 1 87.55527951897686 
7 2 57.65140544978798 
7 3 9.402596074471843 
7 4 51.67701784526502 
7 5 35.28061494630746 
7 6 10.395978570105925 
7 8 10.531175988630928 
8 0 1329.6820234501458 
8 1 728.6672963018533 
8 2 522.3266778304113 
8 3 81.62675727824441 
8 4 441.85394772645253 
8 5 311.25492757162215 
8 6 86.51916410648006 
8 7 421.2470395452371 
P 
0 1.0 5.3162369747366265 5.3162369747366265 
1 1.0 46.737355013651914 46.737355013651914 
2 1.0 51.45903584371122 51.45903584371122 
3 0.0 -0.30735973593890925 -0.30735973593890925 
4 0.0 -47.53024381521856 -47.53024381521856 
5 0.0 -47.63501299317164 -47.63501299317164 
6 0.0 -1.1460052431991612 -1.1460052431991612 
7 0.0 -47.887132535433345 -47.887132535433345 
8 0.0 -1.7783721370513883 -1.7783721370513883 
Alfa 
0 1.0575296108291032 
1 3.90625 
2 8.305647840531561 
3 250.0 
4 5.0 
5 6.944444444444445 
6 250.0 
7 6.25 
8 250.0 
Gamma 
0 1 0.006934657778900899 
0 2 0.005496448689860323 
0 3 -0.0036536383737098 
0 4 -0.0006282195186573247 
0 5 -0.0015794648729965388 
0 6 0.006934657778900677 
0 7 0.006795222656955868 
0 8 0.005496448689860323 
1 0 0.006934657778900899 
1 2 -0.006547030640725371 
1 3 0.006934657778900899 
1 4 0.0025351417715222535 
1 5 0.0020901476426569143 
1 6 -0.012615259353592645 
1 7 -0.009703644935330935 
1 8 -0.006547030640725371 
2 0 0.005496448689860323 
2 1 -0.006547030640725371 
2 3 0.005496448689860323 
2 4 0.0027643420430454313 
2 5 -0.0028995580768556017 
2 6 -0.006547030640725371 
2 7 -0.011388588549009704 
2 8 -0.018639686977060865 
3 0 -0.0036536383737098 
3 1 0.006934657778900899 
3 2 0.005496448689860323 
3 4 -0.0006282195186573247 
3 5 -0.0015794648729965388 
3 6 0.006934657778900677 
3 7 0.006795222656955868 
3 8 0.005496448689860323 
4 0 -0.0006282195186573247 
4 1 0.0025351417715222535 
4 2 0.0027643420430454313 
4 3 -0.0006282195186573247 
4 5 -0.00010383342397335404 
4 6 0.0025351417715222535 
4 7 0.0030954220094401297 
4 8 0.0027643420430454313 
5 0 -0.0015794648729965388 
5 1 0.0020901476426569143 
5 2 -0.0028995580768556017 
5 3 -0.0015794648729965388 
5 4 -0.00010383342397335404 
5 6 0.0020901476426569143 
5 7 0.00042319271223245636 
5 8 -0.0028995580768556017 
6 0 0.006934657778900899 
6 1 -0.012615259353592645 
6 2 -0.006547030640725371 
6 3 0.006934657778900899 
6 4 0.0025351417715222535 
6 5 0.0020901476426569143 
6 7 -0.009703644935330935 
6 8 -0.006547030640725371 
7 0 0.006795222656955868 
7 1 -0.009703644935330935 
7 2 -0.011388588549009704 
7 3 0.006795222656955868 
7 4 0.0030954220094401297 
7 5 0.00042319271223245636 
7 6 -0.009703644935330935 
7 8 -0.011388588549009704 
8 0 0.005496448689860323 
8 1 -0.006547030640725371 
8 2 -0.018639686977060865 
8 3 0.005496448689860323 
8 4 0.0027643420430454313 
8 5 -0.0028995580768556017 
8 6 -0.006547030640725371 
8 7 -0.011388588549009704 
