12 24 12 
K 
0 3 134.92557115253808 
1 4 254.13587518077813 
2 5 350.097707534246 
3 0 127.58562008184002 
3 6 775.1933691292982 
4 1 65.0587840462792 
4 9 721.0617407650515 
5 2 42.15176398712322 
5 11 774.60128599517 
6 3 775.1933691292982 
6 7 499.59996320837115 
6 8 465.55281298452763 
7 6 499.59996320837115 
7 9 262.909970049877 
8 6 465.5528129845275 
8 11 253.86566867942807 
9 4 721.0617407650515 
9 7 262.909970049877 
9 10 612.6817363730635 
10 9 612.6817363730636 
10 11 440.78850310380193 
11 5 774.60128599517 
11 8 253.86566867942807 
11 10 440.78850310380193 
P 
0 1.0 5.661245644793789 5.661245644793789 
1 1.0 48.007462737669016 48.007462737669016 
2 1.0 53.22964296780048 53.22964296780048 
3 0.0 -0.0 -0.0 
4 0.0 -0.0 -0.0 
5 0.0 -0.0 -0.0 
6 0.0 -145.75942955485073 -145.75942955485073 
7 0.0 -115.32946227462686 -115.32946227462686 
8 0.0 -145.57775385804214 -145.57775385804214 
9 0.0 -125.91664621255966 -125.91664621255966 
10 0.0 -129.3768865210044 -129.3768865210044 
11 0.0 -110.99720469004536 -110.99720469004536 
Alfa 
0 1.0575296108291032 
1 3.90625 
2 8.305647840531561 
3 0.0 
4 0.0 
5 0.0 
6 0.0 
7 0.0 
8 0.0 
9 0.0 
10 0.0 
11 0.0 
Gamma 
6 7 0.11710874456686438 
6 8 0.18272156076209756 
7 6 0.11710874456686438 
7 9 0.19620081728811645 
8 6 0.18272156076209756 
8 11 0.22550963518842404 
9 7 0.19620081728811645 
9 10 0.11751164543144554 
10 9 0.11751164543144554 
10 11 0.11751164543144554 
11 8 0.22550963518842404 
11 10 0.11751164543144554 
