3 6 6 
K 
0 1 59.121002580199054 
0 2 39.70874137804329 
1 0 218.37820328061042 
1 2 83.66644733910984 
2 0 311.86533095579523 
2 1 177.89543620275842 
P 
0 1.0 -18.81167749421232 -18.81167749421232 
1 1.0 19.012128845671157 19.012128845671157 
2 1.0 24.803795602554878 24.803795602554878 
Alfa 
0 1.0575296108291032 
1 3.90625 
2 8.305647840531561 
Gamma 
0 1 -0.21577890179923487 
0 2 -0.2159776172049206 
1 0 -0.21577890179923487 
1 2 -0.22420450660049673 
2 0 -0.2159776172049208 
2 1 -0.22420450660049673 
