3 6 6 
K 
0 1 167.84994537101275 
0 2 111.20070426014048 
1 0 619.9957357141783 
1 2 221.83923412130784 
2 0 873.3503816311369 
2 1 471.68475029115297 
P 
0 1.0 -167.3037720513036 -167.3037720513036 
1 1.0 -138.1266749956115 -138.1266749956115 
2 1.0 -121.31465591556722 -121.31465591556722 
Alfa 
0 1.0575296108291032 
1 3.90625 
2 8.305647840531561 
Gamma 
0 1 -0.584424217672995 
0 2 -0.5854000036098007 
1 0 -0.5844242176729947 
1 2 -0.5875406572600235 
2 0 -0.5854000036098007 
2 1 -0.5875406572600235 
