3 6 6 
K 
0 1 124.77092710770218 
0 2 82.81580682601508 
1 0 460.87261200407477 
1 2 166.4854357997338 
2 0 650.4204894906965 
2 1 353.98896648448385 
P 
0 1.0 -91.30561196680881 -91.30561196680881 
1 1.0 -57.91259170824753 -57.91259170824753 
2 1.0 -46.72698277107996 -46.72698277107996 
Alfa 
0 1.0575296108291032 
1 3.90625 
2 8.305647840531561 
Gamma 
0 1 -0.42909798937107335 
0 2 -0.4299742246607845 
1 0 -0.4290979893710736 
1 2 -0.4330201374014515 
2 0 -0.4299742246607845 
2 1 -0.43302013740145173 
