3 6 6 
K 
0 1 105.36672697675185 
0 2 70.03984449915777 
1 0 389.1983477703771 
1 2 141.64988322048643 
2 0 550.0803734086675 
2 1 301.1824759505359 
P 
0 1.0 -64.3670611994749 -64.3670611994749 
1 1.0 -29.356925342791595 -29.356925342791595 
2 1.0 -20.142202515868593 -20.142202515868593 
Alfa 
0 1.0575296108291032 
1 3.90625 
2 8.305647840531561 
Gamma 
0 1 -0.36312905893392333 
0 2 -0.36392530254198485 
1 0 -0.36312905893392333 
1 2 -0.36766818014566893 
2 0 -0.3639253025419851 
2 1 -0.36766818014566893 
