9 72 72 
K 
0 1 30.102861545779668 
0 2 20.282844024573535 
0 3 4.217329797333378 
0 4 21.073990668663328 
0 5 14.487681956833176 
0 6 3.635571659975899 
0 7 17.068660492784026 
0 8 3.7451821837573553 
1 0 111.19244483472364 
1 2 43.149962663853515 
1 3 7.036664738425491 
1 4 40.49316735352063 
1 5 26.306018960257425 
1 6 9.02899377307693 
1 7 39.82345929348323 
1 8 7.96754494599813 
2 0 159.29781818635166 
2 1 91.74742891982146 
2 3 10.080948771350045 
2 4 54.686980973909 
2 5 40.129094601542434 
2 6 11.080486549403123 
2 7 55.820678764314955 
2 8 13.39089125655068 
3 0 996.9767640896106 
3 1 450.3465432592314 
3 2 303.4365580176363 
3 4 315.2723150879449 
3 5 216.7394444935641 
3 6 54.38908614556319 
3 7 255.35154653987914 
3 8 56.028887744316286 
4 0 99.63782788144022 
4 1 51.83125421250644 
4 2 32.921562546293224 
4 3 6.305446301758896 
4 5 22.255862346242253 
4 6 6.259745062090718 
4 7 28.677832492759308 
4 8 6.078893539803929 
5 0 95.13577818320454 
5 1 46.76625592934653 
5 2 33.55238187517851 
5 3 6.020540124821224 
5 4 30.910919925336444 
5 6 5.6480369629095515 
5 7 27.242137033200613 
5 8 6.195372930408555 
6 0 859.449140418303 
6 1 577.8556014769239 
6 2 333.5226451370341 
6 3 54.38908614556321 
6 4 312.98725310453597 
6 5 203.32933066474394 
6 7 307.8108221214246 
6 8 61.584217032557405 
7 0 100.87578351235359 
7 1 63.71753486957321 
7 2 42.005060770147004 
7 3 6.383788663496978 
7 4 35.84729061594913 
7 5 24.517923329880553 
7 6 7.6952705530356145 
7 8 7.756141349477605 
8 0 885.3610682402388 
8 1 509.92287654388053 
8 2 403.0658268221753 
8 3 56.02888774431628 
8 4 303.9446769901965 
8 5 223.03342549470804 
8 6 61.58421703255739 
8 7 310.24565397910413 
P 
0 1.0 4.957220941434672 4.957220941434672 
1 1.0 46.39514585598473 46.39514585598473 
2 1.0 51.043622071240776 51.043622071240776 
3 0.0 -0.6665282035669731 -0.6665282035669731 
4 0.0 -47.774214487285874 -47.774214487285874 
5 0.0 -47.842544046283386 -47.842544046283386 
6 0.0 -1.5050822421055523 -1.5050822421055523 
7 0.0 -48.08320015278024 -48.08320015278024 
8 0.0 -2.243411802319383 -2.243411802319383 
Alfa 
0 1.0575296108291032 
1 3.90625 
2 8.305647840531561 
3 250.0 
4 5.0 
5 6.944444444444445 
6 250.0 
7 6.25 
8 250.0 
Gamma 
0 1 0.015365557053096612 
0 2 0.014214860970414689 
0 3 -0.010564525425943438 
0 4 -0.003093980236960059 
0 5 -0.002967152951127039 
0 6 0.015365557053096612 
0 7 0.016171904349734145 
0 8 0.014214860970414689 
1 0 0.015365557053096612 
1 2 -0.007679469123709204 
1 3 0.015365557053096612 
1 4 0.007297749288670996 
1 5 0.008792131156069694 
1 6 -0.021567988695266438 
1 7 -0.014929970865450448 
1 8 -0.007679469123709204 
2 0 0.014214860970414689 
2 1 -0.007679469123709204 
2 3 0.014214860970414689 
2 4 0.010055419205822425 
2 5 -0.0003913066651035635 
2 6 -0.007679469123709204 
2 7 -0.016756597089092606 
2 8 -0.030147736656057855 
3 0 -0.010564525425943438 
3 1 0.015365557053096612 
3 2 0.014214860970414689 
3 4 -0.003093980236960059 
3 5 -0.002967152951127039 
3 6 0.015365557053096612 
3 7 0.016171904349734145 
3 8 0.014214860970414689 
4 0 -0.003093980236960059 
4 1 0.007297749288670996 
4 2 0.010055419205822425 
4 3 -0.003093980236960059 
4 5 0.0018072883320880972 
4 6 0.007297749288670996 
4 7 0.009714496510951465 
4 8 0.010055419205822425 
5 0 -0.002967152951127039 
5 1 0.008792131156069694 
5 2 -0.0003913066651035635 
5 3 -0.002967152951127039 
5 4 0.0018072883320880972 
5 6 0.008792131156069694 
5 7 0.006066165054682049 
5 8 -0.0003913066651035635 
6 0 0.015365557053096612 
6 1 -0.021567988695266438 
6 2 -0.007679469123709204 
6 3 0.015365557053096612 
6 4 0.007297749288670996 
6 5 0.008792131156069694 
6 7 -0.014929970865450448 
6 8 -0.007679469123709204 
7 0 0.016171904349734145 
7 1 -0.01492997086545067 
7 2 -0.016756597089092606 
7 3 0.016171904349733923 
7 4 0.009714496510951465 
7 5 0.006066165054682049 
7 6 -0.01492997086545067 
7 8 -0.016756597089092606 
8 0 0.014214860970414689 
8 1 -0.007679469123709204 
8 2 -0.030147736656057855 
8 3 0.014214860970414689 
8 4 0.010055419205822425 
8 5 -0.0003913066651035635 
8 6 -0.007679469123709204 
8 7 -0.016756597089092606 
