9 72 72 
K 
0 1 16.652511738342525 
0 2 11.825884708040698 
0 3 3.5684187453289824 
0 4 15.418387003243295 
0 5 10.78286957412081 
0 6 2.166763313870561 
0 7 9.964351251685889 
0 8 2.291006948292255 
1 0 61.51021523350272 
1 2 29.97488465840379 
1 3 4.427855712073348 
1 4 29.173442782124006 
1 5 16.9315289461054 
1 6 8.562677153612652 
1 7 33.321992797218776 
1 8 5.806979411863353 
2 0 92.87837690966181 
2 1 63.73397402451303 
2 3 6.685914691834004 
2 4 36.15362512185581 
2 5 31.369048231145708 
2 6 8.292829270044958 
2 7 47.212367790487384 
2 8 13.645367369147916 
3 0 843.574191395771 
3 1 283.38276557269427 
3 2 201.2460322242035 
3 4 262.38114815969857 
3 5 183.49660692256353 
3 6 36.87271865494633 
3 7 169.56753787110904 
3 8 38.987024609534224 
4 0 72.89813375133429 
4 1 37.34200676111871 
4 2 21.764482323357196 
4 3 5.2476229631939715 
4 5 16.873205081777616 
4 6 4.858803980302841 
4 7 20.62723856346611 
4 8 4.216393230596315 
5 0 70.80751020339328 
5 1 30.100495904187373 
5 2 26.22800977104127 
5 3 5.0971279700712095 
5 4 23.435007058024468 
5 6 3.916565337367892 
5 7 19.76142683338006 
5 8 5.081104214087007 
6 0 512.2228473990006 
6 1 548.0113378312097 
6 2 249.61416102835315 
6 3 36.87271865494633 
6 4 242.94019901514216 
6 5 140.99635214524412 
6 7 277.48701523489086 
6 8 48.35729346484094 
7 0 58.889315897463575 
7 1 53.31518847555003 
7 2 35.527306762341766 
7 3 4.239188446777725 
7 4 25.784048204332645 
7 5 17.78528415004206 
7 6 6.937175380872272 
7 8 6.882639959384532 
8 0 541.5940425762888 
8 1 371.64668235925456 
8 2 410.7255578113523 
8 3 38.987024609534224 
8 4 210.8196615298158 
8 5 182.91975170713224 
8 6 48.35729346484092 
8 7 275.3055983753812 
P 
0 1.0 4.224297163940542 4.224297163940542 
1 1.0 45.20885003504491 45.20885003504491 
2 1.0 49.26999505887597 49.26999505887597 
3 0.0 -1.7602773349072027 -1.7602773349072027 
4 0.0 -48.754817783047415 -48.754817783047415 
5 0.0 -48.81738919811916 -48.81738919811916 
6 0.0 -3.032398168677537 -3.032398168677537 
7 0.0 -48.971193761848944 -48.971193761848944 
8 0.0 -4.473099895453084 -4.473099895453084 
Alfa 
0 1.0575296108291032 
1 3.90625 
2 8.305647840531561 
3 250.0 
4 5.0 
5 6.944444444444445 
6 250.0 
7 6.25 
8 250.0 
Gamma 
0 1 0.04387594977883147 
0 2 0.044279764840551517 
0 3 -0.028991617037516848 
0 4 -0.01080751095959176 
0 5 -0.006769061648031149 
0 6 0.04387594977883147 
0 7 0.04899213264357827 
0 8 0.044279764840551517 
1 0 0.04387594977883147 
1 2 -0.007957692984766895 
1 3 0.04387594977883147 
1 4 0.02217119850896343 
1 5 0.03305532392596611 
1 6 -0.042539849643142835 
1 7 -0.026366599570293525 
1 8 -0.007957692984766895 
2 0 0.044279764840551517 
2 1 -0.007957692984766895 
2 3 0.044279764840551517 
2 4 0.03672216368730652 
2 5 0.007220553171627175 
2 6 -0.007957692984766895 
2 7 -0.029018739852572084 
2 8 -0.05624619122371888 
3 0 -0.028991617037516848 
3 1 0.04387594977883147 
3 2 0.044279764840551517 
3 4 -0.01080751095959176 
3 5 -0.006769061648031149 
3 6 0.04387594977883147 
3 7 0.04899213264357849 
3 8 0.044279764840551517 
4 0 -0.01080751095959176 
4 1 0.02217119850896343 
4 2 0.03672216368730652 
4 3 -0.010807510959591982 
4 5 0.00895161865307137 
4 6 0.02217119850896343 
4 7 0.03265764426800466 
4 8 0.03672216368730652 
5 0 -0.006769061648031149 
5 1 0.03305532392596611 
5 2 0.007220553171627175 
5 3 -0.006769061648031149 
5 4 0.00895161865307137 
5 6 0.03305532392596611 
5 7 0.025619133858902687 
5 8 0.007220553171627175 
6 0 0.04387594977883147 
6 1 -0.042539849643142835 
6 2 -0.007957692984766895 
6 3 0.04387594977883147 
6 4 0.02217119850896343 
6 5 0.03305532392596611 
6 7 -0.026366599570293525 
6 8 -0.007957692984766895 
7 0 0.04899213264357849 
7 1 -0.026366599570293525 
7 2 -0.029018739852572084 
7 3 0.04899213264357849 
7 4 0.03265764426800488 
7 5 0.025619133858902687 
7 6 -0.026366599570293525 
7 8 -0.029018739852572084 
8 0 0.044279764840551517 
8 1 -0.007957692984766895 
8 2 -0.05624619122371888 
8 3 0.044279764840551517 
8 4 0.03672216368730652 
8 5 0.007220553171627175 
8 6 -0.007957692984766895 
8 7 -0.029018739852572084 
