3 6 6 
K 
0 1 40.29002630388151 
0 2 27.57652088491791 
1 0 148.82128465996232 
1 2 62.306321201282465 
2 0 216.58104774732874 
2 1 132.47855670704573 
P 
0 1.0 -8.409361205893017 -8.409361205893017 
1 1.0 29.61153613612023 29.61153613612023 
2 1.0 34.222077623721376 34.222077623721376 
Alfa 
0 1.0575296108291032 
1 3.90625 
2 8.305647840531561 
Gamma 
0 1 -0.16667072019734475 
0 2 -0.16561266541802722 
1 0 -0.16667072019734497 
1 2 -0.1803838557345847 
2 0 -0.16561266541802722 
2 1 -0.18038385573458493 
