3 6 6 
K 
0 1 119.37594430791395 
0 2 79.26267864519903 
1 0 440.94489428735704 
1 2 159.57006141313136 
2 0 622.5148581968457 
2 1 339.2851804133026 
P 
0 1.0 -83.35923969962788 -83.35923969962788 
1 1.0 -49.497028244993906 -49.497028244993906 
2 1.0 -38.89383682884237 -38.89383682884237 
Alfa 
0 1.0575296108291032 
1 3.90625 
2 8.305647840531561 
Gamma 
0 1 -0.4105382826150512 
0 2 -0.4113956790172353 
1 0 -0.41053828261505143 
1 2 -0.41460810691081207 
2 0 -0.4113956790172355 
2 1 -0.41460810691081185 
