12 24 12 
K 
0 3 134.92557115253808 
1 4 254.13587518077813 
2 5 350.097707534246 
3 0 127.58562008184002 
3 6 1950.9033123087306 
4 1 65.0587840462792 
4 9 1814.6720475920433 
5 2 42.15176398712322 
5 11 1949.4132364211748 
6 3 1950.9033123087306 
6 7 1257.3265740743989 
6 8 1171.6412460110591 
7 6 1257.3265740743984 
7 9 661.6567579588559 
8 6 1171.6412460110591 
8 11 638.8952661765595 
9 4 1814.6720475920433 
9 7 661.656757958856 
9 10 1541.9157032055405 
10 9 1541.9157032055407 
10 11 1109.3177328112329 
11 5 1949.4132364211748 
11 8 638.8952661765595 
11 10 1109.3177328112329 
P 
0 1.0 5.661245644793789 5.661245644793789 
1 1.0 48.007462737669016 48.007462737669016 
2 1.0 53.22964296780048 53.22964296780048 
3 0.0 -0.0 -0.0 
4 0.0 -0.0 -0.0 
5 0.0 -0.0 -0.0 
6 0.0 -366.82789771304033 -366.82789771304033 
7 0.0 -275.95156681731027 -275.95156681731027 
8 0.0 -356.07882300957874 -356.07882300957874 
9 0.0 -316.890226301608 -316.890226301608 
10 0.0 -314.1631004854604 -314.1631004854604 
11 0.0 -279.34296513661366 -279.34296513661366 
Alfa 
0 1.0575296108291032 
1 3.90625 
2 8.305647840531561 
3 0.0 
4 0.0 
5 0.0 
6 0.0 
7 0.0 
8 0.0 
9 0.0 
10 0.0 
11 0.0 
Gamma 
6 7 0.11710874456686438 
6 8 0.18272156076209756 
7 6 0.11710874456686438 
7 9 0.19620081728811645 
8 6 0.18272156076209756 
8 11 0.22550963518842404 
9 7 0.19620081728811645 
9 10 0.11751164543144554 
10 9 0.11751164543144554 
10 11 0.11751164543144554 
11 8 0.22550963518842404 
11 10 0.11751164543144554 
