3 6 6 
K 
0 1 20.37147047868323 
0 2 15.075984689110097 
1 0 75.24711908063615 
1 2 43.263268388646594 
2 0 118.40407908656572 
2 1 91.98834474662402 
P 
0 1.0 -3.0922687407726173 -3.0922687407726173 
1 1.0 33.44363394775804 33.44363394775804 
2 1.0 35.61146316546435 35.61146316546435 
Alfa 
0 1.0575296108291032 
1 3.90625 
2 8.305647840531561 
Gamma 
0 1 -0.1610759544061764 
0 2 -0.1521652107570759 
1 0 -0.1610759544061764 
1 2 -0.17808613767026893 
2 0 -0.1521652107570759 
2 1 -0.17808613767026893 
