12 24 12 
K 
0 3 134.92557115253808 
1 4 254.13587518077813 
2 5 350.097707534246 
3 0 127.58562008184002 
3 6 1937.9834228232419 
4 1 65.0587840462792 
4 9 1802.654351912626 
5 2 42.15176398712322 
5 11 1936.5032149879219 
6 3 1937.9834228232419 
6 7 1248.999908020926 
6 8 1163.882032461317 
7 6 1248.999908020926 
7 9 657.2749251246914 
8 6 1163.882032461317 
8 11 634.6641716985691 
9 4 1802.654351912626 
9 7 657.2749251246914 
9 10 1531.7043409326561 
10 9 1531.7043409326561 
10 11 1101.9712577595028 
11 5 1936.5032149879219 
11 8 634.6641716985691 
11 10 1101.9712577595028 
P 
0 1.0 5.661245644793789 5.661245644793789 
1 1.0 48.007462737669016 48.007462737669016 
2 1.0 53.22964296780048 53.22964296780048 
3 0.0 -0.0 -0.0 
4 0.0 -0.0 -0.0 
5 0.0 -0.0 -0.0 
6 0.0 -364.39857388712613 -364.39857388712613 
7 0.0 -274.18648874541265 -274.18648874541265 
8 0.0 -353.7656244474739 -353.7656244474739 
9 0.0 -314.7916155313987 -314.7916155313987 
10 0.0 -312.1324827495872 -312.1324827495872 
11 0.0 -277.4930117251129 -277.4930117251129 
Alfa 
0 1.0575296108291032 
1 3.90625 
2 8.305647840531561 
3 0.0 
4 0.0 
5 0.0 
6 0.0 
7 0.0 
8 0.0 
9 0.0 
10 0.0 
11 0.0 
Gamma 
6 7 0.11710874456686438 
6 8 0.18272156076209756 
7 6 0.11710874456686438 
7 9 0.19620081728811645 
8 6 0.18272156076209756 
8 11 0.22550963518842404 
9 7 0.19620081728811645 
9 10 0.11751164543144554 
10 9 0.11751164543144554 
10 11 0.11751164543144554 
11 8 0.22550963518842404 
11 10 0.11751164543144554 
