12 24 12 
K 
0 3 134.92557115253808 
1 4 254.13587518077813 
2 5 350.097707534246 
3 0 127.58562008184002 
3 6 2441.859112757291 
4 1 65.0587840462792 
4 9 2271.344483409914 
5 2 42.15176398712322 
5 11 2439.994050884787 
6 3 2441.859112757291 
6 7 1573.7398841063703 
6 8 1466.4913609012633 
7 6 1573.7398841063703 
7 9 828.1664056571134 
8 6 1466.4913609012633 
8 11 799.6768563401989 
9 4 2271.344483409914 
9 7 828.1664056571133 
9 10 1929.9474695751512 
10 9 1929.9474695751512 
10 11 1388.483784776977 
11 5 2439.994050884787 
11 8 799.6768563401989 
11 10 1388.483784776977 
P 
0 1.0 5.661245644793789 5.661245644793789 
1 1.0 48.007462737669016 48.007462737669016 
2 1.0 53.22964296780048 53.22964296780048 
3 0.0 -0.0 -0.0 
4 0.0 -0.0 -0.0 
5 0.0 -0.0 -0.0 
6 0.0 -459.14220309778005 -459.14220309778005 
7 0.0 -343.02453354942077 -343.02453354942077 
8 0.0 -443.9803683695622 -443.9803683695622 
9 0.0 -396.6374355695633 -396.6374355695633 
10 0.0 -391.32657444864077 -391.32657444864077 
11 0.0 -349.6411947736432 -349.6411947736432 
Alfa 
0 1.0575296108291032 
1 3.90625 
2 8.305647840531561 
3 0.0 
4 0.0 
5 0.0 
6 0.0 
7 0.0 
8 0.0 
9 0.0 
10 0.0 
11 0.0 
Gamma 
6 7 0.11710874456686438 
6 8 0.18272156076209756 
7 6 0.11710874456686438 
7 9 0.19620081728811645 
8 6 0.18272156076209756 
8 11 0.22550963518842404 
9 7 0.19620081728811645 
9 10 0.11751164543144554 
10 9 0.11751164543144554 
10 11 0.11751164543144554 
11 8 0.22550963518842404 
11 10 0.11751164543144554 
