3 6 6 
K 
0 1 43.15149882754313 
0 2 29.397849482426263 
1 0 159.39084879423743 
1 2 65.32184535057775 
2 0 230.88543580217845 
2 1 138.8903024065441 
P 
0 1.0 -9.638276042884312 -9.638276042884312 
1 1.0 28.434220363987333 28.434220363987333 
2 1.0 33.24954426808354 33.24954426808354 
Alfa 
0 1.0575296108291032 
1 3.90625 
2 8.305647840531561 
Gamma 
0 1 -0.17290492021633597 
0 2 -0.17217770416466993 
1 0 -0.17290492021633597 
1 2 -0.18551147041625438 
2 0 -0.17217770416466993 
2 1 -0.18551147041625438 
