3 6 6 
K 
0 1 210.6323870271542 
0 2 139.3953612703463 
1 0 778.0233795815506 
1 2 276.86527501469516 
2 0 1094.7861596116227 
2 1 588.683641227259 
P 
0 1.0 -264.73654617670564 -264.73654617670564 
1 1.0 -240.41918284824916 -240.41918284824916 
2 1.0 -216.25962313841205 -216.25962313841205 
Alfa 
0 1.0575296108291032 
1 3.90625 
2 8.305647840531561 
Gamma 
0 1 -0.7566179707767762 
0 2 -0.7576495233078613 
1 0 -0.7566179707767761 
1 2 -0.7592636321514237 
2 0 -0.7576495233078614 
2 1 -0.7592636321514236 
