3 6 6 
K 
0 1 74.15479392231289 
0 2 49.53251831438585 
1 0 273.9092700505433 
1 2 102.14223389642338 
2 0 389.01951260866485 
2 1 217.179500643558 
P 
0 1.0 -30.669501990466717 -30.669501990466717 
1 1.0 6.456685534869174 6.456685534869174 
2 1.0 13.190592605100989 13.190592605100989 
Alfa 
0 1.0575296108291032 
1 3.90625 
2 8.305647840531561 
Gamma 
0 1 -0.2616690578397918 
0 2 -0.2621933382441384 
1 0 -0.2616690578397918 
1 2 -0.26812305738364306 
2 0 -0.2621933382441384 
2 1 -0.26812305738364306 
