3 6 6 
K 
0 1 54.3845027711038 
0 2 36.63121216948204 
1 0 200.8827571107647 
1 2 78.02572536484475 
2 0 287.6949686666297 
2 1 165.90187452990241 
P 
0 1.0 -15.702317960611813 -15.702317960611813 
1 1.0 22.26711599559796 22.26711599559796 
2 1.0 27.779245815679317 27.779245815679317 
Alfa 
0 1.0575296108291032 
1 3.90625 
2 8.305647840531561 
Gamma 
0 1 -0.2021181519800046 
0 2 -0.2021421388345277 
1 0 -0.20211815198000438 
1 2 -0.21147916087904073 
2 0 -0.2021421388345277 
2 1 -0.21147916087904095 
