12 24 12 
K 
0 3 134.92557115253808 
1 4 254.13587518077813 
2 5 350.097707534246 
3 0 127.58562008184002 
3 6 2235.140880989475 
4 1 65.0587840462792 
4 9 2079.0613525392305 
5 2 42.15176398712322 
5 11 2233.433707952739 
6 3 2235.140880989475 
6 7 1440.5132272508026 
6 8 1342.343944105387 
7 6 1440.5132272508024 
7 9 758.0570803104782 
8 6 1342.3439441053868 
8 11 731.9793446923505 
9 4 2079.0613525392305 
9 7 758.0570803104782 
9 10 1766.5656732089988 
10 9 1766.5656732089988 
10 11 1270.9401839492948 
11 5 2233.433707952739 
11 8 731.9793446923507 
11 10 1270.9401839492948 
P 
0 1.0 5.661245644793789 5.661245644793789 
1 1.0 48.007462737669016 48.007462737669016 
2 1.0 53.22964296780048 53.22964296780048 
3 0.0 -0.0 -0.0 
4 0.0 -0.0 -0.0 
5 0.0 -0.0 -0.0 
6 0.0 -420.27302188315264 -420.27302188315264 
7 0.0 -314.7832843990583 -314.7832843990583 
8 0.0 -406.96919137588475 -406.96919137588475 
9 0.0 -363.0596632462135 -363.0596632462135 
10 0.0 -358.83669067466997 -358.83669067466997 
11 0.0 -320.0419401896306 -320.0419401896306 
Alfa 
0 1.0575296108291032 
1 3.90625 
2 8.305647840531561 
3 0.0 
4 0.0 
5 0.0 
6 0.0 
7 0.0 
8 0.0 
9 0.0 
10 0.0 
11 0.0 
Gamma 
6 7 0.11710874456686438 
6 8 0.18272156076209756 
7 6 0.11710874456686438 
7 9 0.19620081728811645 
8 6 0.18272156076209756 
8 11 0.22550963518842404 
9 7 0.19620081728811645 
9 10 0.11751164543144554 
10 9 0.11751164543144554 
10 11 0.11751164543144554 
11 8 0.22550963518842404 
11 10 0.11751164543144554 
