12 24 12 
K 
0 3 134.92557115253808 
1 4 254.13587518077813 
2 5 350.097707534246 
3 0 127.58562008184002 
3 6 1227.3895011213874 
4 1 65.0587840462792 
4 9 1141.6810895446636 
5 2 42.15176398712322 
5 11 1226.452036159018 
6 3 1227.3895011213874 
6 7 791.0332750799201 
6 8 737.1252872255012 
7 6 791.0332750799201 
7 9 416.2741192456382 
8 6 737.1252872255012 
8 11 401.95397540909397 
9 4 1141.6810895446636 
9 7 416.2741192456382 
9 10 970.0794159240162 
10 9 970.0794159240161 
10 11 697.9151299143523 
11 5 1226.452036159018 
11 8 401.95397540909397 
11 10 697.9151299143523 
P 
0 1.0 5.661245644793789 5.661245644793789 
1 1.0 48.007462737669016 48.007462737669016 
2 1.0 53.22964296780048 53.22964296780048 
3 0.0 -0.0 -0.0 
4 0.0 -0.0 -0.0 
5 0.0 -0.0 -0.0 
6 0.0 -230.7857634618467 -230.7857634618467 
7 0.0 -177.10719479104358 -177.10719479104358 
8 0.0 -226.53970353171005 -226.53970353171005 
9 0.0 -199.36802316988593 -199.36802316988593 
10 0.0 -200.44850727656436 -200.44850727656436 
11 0.0 -175.74557409257164 -175.74557409257164 
Alfa 
0 1.0575296108291032 
1 3.90625 
2 8.305647840531561 
3 0.0 
4 0.0 
5 0.0 
6 0.0 
7 0.0 
8 0.0 
9 0.0 
10 0.0 
11 0.0 
Gamma 
6 7 0.11710874456686438 
6 8 0.18272156076209756 
7 6 0.11710874456686438 
7 9 0.19620081728811645 
8 6 0.18272156076209756 
8 11 0.22550963518842404 
9 7 0.19620081728811645 
9 10 0.11751164543144554 
10 9 0.11751164543144554 
10 11 0.11751164543144554 
11 8 0.22550963518842404 
11 10 0.11751164543144554 
