3 6 6 
K 
0 1 2.2227625239689837 
0 2 2.103947310011151 
1 0 8.210329072910428 
1 2 10.059021518440852 
2 0 16.524024720486253 
2 1 21.387952730239693 
P 
0 1.0 2.444807177153567 2.444807177153567 
1 1.0 40.0116315890345 40.0116315890345 
2 1.0 40.30946046319406 40.30946046319406 
Alfa 
0 1.0575296108291032 
1 3.90625 
2 8.305647840531561 
Gamma 
0 1 -0.5474824473182272 
0 2 -0.4636823239622394 
1 0 -0.5474824473182272 
1 2 -0.42569672586798357 
2 0 -0.4636823239622394 
2 1 -0.42569672586798357 
