3 6 6 
K 
0 1 41.1022217825385 
0 2 28.09240867994905 
1 0 151.82133170925155 
1 2 63.15104773404674 
2 0 220.63273793820454 
2 1 134.27465298933527 
P 
0 1.0 -8.744569948357631 -8.744569948357631 
1 1.0 29.294999784570336 29.294999784570336 
2 1.0 33.965633142960264 33.965633142960264 
Alfa 
0 1.0575296108291032 
1 3.90625 
2 8.305647840531561 
Gamma 
0 1 -0.16836897818215113 
0 2 -0.16741354296261823 
1 0 -0.16836897818215113 
1 2 -0.18175683209847038 
2 0 -0.16741354296261823 
2 1 -0.18175683209847038 
