3 6 6 
K 
0 1 143.7071510747761 
0 2 95.29094247381086 
1 0 530.8182892824543 
1 2 190.79676546038002 
2 0 748.3979668042822 
2 1 405.68083021476156 
P 
0 1.0 -121.96988360510292 -121.96988360510292 
1 1.0 -90.33254356899326 -90.33254356899326 
2 1.0 -76.88900072483189 -76.88900072483189 
Alfa 
0 1.0575296108291032 
1 3.90625 
2 8.305647840531561 
Gamma 
0 1 -0.49569173587203563 
0 2 -0.4966204295991765 
1 0 -0.4956917358720354 
1 2 -0.49919471762757506 
2 0 -0.4966204295991765 
2 1 -0.49919471762757484 
