3 6 6 
K 
0 1 27.882999705470937 
0 2 19.793980826644262 
1 0 102.99283016208327 
1 2 50.44354185601714 
2 0 155.45837433284726 
2 1 107.25537138820918 
P 
0 1.0 -4.575886611993182 -4.575886611993182 
1 1.0 32.7102779486612 32.7102779486612 
2 1.0 36.07157741262897 36.07157741262897 
Alfa 
0 1.0575296108291032 
1 3.90625 
2 8.305647840531561 
Gamma 
0 1 -0.15189025182599192 
0 2 -0.147734205896201 
1 0 -0.15189025182599192 
1 2 -0.17042472216075688 
2 0 -0.14773420589620123 
2 1 -0.17042472216075688 
