9 72 72 
K 
0 1 27.27169539238607 
0 2 18.474635320290005 
0 3 3.9995834305585354 
0 4 19.658330575177885 
0 5 13.539353767930749 
0 6 3.317584454175286 
0 7 15.546778726446787 
0 8 3.4270576757770423 
1 0 100.73482485562607 
1 2 40.092330556281965 
1 3 6.457206267549067 
1 4 37.698200113402955 
1 5 24.214563954266367 
1 6 8.685409475990852 
1 7 37.75606914459596 
1 8 7.437155147619973 
2 0 145.09647141915468 
2 1 85.24615134890517 
2 3 9.300833609328432 
2 4 50.482497797441496 
2 5 37.68224652571005 
2 6 10.370140265366812 
2 7 52.960736723695504 
2 8 12.990052337500588 
3 0 945.5015229840383 
3 1 413.26120112314027 
3 2 279.9550916407858 
3 4 297.892198804842 
3 5 205.16838135880298 
3 6 50.27296310821626 
3 7 235.58786344763996 
3 8 51.931863825572925 
4 0 92.94458695944107 
4 1 48.25369614515576 
4 2 30.390463674059767 
4 3 5.95784397609684 
4 5 20.82718876769183 
4 6 5.870031543120002 
4 7 26.690291779299276 
4 8 5.637452106576956 
5 0 88.90842307607858 
5 1 43.048113696473536 
5 2 31.50654501177424 
5 3 5.699121704411193 
5 4 28.926651066238662 
5 6 5.236775738587314 
5 7 25.374280260500925 
5 8 5.844485969432434 
6 0 784.2769649670375 
6 1 555.8662064634145 
6 2 312.1412219875409 
6 3 50.27296310821625 
6 4 293.5015771560001 
6 5 188.52392658914326 
6 7 293.9521199371554 
6 8 57.90241334636728 
7 0 91.88146227330047 
7 1 60.40971063135352 
7 2 39.85295438458085 
7 3 5.889696586190998 
7 4 33.362864724124094 
7 5 22.836852234450838 
7 6 7.348802998428883 
7 8 7.3927507016103995 
8 0 810.1564345536931 
8 1 475.97792944767826 
8 2 391.00057535876766 
8 3 51.93186382557293 
8 4 281.87260532884784 
8 5 210.40149489956758 
8 6 57.90241334636728 
8 7 295.71002806441595 
P 
0 1.0 4.840133816112062 4.840133816112062 
1 1.0 46.2399272243328 46.2399272243328 
2 1.0 50.835753602610644 50.835753602610644 
3 0.0 -0.797590235720072 -0.797590235720072 
4 0.0 -47.87791979750188 -47.87791979750188 
5 0.0 -47.93976712257188 -47.93976712257188 
6 0.0 -1.6740476751604088 -1.6740476751604088 
7 0.0 -48.181195129171606 -48.181195129171606 
8 0.0 -2.4794859351766108 -2.4794859351766108 
Alfa 
0 1.0575296108291032 
1 3.90625 
2 8.305647840531561 
3 250.0 
4 5.0 
5 6.944444444444445 
6 250.0 
7 6.25 
8 250.0 
Gamma 
0 1 0.018620337429745115 
0 2 0.01760089264703324 
0 3 -0.013160279352408377 
0 4 -0.0041236332073231186 
0 5 -0.003560530467546341 
0 6 0.018620337429745115 
0 7 0.019834345356109173 
0 8 0.01760089264703324 
1 0 0.018620337429745115 
1 2 -0.008067275357495962 
1 3 0.018620337429745115 
1 4 0.009059185767413824 
1 5 0.011411736941311812 
1 6 -0.02475894139024626 
1 7 -0.016807522796978613 
1 8 -0.008067275357495962 
2 0 0.01760089264703324 
2 1 -0.008067275357495962 
2 3 0.01760089264703324 
2 4 0.012922125802661721 
2 5 0.00048577586275544427 
2 6 -0.008067275357495962 
2 7 -0.01871203940219668 
2 8 -0.03419190815160533 
3 0 -0.013160279352408377 
3 1 0.018620337429745115 
3 2 0.01760089264703324 
3 4 -0.0041236332073231186 
3 5 -0.003560530467546341 
3 6 0.018620337429745115 
3 7 0.019834345356109173 
3 8 0.01760089264703324 
4 0 -0.004123633207323341 
4 1 0.009059185767413824 
4 2 0.0129221258026615 
4 3 -0.0041236332073231186 
4 5 0.0025044961597096016 
4 6 0.009059185767413824 
4 7 0.012269270037197355 
4 8 0.012922125802661721 
5 0 -0.003560530467546341 
5 1 0.011411736941311812 
5 2 0.00048577586275544427 
5 3 -0.003560530467546341 
5 4 0.0025044961597096016 
5 6 0.011411736941311812 
5 7 0.008229735895746382 
5 8 0.00048577586275544427 
6 0 0.018620337429745115 
6 1 -0.02475894139024626 
6 2 -0.008067275357495962 
6 3 0.018620337429745115 
6 4 0.009059185767413824 
6 5 0.011411736941311812 
6 7 -0.016807522796978613 
6 8 -0.008067275357495962 
7 0 0.019834345356109173 
7 1 -0.016807522796978613 
7 2 -0.01871203940219668 
7 3 0.019834345356109173 
7 4 0.012269270037197355 
7 5 0.008229735895746382 
7 6 -0.016807522796978613 
7 8 -0.01871203940219668 
8 0 0.01760089264703324 
8 1 -0.008067275357495962 
8 2 -0.03419190815160533 
8 3 0.01760089264703324 
8 4 0.012922125802661721 
8 5 0.00048577586275544427 
8 6 -0.008067275357495962 
8 7 -0.01871203940219668 
