3 6 6 
K 
0 1 122.92720254120697 
0 2 81.60146376631484 
1 0 454.0623543865831 
1 2 164.12141738400493 
2 0 640.8832569553764 
2 1 348.9624821453927 
P 
0 1.0 -88.5504805172781 -88.5504805172781 
1 1.0 -54.99549496835422 -54.99549496835422 
2 1.0 -44.01193783768423 -44.01193783768423 
Alfa 
0 1.0575296108291032 
1 3.90625 
2 8.305647840531561 
Gamma 
0 1 -0.4227357441970878 
0 2 -0.4236057797547108 
1 0 -0.4227357441970878 
1 2 -0.4267066555568817 
2 0 -0.42360577975471103 
2 1 -0.4267066555568819 
