3 6 6 
K 
0 1 134.73497237387068 
0 2 89.37950082350403 
1 0 497.6773042059848 
1 2 179.2717247797346 
2 0 701.970564607188 
2 1 381.17576032900365 
P 
0 1.0 -106.90349360075572 -106.90349360075572 
1 1.0 -74.41388315928819 -74.41388315928819 
2 1.0 -62.08186235606811 -62.08186235606811 
Alfa 
0 1.0575296108291032 
1 3.90625 
2 8.305647840531561 
Gamma 
0 1 -0.4638454382112851 
0 2 -0.46475153201911046 
1 0 -0.4638454382112851 
1 2 -0.4675304545069823 
2 0 -0.46475153201911046 
2 1 -0.4675304545069825 
