12 24 12 
K 
0 3 134.92557115253808 
1 4 254.13587518077813 
2 5 350.097707534246 
3 0 127.58562008184002 
3 6 374.67679507916125 
4 1 65.0587840462792 
4 9 348.5131747031087 
5 2 42.15176398712322 
5 11 374.39062156433266 
6 3 374.67679507916125 
6 7 241.47331555071304 
6 8 225.01719294252197 
7 6 241.4733155507131 
7 9 127.07315219077407 
8 6 225.01719294252194 
8 11 122.70173986172371 
9 4 348.5131747031087 
9 7 127.07315219077404 
9 10 296.1295059136477 
10 9 296.12950591364773 
10 11 213.04777650017118 
11 5 374.39062156433266 
11 8 122.70173986172372 
11 10 213.04777650017118 
P 
0 1.0 5.661245644793789 5.661245644793789 
1 1.0 48.007462737669016 48.007462737669016 
2 1.0 53.22964296780048 53.22964296780048 
3 0.0 -0.0 -0.0 
4 0.0 -0.0 -0.0 
5 0.0 -0.0 -0.0 
6 0.0 -70.45039095151125 -70.45039095151125 
7 0.0 -60.612042045800564 -60.612042045800564 
8 0.0 -73.86859843279335 -73.86859843279335 
9 0.0 -60.85971233607059 -60.85971233607059 
10 0.0 -66.42773670893688 -66.42773670893688 
11 0.0 -53.648648933522 -53.648648933522 
Alfa 
0 1.0575296108291032 
1 3.90625 
2 8.305647840531561 
3 0.0 
4 0.0 
5 0.0 
6 0.0 
7 0.0 
8 0.0 
9 0.0 
10 0.0 
11 0.0 
Gamma 
6 7 0.11710874456686438 
6 8 0.18272156076209756 
7 6 0.11710874456686438 
7 9 0.19620081728811645 
8 6 0.18272156076209756 
8 11 0.22550963518842404 
9 7 0.19620081728811645 
9 10 0.11751164543144554 
10 9 0.11751164543144554 
10 11 0.11751164543144554 
11 8 0.22550963518842404 
11 10 0.11751164543144554 
