3 6 6 
K 
0 1 159.12981375426477 
0 2 105.45393635729761 
1 0 587.7857495548154 
1 2 210.62368421594033 
2 0 828.2162975038259 
2 1 447.8377338810693 
P 
0 1.0 -150.1245183830734 -150.1245183830734 
1 1.0 -120.03214892633777 -120.03214892633777 
2 1.0 -104.50070244354343 -104.50070244354343 
Alfa 
0 1.0575296108291032 
1 3.90625 
2 8.305647840531561 
Gamma 
0 1 -0.551816849560117 
0 2 -0.5527774829876344 
1 0 -0.5518168495601172 
1 2 -0.5550587444952622 
2 0 -0.5527774829876344 
2 1 -0.5550587444952622 
