9 72 72 
K 
0 1 34.11753331559562 
0 2 22.86807958454515 
0 3 4.56985870620427 
0 4 23.214528075454858 
0 5 15.930407694983192 
0 6 4.091978446394648 
0 7 19.245071721964347 
0 8 4.204009163319252 
1 0 126.02163868448135 
1 2 47.69916054322333 
1 3 7.877244354158161 
1 4 44.696345810819594 
1 5 29.355225793639516 
1 6 9.64274678052418 
1 7 43.154911342842716 
1 8 8.768891470093921 
2 0 179.60179447795593 
2 1 101.42014201881372 
2 3 11.226383312553851 
2 4 60.856557384412724 
2 5 43.924494873708525 
2 6 12.164098480752806 
2 7 60.4555729611596 
2 8 14.18094025986935 
3 0 1080.314598146689 
3 1 504.14363866612206 
3 2 337.91413770787085 
3 4 343.03349382315497 
3 5 235.3984277378117 
3 6 60.46582806048703 
3 7 284.3781346838033 
3 8 62.12126934782434 
4 0 109.75828874075054 
4 1 57.211322637849094 
4 2 36.63564754541647 
4 3 6.860669876463103 
4 5 24.443349457286008 
4 6 6.861794402258111 
4 7 31.6647231253505 
4 8 6.735003585047591 
5 0 104.6096771970563 
5 1 52.187068077581365 
5 2 36.725758213850746 
5 3 6.5388452149392124 
5 4 33.94909646845277 
5 6 6.259196870377997 
5 7 30.056945450264315 
5 8 6.751569299471051 
6 0 967.3437047276952 
6 1 617.1357939535475 
6 2 366.1393642706595 
6 3 60.46582806048707 
6 4 343.0897201129057 
6 5 225.33108733360802 
6 7 331.2576494906455 
6 8 67.3101226867343 
7 0 113.73837387680932 
7 1 69.04785814854836 
7 2 45.4928186532726 
7 3 7.109453367095086 
7 4 39.580903906688135 
7 5 27.05125090523789 
7 6 8.28144123726614 
7 8 8.363283229643482 
8 0 993.8277662086713 
8 1 561.2090540860108 
8 2 426.8463018220674 
8 3 62.121269347824345 
8 4 336.75017925237967 
8 5 243.05649478095785 
8 6 67.31012268673427 
8 7 334.5313291857392 
P 
0 1.0 5.0860141032092 5.0860141032092 
1 1.0 46.54716195135908 46.54716195135908 
2 1.0 51.23914086183282 51.23914086183282 
3 0.0 -0.5313106899493621 -0.5313106899493621 
4 0.0 -47.673658813385146 -47.673658813385146 
5 0.0 -47.75149110088947 -47.75149110088947 
6 0.0 -1.3444161455395982 -1.3444161455395982 
7 0.0 -47.99150610663 -47.99150610663 
8 0.0 -2.024869575750053 -2.024869575750053 
Alfa 
0 1.0575296108291032 
1 3.90625 
2 8.305647840531561 
3 250.0 
4 5.0 
5 6.944444444444445 
6 250.0 
7 6.25 
8 250.0 
Gamma 
0 1 0.012099397243400922 
0 2 0.010827896875788001 
0 3 -0.007868167473570331 
0 4 -0.0020667412262416196 
0 5 -0.002370105131265232 
0 6 0.012099397243400922 
0 7 0.012518268113607123 
0 8 0.010827896875788223 
1 0 0.012099397243400922 
1 2 -0.007229255605959883 
1 3 0.012099397243400922 
1 4 0.005498748462680947 
1 5 0.006188869373197292 
1 6 -0.018164403994058054 
1 7 -0.012922379260821959 
1 8 -0.007229255605959883 
2 0 0.010827896875788223 
2 1 -0.007229255605959883 
2 3 0.010827896875788223 
2 4 0.007213456138214003 
2 5 -0.0013023203058826205 
2 6 -0.007229255605959883 
2 7 -0.014682398949267705 
2 8 -0.02580713426514336 
3 0 -0.007868167473570331 
3 1 0.012099397243400922 
3 2 0.010827896875788001 
3 4 -0.0020667412262416196 
3 5 -0.002370105131265232 
3 6 0.012099397243400922 
3 7 0.012518268113607123 
3 8 0.010827896875788223 
4 0 -0.0020667412262418416 
4 1 0.005498748462680725 
4 2 0.007213456138214003 
4 3 -0.0020667412262416196 
4 5 0.0011078972182563263 
4 6 0.005498748462680947 
4 7 0.0071572607080565565 
4 8 0.007213456138214003 
5 0 -0.002370105131265232 
5 1 0.006188869373197292 
5 2 -0.0013023203058826205 
5 3 -0.002370105131265232 
5 4 0.0011078972182565483 
5 6 0.00618886937319707 
5 7 0.003896892579087874 
5 8 -0.0013023203058826205 
6 0 0.012099397243400922 
6 1 -0.018164403994058054 
6 2 -0.007229255605959883 
6 3 0.012099397243400922 
6 4 0.005498748462680947 
6 5 0.006188869373197292 
6 7 -0.012922379260821959 
6 8 -0.007229255605959883 
7 0 0.012518268113607123 
7 1 -0.012922379260821959 
7 2 -0.014682398949267705 
7 3 0.012518268113607123 
7 4 0.0071572607080565565 
7 5 0.003896892579087874 
7 6 -0.012922379260821959 
7 8 -0.014682398949267705 
8 0 0.010827896875788001 
8 1 -0.007229255605959883 
8 2 -0.02580713426514336 
8 3 0.010827896875788223 
8 4 0.007213456138214003 
8 5 -0.0013023203058826205 
8 6 -0.007229255605959883 
8 7 -0.014682398949267705 
