3 6 6 
K 
0 1 25.285783974127273 
0 2 18.17344994730749 
1 0 93.39936455443261 
1 2 48.06338772173512 
2 0 142.73101553300629 
2 1 102.1945785445531 
P 
0 1.0 -4.023929665898621 -4.023929665898621 
1 1.0 33.01325697535937 33.01325697535937 
2 1.0 36.00291311523118 36.00291311523118 
Alfa 
0 1.0575296108291032 
1 3.90625 
2 8.305647840531561 
Gamma 
0 1 -0.15284319851713368 
0 2 -0.14742062109808307 
1 0 -0.15284319851713346 
1 2 -0.17164090137062127 
2 0 -0.14742062109808307 
2 1 -0.17164090137062127 
