3 6 6 
K 
0 1 48.27535353049043 
0 2 32.683112685536564 
1 0 178.317087103249 
1 2 70.96996921824456 
2 0 256.6873036166394 
2 1 150.89960232450667 
P 
0 1.0 -12.16642788296113 -12.16642788296113 
1 1.0 25.910687017291316 25.910687017291316 
2 1.0 31.05689029838816 31.05689029838816 
Alfa 
0 1.0575296108291032 
1 3.90625 
2 8.305647840531561 
Gamma 
0 1 -0.18549774955073928 
0 2 -0.18519410129459146 
1 0 -0.18549774955073928 
1 2 -0.1964155755186423 
2 0 -0.18519410129459146 
2 1 -0.19641557551864253 
