12 24 12 
K 
0 3 134.92557115253808 
1 4 254.13587518077813 
2 5 350.097707534246 
3 0 127.58562008184002 
3 6 607.2348058179507 
4 1 65.0587840462792 
4 9 564.8316969326241 
5 2 42.15176398712322 
5 11 606.7710073628836 
6 3 607.2348058179507 
6 7 391.3533045132243 
6 8 364.6830368378802 
7 6 391.3533045132244 
7 9 205.94614320573712 
8 6 364.6830368378802 
8 11 198.8614404655521 
9 4 564.8316969326241 
9 7 205.94614320573712 
9 10 479.9340268255667 
10 9 479.9340268255667 
10 11 345.28432743131174 
11 5 606.7710073628836 
11 8 198.8614404655521 
11 10 345.28432743131174 
P 
0 1.0 5.661245644793789 5.661245644793789 
1 1.0 48.007462737669016 48.007462737669016 
2 1.0 53.22964296780048 53.22964296780048 
3 0.0 -0.0 -0.0 
4 0.0 -0.0 -0.0 
5 0.0 -0.0 -0.0 
6 0.0 -114.17821981796645 -114.17821981796645 
7 0.0 -92.38344733995781 -92.38344733995781 
8 0.0 -115.50617255067979 -115.50617255067979 
9 0.0 -98.63470619983848 -98.63470619983848 
10 0.0 -102.97885595465354 -102.97885595465354 
11 0.0 -86.9478103405356 -86.9478103405356 
Alfa 
0 1.0575296108291032 
1 3.90625 
2 8.305647840531561 
3 0.0 
4 0.0 
5 0.0 
6 0.0 
7 0.0 
8 0.0 
9 0.0 
10 0.0 
11 0.0 
Gamma 
6 7 0.11710874456686438 
6 8 0.18272156076209756 
7 6 0.11710874456686438 
7 9 0.19620081728811645 
8 6 0.18272156076209756 
8 11 0.22550963518842404 
9 7 0.19620081728811645 
9 10 0.11751164543144554 
10 9 0.11751164543144554 
10 11 0.11751164543144554 
11 8 0.22550963518842404 
11 10 0.11751164543144554 
