3 6 6 
K 
0 1 65.68600067165019 
0 2 43.99056378977266 
1 0 242.62766498090787 
1 2 91.65175870012337 
2 0 345.49399601004177 
2 1 194.8741713225215 
P 
0 1.0 -23.62623224202014 -23.62623224202014 
1 1.0 13.92985334432001 13.92985334432001 
2 1.0 20.11855489812143 20.11855489812143 
Alfa 
0 1.0575296108291032 
1 3.90625 
2 8.305647840531561 
Gamma 
0 1 -0.23544653608469357 
0 2 -0.23581861327483034 
1 0 -0.23544653608469357 
1 2 -0.2428619497681208 
2 0 -0.23581861327483034 
2 1 -0.2428619497681206 
