9 72 72 
K 
0 1 22.568070009630464 
0 2 15.506561308285123 
0 3 3.7228021897850714 
0 4 17.555527605897197 
0 5 12.148375929352898 
0 6 2.799352715346284 
0 7 13.050628188043195 
0 8 2.9125061578049793 
1 0 83.36080859807254 
1 2 35.37664432555274 
1 3 5.529126164794237 
1 4 33.5065605289814 
1 5 20.88559717731319 
1 6 8.36506163206432 
1 7 35.07950031152873 
1 8 6.644586919834879 
2 0 121.78575060726253 
2 1 75.21944308423173 
2 3 8.077762098354816 
2 4 43.864061724582854 
2 5 34.2500587745565 
2 6 9.330250754930516 
2 7 49.32401562247114 
2 8 12.773691999447246 
3 0 880.070437665191 
3 1 353.8640745468311 
3 2 243.14063916048 
3 4 275.2681344391078 
3 5 190.48477799178244 
3 6 43.89344580743755 
3 7 204.63196294791678 
3 8 45.66767542389779 
4 0 83.00253452068198 
4 1 42.8883974770962 
4 2 26.40616515819888 
4 3 5.505362688782158 
4 5 18.765778948259577 
4 6 5.319894518367186 
4 7 23.70697708287156 
4 8 4.959714607143602 
5 0 79.7743352694174 
5 1 37.12995053744567 
5 2 28.636854697615288 
5 3 5.29124383310507 
5 4 26.063581872582752 
5 6 4.605614384097426 
5 7 22.587355608044145 
5 8 5.3786918962109205 
6 0 661.7669819078617 
6 1 535.3639444521165 
6 2 280.8405477234086 
6 3 43.89344580743755 
6 4 265.9947259183592 
6 5 165.8021178275073 
6 7 278.48164429313164 
6 8 52.74862739353578 
7 0 77.12921259133532 
7 1 56.12720049844596 
7 2 37.11632175590954 
7 3 5.11579907369792 
7 4 29.633721353589447 
7 5 20.32862004723973 
7 6 6.962041107328289 
7 8 6.971340293956665 
8 0 688.5164557050971 
8 1 425.25356286943224 
8 2 384.48812918336205 
8 3 45.667675423897784 
8 4 247.98573035718005 
8 5 193.63290826359315 
8 6 52.74862739353579 
8 7 278.8536117582666 
P 
0 1.0 4.58929777391397 4.58929777391397 
1 1.0 45.86548209619486 45.86548209619486 
2 1.0 50.30644714546105 50.30644714546105 
3 0.0 -1.1148342450238697 -1.1148342450238697 
4 0.0 -48.14757370801079 -48.14757370801079 
5 0.0 -48.20121498191761 -48.20121498191761 
6 0.0 -2.1092201895512397 -2.1092201895512397 
7 0.0 -48.43560465321495 -48.43560465321495 
8 0.0 -3.104038564696918 -3.104038564696918 
Alfa 
0 1.0575296108291032 
1 3.90625 
2 8.305647840531561 
3 250.0 
4 5.0 
5 6.944444444444445 
6 250.0 
7 6.25 
8 250.0 
Gamma 
0 1 0.026752197354349416 
0 2 0.0261089676422821 
0 3 -0.019099618456953404 
0 4 -0.006580418245767605 
0 5 -0.004909217744270888 
0 6 0.026752197354349416 
0 7 0.029074862081168495 
0 8 0.0261089676422821 
1 0 0.026752197354349416 
1 2 -0.008659701202982317 
1 3 0.026752197354349416 
1 4 0.013369477004834707 
1 5 0.018103034835353027 
1 6 -0.031767471379198664 
1 7 -0.020845382937734414 
1 8 -0.008659701202982317 
2 0 0.0261089676422821 
2 1 -0.008659701202982317 
2 3 0.0261089676422821 
2 4 0.020264304036688774 
2 5 0.002627099353436524 
2 6 -0.008659701202982317 
2 7 -0.02297845595260828 
2 8 -0.04299585983109688 
3 0 -0.019099618456953404 
3 1 0.026752197354349416 
3 2 0.0261089676422821 
3 4 -0.006580418245767605 
3 5 -0.004909217744270888 
3 6 0.026752197354349416 
3 7 0.029074862081168495 
3 8 0.0261089676422821 
4 0 -0.006580418245767605 
4 1 0.013369477004834707 
4 2 0.020264304036688774 
4 3 -0.006580418245767605 
4 5 0.004339292928392302 
4 6 0.013369477004834707 
4 7 0.01870943631069988 
4 8 0.020264304036688774 
5 0 -0.004909217744270888 
5 1 0.018103034835353027 
5 2 0.002627099353436524 
5 3 -0.004909217744270888 
5 4 0.00433929292839208 
5 6 0.018103034835353027 
5 7 0.013687974730586472 
5 8 0.002627099353436524 
6 0 0.026752197354349416 
6 1 -0.031767471379198664 
6 2 -0.008659701202982317 
6 3 0.026752197354349416 
6 4 0.013369477004834707 
6 5 0.018103034835353027 
6 7 -0.020845382937734414 
6 8 -0.008659701202982317 
7 0 0.029074862081168495 
7 1 -0.020845382937734414 
7 2 -0.02297845595260828 
7 3 0.029074862081168495 
7 4 0.01870943631069988 
7 5 0.013687974730586472 
7 6 -0.020845382937734414 
7 8 -0.02297845595260828 
8 0 0.0261089676422821 
8 1 -0.008659701202982317 
8 2 -0.04299585983109688 
8 3 0.0261089676422821 
8 4 0.020264304036688774 
8 5 0.002627099353436524 
8 6 -0.008659701202982317 
8 7 -0.02297845595260828 
