12 24 12 
K 
0 3 134.92557115253808 
1 4 254.13587518077813 
2 5 350.097707534246 
3 0 127.58562008184002 
3 6 684.7541427308803 
4 1 65.0587840462792 
4 9 636.937871009129 
5 2 42.15176398712322 
5 11 684.2311359624003 
6 3 684.7541427308803 
6 7 441.3133008340613 
6 8 411.23831813633285 
7 6 441.3133008340613 
7 9 232.23714021072476 
8 6 411.23831813633285 
8 11 224.24800733349483 
9 4 636.937871009129 
9 7 232.23714021072476 
9 10 541.2022004628728 
10 9 541.202200462873 
10 11 389.36317774169186 
11 5 684.2311359624003 
11 8 224.24800733349483 
11 10 389.36317774169186 
P 
0 1.0 5.661245644793789 5.661245644793789 
1 1.0 48.007462737669016 48.007462737669016 
2 1.0 53.22964296780048 53.22964296780048 
3 0.0 -0.0 -0.0 
4 0.0 -0.0 -0.0 
5 0.0 -0.0 -0.0 
6 0.0 -128.7541627734515 -128.7541627734515 
7 0.0 -102.97391577134351 -102.97391577134351 
8 0.0 -129.38536392330857 -129.38536392330857 
9 0.0 -111.22637082109442 -111.22637082109442 
10 0.0 -115.1625623698924 -115.1625623698924 
11 0.0 -98.04753080954009 -98.04753080954009 
Alfa 
0 1.0575296108291032 
1 3.90625 
2 8.305647840531561 
3 0.0 
4 0.0 
5 0.0 
6 0.0 
7 0.0 
8 0.0 
9 0.0 
10 0.0 
11 0.0 
Gamma 
6 7 0.11710874456686438 
6 8 0.18272156076209756 
7 6 0.11710874456686438 
7 9 0.19620081728811645 
8 6 0.18272156076209756 
8 11 0.22550963518842404 
9 7 0.19620081728811645 
9 10 0.11751164543144554 
10 9 0.11751164543144554 
10 11 0.11751164543144554 
11 8 0.22550963518842404 
11 10 0.11751164543144554 
