9 72 72 
K 
0 1 26.752133413343415 
0 2 18.144454208248053 
0 3 3.96325619413928 
0 4 19.409396887869843 
0 5 13.373339381454631 
0 6 3.2596727305527877 
0 7 15.26894470350136 
0 8 3.369297035319346 
1 0 98.81569279553723 
1 2 39.54789839375358 
1 3 6.3523932436235695 
1 4 37.204912647677766 
1 5 23.837345975324254 
1 6 8.632956972005799 
1 7 37.409496212275116 
1 8 7.343765498915522 
2 0 142.50328820032692 
2 1 84.08855472426012 
2 3 9.16086200023871 
2 4 49.72740261351259 
2 5 37.26026609808863 
2 6 10.245955511329443 
2 7 52.483790443456854 
2 8 12.935279953288077 
3 0 936.9137642945259 
3 1 406.55316759190845 
3 2 275.74194620718504 
3 4 294.96532720923733 
3 5 203.23513653307896 
3 6 49.53736785935 
3 7 232.04272119463658 
3 8 51.2033325007223 
4 0 91.76762848584858 
4 1 47.62228818902754 
4 2 29.93589637333457 
4 3 5.899306544184747 
4 5 20.578386809029155 
4 6 5.802642794046179 
4 7 26.339364781005557 
4 8 5.558884590447111 
5 0 87.81826193821874 
5 1 42.37750395613201 
5 2 31.15372248756855 
5 3 5.645420459252192 
5 4 28.58109279031828 
5 6 5.163580485352864 
5 7 25.045164743925618 
5 8 5.785026301249179 
6 0 770.5866335026789 
6 1 552.509246208371 
6 2 308.40326089101615 
6 3 49.53736785934998 
6 4 290.13213970230885 
6 5 185.88889747270312 
6 7 291.7275275992419 
6 8 57.26830802827714 
7 0 90.23946319769304 
7 1 59.8551939396402 
7 2 39.49405230870129 
7 3 5.801068029865916 
7 4 32.92420597625696 
7 5 22.540648269533058 
7 6 7.293188189981051 
7 8 7.333766661108224 
8 0 796.5018191494933 
8 1 470.0009919305935 
8 2 389.3519265939711 
8 3 51.2033325007223 
8 4 277.94422952235556 
8 5 208.26094684497042 
8 6 57.26830802827716 
8 7 293.35066644432885 
P 
0 1.0 4.815902994001644 4.815902994001644 
1 1.0 46.206128304198586 46.206128304198586 
2 1.0 50.78955708792691 50.78955708792691 
3 0.0 -0.8258537863117482 -0.8258537863117482 
4 0.0 -47.900948979520884 -47.900948979520884 
5 0.0 -47.96167261321757 -47.96167261321757 
6 0.0 -1.711612621345284 -1.711612621345284 
7 0.0 -48.20308875373911 -48.20308875373911 
8 0.0 -2.5325754289710942 -2.5325754289710942 
Alfa 
0 1.0575296108291032 
1 3.90625 
2 8.305647840531561 
3 250.0 
4 5.0 
5 6.944444444444445 
6 250.0 
7 6.25 
8 250.0 
Gamma 
0 1 0.019331725847212322 
0 2 0.018342410392884645 
0 3 -0.013712154542218746 
0 4 -0.004346588499839488 
0 5 -0.003687418849881219 
0 6 0.019331725847212322 
0 7 0.020637583073655374 
0 8 0.018342410392884867 
1 0 0.019331725847212322 
1 2 -0.008141574064285395 
1 3 0.019331725847212544 
1 4 0.009440943436986204 
1 5 0.011988338819974853 
1 6 -0.025427118749068667 
1 7 -0.017198781867577395 
1 8 -0.008141574064285173 
2 0 0.018342410392884867 
2 1 -0.008141574064285173 
2 3 0.018342410392884867 
2 4 0.013553826423634785 
2 5 0.0006750421417420771 
2 6 -0.008141574064285173 
2 7 -0.019121597530862733 
2 8 -0.03503591986774213 
3 0 -0.013712154542218524 
3 1 0.019331725847212322 
3 2 0.018342410392884867 
3 4 -0.004346588499839488 
3 5 -0.003687418849881219 
3 6 0.019331725847212322 
3 7 0.020637583073655374 
3 8 0.018342410392884867 
4 0 -0.004346588499839488 
4 1 0.009440943436986426 
4 2 0.013553826423634563 
4 3 -0.004346588499839488 
4 5 0.0026587461724763006 
4 6 0.009440943436986426 
4 7 0.012829081617544258 
4 8 0.013553826423634785 
5 0 -0.003687418849881219 
5 1 0.011988338819974853 
5 2 0.0006750421417420771 
5 3 -0.003687418849881219 
5 4 0.0026587461724763006 
5 6 0.011988338819974853 
5 7 0.008703728386944665 
5 8 0.0006750421417420771 
6 0 0.019331725847212322 
6 1 -0.025427118749068667 
6 2 -0.008141574064285395 
6 3 0.019331725847212544 
6 4 0.009440943436986204 
6 5 0.011988338819974853 
6 7 -0.017198781867577395 
6 8 -0.008141574064285173 
7 0 0.020637583073655374 
7 1 -0.017198781867577395 
7 2 -0.019121597530862733 
7 3 0.020637583073655374 
7 4 0.012829081617544258 
7 5 0.008703728386944665 
7 6 -0.017198781867577395 
7 8 -0.019121597530862733 
8 0 0.018342410392884867 
8 1 -0.008141574064285173 
8 2 -0.03503591986774213 
8 3 0.018342410392884867 
8 4 0.013553826423634785 
8 5 0.0006750421417420771 
8 6 -0.008141574064285173 
8 7 -0.019121597530862733 
