3 6 6 
K 
0 1 14.742262770705233 
0 2 11.4108037012941 
1 0 54.45423310929248 
1 2 36.611220663397475 
2 0 89.6184051490341 
2 1 77.84445589559597 
P 
0 1.0 -2.0318714327563177 -2.0318714327563177 
1 1.0 34.004661809016234 34.004661809016234 
2 1.0 35.087970749118696 35.087970749118696 
Alfa 
0 1.0575296108291032 
1 3.90625 
2 8.305647840531561 
Gamma 
0 1 -0.18700769708935439 
0 2 -0.1711943519207728 
1 0 -0.18700769708935439 
1 2 -0.19516318379549724 
2 0 -0.1711943519207728 
2 1 -0.19516318379549724 
