3 6 6 
K 
0 1 30.706999225237197 
0 2 21.55373840266544 
1 0 113.42397838821988 
1 2 53.015736091122456 
2 0 169.27919463090066 
2 1 112.72448869873215 
P 
0 1.0 -5.254722619864996 -5.254722619864996 
1 1.0 32.27196904445047 32.27196904445047 
2 1.0 35.98797917017936 35.98797917017936 
Alfa 
0 1.0575296108291032 
1 3.90625 
2 8.305647840531561 
Gamma 
0 1 -0.15283890013804902 
0 2 -0.14974147158969897 
1 0 -0.1528389001380488 
1 2 -0.17055837271273777 
2 0 -0.14974147158969897 
2 1 -0.17055837271273777 
