12 24 12 
K 
0 3 134.92557115253808 
1 4 254.13587518077813 
2 5 350.097707534246 
3 0 127.58562008184002 
3 6 77.51933691292987 
4 1 65.0587840462792 
4 9 72.10617407650521 
5 2 42.15176398712322 
5 11 77.46012859951706 
6 3 77.51933691292987 
6 7 49.95999632083715 
6 8 46.555281298452805 
7 6 49.95999632083715 
7 9 26.290997004987723 
8 6 46.5552812984528 
8 11 25.386566867942825 
9 4 72.10617407650521 
9 7 26.29099700498772 
9 10 61.2681736373064 
10 9 61.268173637306404 
10 11 44.078850310380226 
11 5 77.46012859951706 
11 8 25.386566867942825 
11 10 44.07885031038024 
P 
0 1.0 5.661245644793789 5.661245644793789 
1 1.0 48.007462737669016 48.007462737669016 
2 1.0 53.22964296780048 53.22964296780048 
3 0.0 -0.0 -0.0 
4 0.0 -0.0 -0.0 
5 0.0 -0.0 -0.0 
6 0.0 -14.57594295548508 -14.57594295548508 
7 0.0 -20.015246392155138 -20.015246392155138 
8 0.0 -20.66503150438279 -20.66503150438279 
9 0.0 -12.591664621255978 -12.591664621255978 
10 0.0 -19.723528783854402 -19.723528783854402 
11 0.0 -11.099720469004545 -11.099720469004545 
Alfa 
0 1.0575296108291032 
1 3.90625 
2 8.305647840531561 
3 0.0 
4 0.0 
5 0.0 
6 0.0 
7 0.0 
8 0.0 
9 0.0 
10 0.0 
11 0.0 
Gamma 
6 7 0.11710874456686438 
6 8 0.18272156076209756 
7 6 0.11710874456686438 
7 9 0.19620081728811645 
8 6 0.18272156076209756 
8 11 0.22550963518842404 
9 7 0.19620081728811645 
9 10 0.11751164543144554 
10 9 0.11751164543144554 
10 11 0.11751164543144554 
11 8 0.22550963518842404 
11 10 0.11751164543144554 
