9 72 72 
K 
0 1 32.53441380140976 
0 2 21.846158787068674 
0 3 4.425913529848002 
0 4 22.355277400478514 
0 5 15.350349918200148 
0 6 3.9113721355642252 
0 7 18.38471166304248 
0 8 4.022190027538603 
1 0 120.17399097895729 
1 2 45.88028675165334 
1 3 7.5436092136041815 
1 4 43.0116164824389 
1 5 28.143115350637903 
1 6 9.386549387869259 
1 7 41.79582319349764 
1 8 8.447216448062495 
2 0 171.57581186920376 
2 1 97.5527691729506 
2 3 10.770224611037325 
2 4 58.39964249921321 
2 5 42.39115625140646 
2 6 11.72804850332585 
2 7 58.56240800861715 
2 8 13.844768079444613 
3 0 1046.2859584560679 
3 1 482.7909896706676 
3 2 324.1837607922235 
3 4 331.73877256309004 
3 5 227.78989269749098 
3 6 58.04239276680925 
3 7 272.8179826072519 
3 8 59.68686314411811 
4 0 105.69575154946246 
4 1 55.05486909752181 
4 2 35.15658478452636 
4 3 6.634775451261802 
4 5 23.562511450059596 
4 6 6.618840045178613 
4 7 30.467750155362936 
4 8 6.472829667718959 
5 0 100.8006311295143 
5 1 50.032205067800724 
5 2 35.44371675464818 
5 3 6.327497019374751 
5 4 32.725710347304975 
5 6 6.015002267369921 
5 7 28.92813714015832 
5 8 6.525694766708128 
6 0 924.6483728473829 
6 1 600.7391608236329 
6 2 353.0142599501081 
6 3 58.04239276680925 
6 4 330.94200225893053 
6 5 216.54008162531713 
6 7 321.5873883596955 
6 8 64.99497004437761 
7 0 108.65364592858107 
7 1 66.87331710959623 
7 2 44.0682120264844 
7 3 6.820449565181302 
7 4 38.08468769420366 
7 5 26.035323426142494 
7 6 8.039684708992386 
7 8 8.11358759551367 
8 0 950.8457225101258 
8 1 540.6218526759998 
8 2 416.72751919128274 
8 3 59.68686314411811 
8 4 323.6414833859478 
8 5 234.92501160149263 
8 6 64.99497004437761 
8 7 324.5435038205468 
P 
0 1.0 5.039762020684148 5.039762020684148 
1 1.0 46.495218572085626 46.495218572085626 
2 1.0 51.17341218546498 51.17341218546498 
3 0.0 -0.5789146736694306 -0.5789146736694306 
4 0.0 -47.708185892270194 -47.708185892270194 
5 0.0 -47.782273909127184 -47.782273909127184 
6 0.0 -1.398859815261228 -1.398859815261228 
7 0.0 -48.022313743816866 -48.022313743816866 
8 0.0 -2.0980379994797933 -2.0980379994797933 
Alfa 
0 1.0575296108291032 
1 3.90625 
2 8.305647840531561 
3 250.0 
4 5.0 
5 6.944444444444445 
6 250.0 
7 6.25 
8 250.0 
Gamma 
0 1 0.01323716142607645 
0 2 0.012006486313717923 
0 3 -0.008814569100061176 
0 4 -0.0024212866635622277 
0 5 -0.0025759196884223012 
0 6 0.013237161426076227 
0 7 0.01378842294555871 
0 8 0.012006486313717923 
1 0 0.013237161426076227 
1 2 -0.007390797321897846 
1 3 0.013237161426076227 
1 4 0.006129828391848946 
1 5 0.0070933704281195276 
1 6 -0.019369983797723034 
1 7 -0.013632964666920877 
1 8 -0.007390797321897846 
2 0 0.012006486313717923 
2 1 -0.007390797321897846 
2 3 0.012006486313717923 
2 4 0.008199932643059071 
2 5 -0.0009800110377125026 
2 6 -0.007390797321897846 
2 7 -0.015414704027559845 
2 8 -0.02734814084641579 
3 0 -0.008814569100061176 
3 1 0.01323716142607645 
3 2 0.012006486313717923 
3 4 -0.0024212866635622277 
3 5 -0.0025759196884223012 
3 6 0.013237161426076227 
3 7 0.01378842294555871 
3 8 0.012006486313717923 
4 0 -0.0024212866635622277 
4 1 0.006129828391848946 
4 2 0.008199932643059071 
4 3 -0.0024212866635620056 
4 5 0.0013531246903883964 
4 6 0.006129828391848946 
4 7 0.008047826085867404 
4 8 0.008199932643059071 
5 0 -0.0025759196884223012 
5 1 0.0070933704281195276 
5 2 -0.0009800110377125026 
5 3 -0.0025759196884223012 
5 4 0.0013531246903883964 
5 6 0.0070933704281193055 
5 7 0.004653087650988708 
5 8 -0.0009800110377125026 
6 0 0.013237161426076227 
6 1 -0.019369983797723034 
6 2 -0.007390797321897846 
6 3 0.013237161426076227 
6 4 0.006129828391848946 
6 5 0.0070933704281195276 
6 7 -0.013632964666920877 
6 8 -0.007390797321897846 
7 0 0.01378842294555871 
7 1 -0.013632964666920877 
7 2 -0.015414704027560067 
7 3 0.01378842294555871 
7 4 0.008047826085867404 
7 5 0.004653087650988708 
7 6 -0.013632964666920877 
7 8 -0.015414704027560067 
8 0 0.012006486313717923 
8 1 -0.007390797321897846 
8 2 -0.02734814084641579 
8 3 0.012006486313717923 
8 4 0.008199932643059071 
8 5 -0.0009800110377125026 
8 6 -0.007390797321897846 
8 7 -0.015414704027559845 
