3 6 6 
K 
0 1 103.98451021992894 
0 2 69.13024573205969 
1 0 384.0927846248625 
1 2 139.885587563463 
2 0 542.9365478757112 
2 1 297.4311496365992 
P 
0 1.0 -62.62209908051302 -62.62209908051302 
1 1.0 -27.504551017613156 -27.504551017613156 
2 1.0 -18.417249897811523 -18.417249897811523 
Alfa 
0 1.0575296108291032 
1 3.90625 
2 8.305647840531561 
Gamma 
0 1 -0.35851136905707137 
0 2 -0.3593003505761705 
1 0 -0.35851136905707137 
1 2 -0.3631052184218875 
2 0 -0.35930035057617027 
2 1 -0.3631052184218875 
