9 72 72 
K 
0 1 46.92309084854809 
0 2 31.20269220567701 
0 3 5.863568057630919 
0 4 30.56886426223761 
0 5 20.918503876988776 
0 6 5.569801284210945 
0 7 26.262512717265555 
0 8 5.698715361947868 
1 0 173.32216682182445 
1 2 63.10194269659436 
1 3 10.634198700719336 
1 4 59.04849293062249 
1 5 39.42574396259518 
1 6 12.083682465601738 
1 7 55.35103138319281 
1 8 11.524646906859234 
2 0 245.06034675820752 
2 1 134.17024360737673 
2 3 15.035701831335597 
2 4 81.38574651465497 
2 5 57.28877021317986 
2 6 15.92609484228777 
2 7 77.49271604707147 
2 8 17.533188402469765 
3 0 1386.1474888239493 
3 1 680.5887168460375 
3 2 452.57462512320143 
3 4 443.381365708153 
3 5 303.4092054577256 
3 6 80.78632162880703 
3 7 380.920555491275 
3 8 82.65613593906954 
4 0 144.52959023185946 
4 1 75.58207095119678 
4 2 48.9942194018223 
4 3 8.867627314163066 
4 5 32.04781487283431 
4 6 8.971640789948616 
4 7 41.85469950308275 
4 8 8.948077586106837 
5 0 137.36484212555956 
5 1 70.09021148905812 
5 2 47.89977731713092 
5 3 8.42803348493682 
5 4 44.51085399004763 
5 6 8.31975351373197 
5 7 39.68595979118456 
5 8 8.7481937466073 
6 0 1316.7010235874668 
6 1 773.3556777985114 
6 2 479.3754547528618 
6 3 80.78632162880703 
6 4 448.5820394974306 
6 5 299.5111264943509 
6 7 420.4930103014091 
6 8 87.55091548298677 
7 0 155.21145015903937 
7 1 88.56165021310852 
7 2 58.313268825421275 
7 3 9.523013887281875 
7 4 52.31837437885342 
7 5 35.717363812066104 
7 6 10.512325257535228 
7 8 10.65006566325592 
8 0 1347.1763115644758 
8 1 737.577402038991 
8 2 527.7489709143399 
8 3 82.65613593906956 
8 4 447.40387930534183 
8 5 314.93497487786277 
8 6 87.55091548298677 
8 7 426.0026265302368 
P 
0 1.0 5.324149683540829 5.324149683540829 
1 1.0 46.74083951091272 46.74083951091272 
2 1.0 51.462019335464554 51.462019335464554 
3 0.0 -0.2999869369446125 -0.2999869369446125 
4 0.0 -47.52630650093086 -47.52630650093086 
5 0.0 -47.632358592412686 -47.632358592412686 
6 0.0 -1.1421774993408422 -1.1421774993408422 
7 0.0 -47.88560501028381 -47.88560501028381 
8 0.0 -1.7747046680445242 -1.7747046680445242 
Alfa 
0 1.0575296108291032 
1 3.90625 
2 8.305647840531561 
3 250.0 
4 5.0 
5 6.944444444444445 
6 250.0 
7 6.25 
8 250.0 
Gamma 
0 1 0.006768127608606456 
0 2 0.005325131068717681 
0 3 -0.0035273060282465796 
0 4 -0.0005915335446160519 
0 5 -0.001562451531475384 
0 6 0.006768127608606456 
0 7 0.006612189433515159 
0 8 0.005325131068717681 
1 0 0.006768127608606456 
1 2 -0.006531070337943756 
1 3 0.006768127608606456 
1 4 0.002435313361361713 
1 5 0.0019572521875512727 
1 6 -0.01244263721911798 
1 7 -0.00960668534002429 
1 8 -0.006531070337943756 
2 0 0.005325131068717681 
2 1 -0.006531070337943756 
2 3 0.005325131068717681 
2 4 0.002620975580953422 
2 5 -0.0029573607821862247 
2 6 -0.006531070337943756 
2 7 -0.011289918208701621 
2 8 -0.01841358455300779 
3 0 -0.0035273060282465796 
3 1 0.006768127608606456 
3 2 0.005325131068717681 
3 4 -0.0005915335446160519 
3 5 -0.001562451531475384 
3 6 0.006768127608606456 
3 7 0.006612189433515159 
3 8 0.005325131068717681 
4 0 -0.0005915335446160519 
4 1 0.002435313361361713 
4 2 0.002620975580953422 
4 3 -0.0005915335446160519 
4 5 -0.00014863491597738587 
4 6 0.002435313361361713 
4 7 0.002963050011085988 
4 8 0.002620975580953422 
5 0 -0.001562451531475384 
5 1 0.0019572521875512727 
5 2 -0.0029573607821862247 
5 3 -0.001562451531475384 
5 4 -0.00014863491597738587 
5 6 0.0019572521875512727 
5 7 0.0003087490066937537 
5 8 -0.0029573607821862247 
6 0 0.006768127608606456 
6 1 -0.01244263721911798 
6 2 -0.006531070337943756 
6 3 0.006768127608606456 
6 4 0.002435313361361713 
6 5 0.0019572521875512727 
6 7 -0.00960668534002429 
6 8 -0.006531070337943756 
7 0 0.006612189433515159 
7 1 -0.009606685340024512 
7 2 -0.011289918208701621 
7 3 0.006612189433515159 
7 4 0.002963050011085988 
7 5 0.0003087490066937537 
7 6 -0.009606685340024512 
7 8 -0.011289918208701621 
8 0 0.005325131068717681 
8 1 -0.006531070337943756 
8 2 -0.01841358455300779 
8 3 0.005325131068717681 
8 4 0.002620975580953422 
8 5 -0.0029573607821862247 
8 6 -0.006531070337943756 
8 7 -0.011289918208701621 
