9 72 72 
K 
0 1 26.92510501412108 
0 2 18.25431628320118 
0 3 3.975210774816575 
0 4 19.491858683378403 
0 5 13.428303362259834 
0 6 3.2789358278018934 
0 7 15.36138635027533 
0 8 3.388503251745937 
1 0 99.45460664590973 
1 2 39.72853140801215 
1 3 6.38722973113426 
1 4 37.36838967736374 
1 5 23.962682775428625 
1 6 8.650010426833907 
1 7 37.523624920992944 
1 8 7.374708303209699 
2 0 143.3661252275336 
2 1 84.47262492069032 
2 3 9.207339995331235 
2 4 49.9781705582734 
2 5 37.3997125167396 
2 6 10.287065405154712 
2 7 52.64074086639931 
2 8 12.952785142691452 
3 0 939.7398271666382 
3 1 408.78270279259254 
3 2 277.1409338594699 
3 4 295.9295672519696 
3 5 203.8713735550724 
3 6 49.78150500320634 
3 7 233.21985290729498 
3 8 51.44498106669349 
4 0 92.1575078550131 
4 1 47.83153878702558 
4 2 30.086858676080567 
4 3 5.9185913450393945 
4 5 20.660704645111828 
4 6 5.824918645458206 
4 7 26.455668203531857 
4 8 5.584948615826275 
5 0 88.17919207883955 
5 1 42.60032493409535 
5 2 31.27031518760728 
5 3 5.663093709863125 
5 4 28.695423118210876 
5 6 5.187862094842317 
5 7 25.154211624236908 
5 8 5.804630699526036 
6 0 775.1404296923675 
6 1 553.6006673173702 
6 2 309.64066869515676 
6 3 49.78150500320638 
6 4 291.24593227291035 
6 5 186.7630354143234 
6 7 292.4558220659348 
6 8 57.47782587244227 
7 0 90.78579333012723 
7 1 60.03779987358874 
7 2 39.61215750196548 
7 3 5.830496322682378 
7 4 33.069585254414825 
7 5 22.638790461813215 
7 6 7.311395551648369 
7 8 7.353106104971222 
8 0 801.0421687127397 
8 1 471.98133140542075 
8 2 389.8788327950126 
8 3 51.44498106669351 
8 4 279.2474307913138 
8 5 208.96670518293732 
8 6 57.47782587244225 
8 7 294.1242441988489 
P 
0 1.0 4.824068137978962 4.824068137978962 
1 1.0 46.21757765576828 46.21757765576828 
2 1.0 50.80524187150672 50.80524187150672 
3 0.0 -0.8162821299093043 -0.8162821299093043 
4 0.0 -47.89312556071466 -47.89312556071466 
5 0.0 -47.95421991317128 -47.95421991317128 
6 0.0 -1.698854343947307 -1.698854343947307 
7 0.0 -48.19564995765261 -48.19564995765261 
8 0.0 -2.514523152153107 -2.514523152153107 
Alfa 
0 1.0575296108291032 
1 3.90625 
2 8.305647840531561 
3 250.0 
4 5.0 
5 6.944444444444445 
6 250.0 
7 6.25 
8 250.0 
Gamma 
0 1 0.0190904670769938 
0 2 0.018090875295739828 
0 3 -0.013525653736882193 
0 4 -0.004271099573562198 
0 5 -0.0036445342109461265 
0 6 0.0190904670769938 
0 7 0.02036506511129854 
0 8 0.018090875295739828 
1 0 0.0190904670769938 
1 2 -0.008116827367370405 
1 3 0.0190904670769938 
1 4 0.009311592116192369 
1 5 0.011792618566996982 
1 6 -0.025201709529577343 
1 7 -0.017066889091414073 
1 8 -0.008116827367370405 
2 0 0.018090875295739828 
2 1 -0.008116827367370405 
2 3 0.018090875295739828 
2 4 0.013339378142586789 
2 5 0.0006109288787921052 
2 6 -0.008116827367370405 
2 7 -0.018983452696893277 
2 8 -0.0347513005218556 
3 0 -0.013525653736882193 
3 1 0.0190904670769938 
3 2 0.018090875295739828 
3 4 -0.004271099573562198 
3 5 -0.0036445342109461265 
3 6 0.0190904670769938 
3 7 0.02036506511129854 
3 8 0.018090875295739828 
4 0 -0.004271099573562198 
4 1 0.009311592116192369 
4 2 0.013339378142586789 
4 3 -0.004271099573562198 
4 5 0.002606333474728162 
4 6 0.009311592116192369 
4 7 0.012639162881198818 
4 8 0.013339378142586789 
5 0 -0.0036445342109461265 
5 1 0.011792618566996982 
5 2 0.0006109288787921052 
5 3 -0.0036445342109461265 
5 4 0.002606333474728162 
5 6 0.011792618566996982 
5 7 0.008542922394406016 
5 8 0.0006109288787921052 
6 0 0.0190904670769938 
6 1 -0.025201709529577343 
6 2 -0.008116827367370405 
6 3 0.0190904670769938 
6 4 0.009311592116192369 
6 5 0.011792618566996982 
6 7 -0.017066889091414073 
6 8 -0.008116827367370405 
7 0 0.02036506511129854 
7 1 -0.017066889091414073 
7 2 -0.018983452696893277 
7 3 0.02036506511129854 
7 4 0.012639162881198818 
7 5 0.008542922394406016 
7 6 -0.017066889091414073 
7 8 -0.018983452696893277 
8 0 0.018090875295739828 
8 1 -0.008116827367370405 
8 2 -0.0347513005218556 
8 3 0.018090875295739828 
8 4 0.013339378142586789 
8 5 0.0006109288787921052 
8 6 -0.008116827367370405 
8 7 -0.018983452696893277 
