12 24 12 
K 
0 3 134.92557115253808 
1 4 254.13587518077813 
2 5 350.097707534246 
3 0 127.58562008184002 
3 6 1279.0690590633405 
4 1 65.0587840462792 
4 9 1189.7518722623338 
5 2 42.15176398712322 
5 11 1278.0921218920291 
6 3 1279.0690590633405 
6 7 824.3399392938114 
6 8 768.1621414244697 
7 6 824.3399392938114 
7 9 433.8014505822966 
8 6 768.1621414244697 
8 11 418.8783533210558 
9 4 1189.7518722623338 
9 7 433.8014505822966 
9 10 1010.9248650155536 
10 9 1010.9248650155536 
10 11 727.3010301212723 
11 5 1278.0921218920291 
11 8 418.8783533210559 
11 10 727.3010301212723 
P 
0 1.0 5.661245644793789 5.661245644793789 
1 1.0 48.007462737669016 48.007462737669016 
2 1.0 53.22964296780048 53.22964296780048 
3 0.0 -0.0 -0.0 
4 0.0 -0.0 -0.0 
5 0.0 -0.0 -0.0 
6 0.0 -240.50305876550337 -240.50305876550337 
7 0.0 -184.16750707863403 -184.16750707863403 
8 0.0 -235.79249778012925 -235.79249778012925 
9 0.0 -207.76246625072326 -207.76246625072326 
10 0.0 -208.57097822005693 -208.57097822005693 
11 0.0 -183.14538773857467 -183.14538773857467 
Alfa 
0 1.0575296108291032 
1 3.90625 
2 8.305647840531561 
3 0.0 
4 0.0 
5 0.0 
6 0.0 
7 0.0 
8 0.0 
9 0.0 
10 0.0 
11 0.0 
Gamma 
6 7 0.11710874456686438 
6 8 0.18272156076209756 
7 6 0.11710874456686438 
7 9 0.19620081728811645 
8 6 0.18272156076209756 
8 11 0.22550963518842404 
9 7 0.19620081728811645 
9 10 0.11751164543144554 
10 9 0.11751164543144554 
10 11 0.11751164543144554 
11 8 0.22550963518842404 
11 10 0.11751164543144554 
