9 72 72 
K 
0 1 49.23900305381474 
0 2 32.71744095042118 
0 3 6.1110410243652185 
0 4 31.941542059520533 
0 5 21.851803419453574 
0 6 5.83886673104589 
0 7 27.537875996925624 
0 8 5.971594694897421 
1 0 181.87656753002813 
1 2 65.96227130834473 
1 3 11.138984560431473 
1 4 61.720430533321185 
1 5 41.27563819186477 
1 6 12.563362858422549 
1 7 57.683160489730135 
1 8 12.039448623295367 
2 0 256.9569116504839 
2 1 140.2520054396699 
2 3 15.737261322013538 
2 4 85.16880373450931 
2 5 59.80598577707449 
2 6 16.631384019476226 
2 7 80.75427286841573 
2 8 18.204539561444935 
3 0 1444.6500981599381 
3 1 712.8950118676145 
3 2 473.6915657926075 
3 4 462.45790112169294 
3 5 316.376057431838 
3 6 84.53662156752164 
3 7 398.70048575478313 
3 8 86.45829133125932 
4 0 151.01961085741306 
4 1 79.00215108265112 
4 2 51.271619848174595 
4 3 9.249158022433857 
4 5 33.47323116430514 
4 6 9.368244745601435 
4 7 43.75101910680242 
4 8 9.358107608358509 
5 0 143.4935091210785 
5 1 73.37891234109294 
5 2 50.00444921916505 
5 3 8.788223817551055 
5 4 46.4905988393127 
5 6 8.701429018789742 
5 7 41.47970977733951 
5 8 9.126823339604421 
6 0 1380.3080952192481 
6 1 804.055222939043 
6 2 500.60465898623454 
6 3 84.53662156752164 
6 4 468.4122372800716 
6 5 313.2514446764306 
6 7 437.77235552161 
6 8 91.370475165621 
7 0 162.74884714183034 
7 1 92.29305678356823 
7 2 60.76759033348285 
7 3 9.967512143869575 
7 4 54.68877388350302 
7 5 37.33173879960556 
7 6 10.94430888804025 
7 8 11.091314281181711 
8 0 1411.68498587375 
8 1 770.5247118909034 
8 2 547.9566407994923 
8 3 86.45829133125929 
8 4 467.90538041792547 
8 5 328.5656402257591 
8 6 91.37047516562102 
8 7 443.65257124726844 
P 
0 1.0 5.351077602188577 5.351077602188577 
1 1.0 46.75030956551265 46.75030956551265 
2 1.0 51.46871356026249 51.46871356026249 
3 0.0 -0.27503136656590815 -0.27503136656590815 
4 0.0 -47.513550821006156 -47.513550821006156 
5 0.0 -47.624235187097135 -47.624235187097135 
6 0.0 -1.1313755600877944 -1.1313755600877944 
7 0.0 -47.881958616980874 -47.881958616980874 
8 0.0 -1.7657549581787164 -1.7657549581787164 
Alfa 
0 1.0575296108291032 
1 3.90625 
2 8.305647840531561 
3 250.0 
4 5.0 
5 6.944444444444445 
6 250.0 
7 6.25 
8 250.0 
Gamma 
0 1 0.0062030690575058944 
0 2 0.0047441631420486186 
0 3 -0.003108503796566575 
0 4 -0.0004752101945251219 
0 5 -0.001511973876106909 
0 6 0.0062030690575058944 
0 7 0.005992079880331014 
0 8 0.0047441631420486186 
1 0 0.0062030690575058944 
1 2 -0.006483120528030462 
1 3 0.0062030690575058944 
1 4 0.0020934601514026596 
1 5 0.001505313251300544 
1 6 -0.011866203604904646 
1 7 -0.009285797853076039 
1 8 -0.006483120528030462 
2 0 0.0047441631420486186 
2 1 -0.006483120528030462 
2 3 0.0047441631420486186 
2 4 0.0021340609382134446 
2 5 -0.0031583230034024634 
2 6 -0.006483120528030462 
2 7 -0.010963578464749268 
2 8 -0.01765614180505426 
3 0 -0.003108503796566575 
3 1 0.0062030690575058944 
3 2 0.0047441631420486186 
3 4 -0.0004752101945251219 
3 5 -0.001511973876106909 
3 6 0.0062030690575058944 
3 7 0.005992079880331014 
3 8 0.0047441631420486186 
4 0 -0.0004752101945251219 
4 1 0.0020934601514026596 
4 2 0.0021340609382134446 
4 3 -0.00047521019452534397 
4 5 -0.0003055133973974833 
4 6 0.0020934601514026596 
4 7 0.002512610781709279 
4 8 0.0021340609382134446 
5 0 -0.001511973876106909 
5 1 0.001505313251300544 
5 2 -0.0031583230034024634 
5 3 -0.001511973876106909 
5 4 -0.00030551339739726124 
5 6 0.001505313251300544 
5 7 -8.165356235512178e-05 
5 8 -0.0031583230034024634 
6 0 0.0062030690575058944 
6 1 -0.011866203604904646 
6 2 -0.006483120528030462 
6 3 0.0062030690575058944 
6 4 0.0020934601514026596 
6 5 0.001505313251300544 
6 7 -0.009285797853076039 
6 8 -0.006483120528030462 
7 0 0.005992079880331014 
7 1 -0.009285797853076039 
7 2 -0.010963578464749268 
7 3 0.005992079880330792 
7 4 0.002512610781709057 
7 5 -8.165356235534382e-05 
7 6 -0.009285797853076039 
7 8 -0.010963578464749268 
8 0 0.0047441631420486186 
8 1 -0.006483120528030462 
8 2 -0.01765614180505426 
8 3 0.0047441631420486186 
8 4 0.0021340609382134446 
8 5 -0.0031583230034024634 
8 6 -0.006483120528030462 
8 7 -0.010963578464749268 
