9 72 72 
K 
0 1 25.19912330219891 
0 2 17.160899306967533 
0 3 3.8625820188705497 
0 4 18.68856361126477 
0 5 12.894323709229257 
0 6 3.0875104947354477 
0 7 14.441499759723955 
0 8 3.1979524048732255 
1 0 93.07926169749726 
1 2 37.95472140735226 
1 3 6.042333528163409 
1 4 35.77258672387283 
1 5 22.723467836801298 
1 6 8.499462877645563 
1 7 36.444250397656646 
1 8 7.072903956242825 
2 0 134.77862445737964 
2 1 80.7010687731078 
2 3 8.749289439845946 
2 4 47.504711580745884 
2 5 36.057866127286175 
2 6 9.887859739612242 
2 7 51.16200878501252 
2 8 12.813306150123275 
3 0 913.1143892609977 
3 1 386.7093458024582 
3 2 263.3536121393629 
3 4 286.7973667746282 
3 5 197.87813355102142 
3 6 47.381377092320555 
3 7 221.62131823061802 
3 8 49.07623442153674 
4 0 88.3595287540598 
4 1 45.78891100655722 
4 2 28.597836371609016 
4 3 5.735947335492564 
4 5 19.863768394294485 
4 6 5.610264356415777 
4 7 25.32013849115428 
4 8 5.329238168866033 
5 0 84.67272569060552 
5 1 40.39727615431342 
5 2 30.14838251198094 
5 3 5.496614820861708 
5 4 27.5885672142979 
5 6 4.949656882479116 
5 7 24.09089566308398 
5 8 5.618184142487359 
6 0 729.8874809554595 
6 1 543.9656241693156 
6 2 297.6245781623285 
6 3 47.381377092320555 
6 4 280.51321782078884 
6 5 178.18764776924814 
6 7 285.780115064781 
6 8 55.46266652221188 
7 0 85.34926357996856 
7 1 58.310800636250654 
7 2 38.49941161072193 
7 3 5.54053295576545 
7 4 31.650173113942856 
7 5 21.681806096775585 
7 6 7.144502876619525 
7 8 7.174407572960025 
8 0 755.9959485120306 
8 1 452.6658531995407 
8 2 385.6805151187104 
8 3 49.07623442153674 
8 4 266.46190844330164 
8 5 202.25462912954495 
8 6 55.46266652221188 
8 7 286.97630291840096 
P 
0 1.0 4.738174796453047 4.738174796453047 
1 1.0 46.09418844999654 46.09418844999654 
2 1.0 50.634309549086844 50.634309549086844 
3 0.0 -0.9195726295257871 -0.9195726295257871 
4 0.0 -47.9788035187599 -47.9788035187599 
5 0.0 -48.03639520445392 -48.03639520445392 
6 0.0 -1.8382443121382084 -1.8382443121382084 
7 0.0 -48.277046417494454 -48.277046417494454 
8 0.0 -2.712836125736922 -2.712836125736922 
Alfa 
0 1.0575296108291032 
1 3.90625 
2 8.305647840531561 
3 250.0 
4 5.0 
5 6.944444444444445 
6 250.0 
7 6.25 
8 250.0 
Gamma 
0 1 0.021711109602059242 
0 2 0.020826376750612274 
0 3 -0.015514097164815999 
0 4 -0.0050829766945108545 
0 5 -0.004101059398132545 
0 6 0.021711109602059242 
0 7 0.02333128141962537 
0 8 0.020826376750612274 
1 0 0.021711109602059242 
1 2 -0.00835992951042308 
1 3 0.021711109602059242 
1 4 0.0107106481207897 
1 5 0.01392848284496595 
1 6 -0.027584419048290565 
1 7 -0.01845497658509987 
1 8 -0.00835992951042308 
2 0 0.020826376750612274 
2 1 -0.00835992951042308 
2 3 0.020826376750612274 
2 4 0.015680916387387667 
2 5 0.0013041119699321868 
2 6 -0.00835992951042308 
2 7 -0.02044176675572129 
2 8 -0.03775435777042535 
3 0 -0.015514097164815999 
3 1 0.021711109602059242 
3 2 0.020826376750612274 
3 4 -0.0050829766945108545 
3 5 -0.004101059398132545 
3 6 0.021711109602059242 
3 7 0.02333128141962537 
3 8 0.020826376750612274 
4 0 -0.0050829766945108545 
4 1 0.0107106481207897 
4 2 0.015680916387387667 
4 3 -0.0050829766945108545 
4 5 0.0031820795512933486 
4 6 0.0107106481207897 
4 7 0.014706022150114961 
4 8 0.015680916387387667 
5 0 -0.004101059398132545 
5 1 0.01392848284496595 
5 2 0.0013041119699321868 
5 3 -0.004101059398132545 
5 4 0.0031820795512931266 
5 6 0.013928482844965728 
5 7 0.010293257140047363 
5 8 0.0013041119699321868 
6 0 0.021711109602059242 
6 1 -0.027584419048290565 
6 2 -0.00835992951042308 
6 3 0.021711109602059242 
6 4 0.0107106481207897 
6 5 0.01392848284496595 
6 7 -0.01845497658509987 
6 8 -0.00835992951042308 
7 0 0.023331281419625594 
7 1 -0.01845497658509987 
7 2 -0.02044176675572129 
7 3 0.023331281419625594 
7 4 0.014706022150114961 
7 5 0.010293257140047363 
7 6 -0.01845497658509987 
7 8 -0.02044176675572129 
8 0 0.020826376750612274 
8 1 -0.00835992951042308 
8 2 -0.03775435777042535 
8 3 0.020826376750612274 
8 4 0.015680916387387667 
8 5 0.0013041119699321868 
8 6 -0.00835992951042308 
8 7 -0.02044176675572129 
