12 24 12 
K 
0 3 134.92557115253808 
1 4 254.13587518077813 
2 5 350.097707534246 
3 0 127.58562008184002 
3 6 2260.9806599604517 
4 1 65.0587840462792 
4 9 2103.096743898066 
5 2 42.15176398712322 
5 11 2259.253750819245 
6 3 2260.9806599604517 
6 7 1457.1665593577486 
6 8 1357.8623712048711 
7 6 1457.1665593577486 
7 9 766.8207459788076 
8 6 1357.8623712048716 
8 11 740.4415336483315 
9 4 2103.096743898066 
9 7 766.8207459788076 
9 10 1786.9883977547677 
10 9 1786.988397754768 
10 11 1285.6331340527552 
11 5 2259.253750819245 
11 8 740.4415336483315 
11 10 1285.6331340527552 
P 
0 1.0 5.661245644793789 5.661245644793789 
1 1.0 48.007462737669016 48.007462737669016 
2 1.0 53.22964296780048 53.22964296780048 
3 0.0 -0.0 -0.0 
4 0.0 -0.0 -0.0 
5 0.0 -0.0 -0.0 
6 0.0 -425.13166953498103 -425.13166953498103 
7 0.0 -318.3134405428536 -318.3134405428536 
8 0.0 -411.59558850009444 -411.59558850009444 
9 0.0 -367.2568847866322 -367.2568847866322 
10 0.0 -362.89792614641624 -362.89792614641624 
11 0.0 -323.7418470126322 -323.7418470126322 
Alfa 
0 1.0575296108291032 
1 3.90625 
2 8.305647840531561 
3 0.0 
4 0.0 
5 0.0 
6 0.0 
7 0.0 
8 0.0 
9 0.0 
10 0.0 
11 0.0 
Gamma 
6 7 0.11710874456686438 
6 8 0.18272156076209756 
7 6 0.11710874456686438 
7 9 0.19620081728811645 
8 6 0.18272156076209756 
8 11 0.22550963518842404 
9 7 0.19620081728811645 
9 10 0.11751164543144554 
10 9 0.11751164543144554 
10 11 0.11751164543144554 
11 8 0.22550963518842404 
11 10 0.11751164543144554 
