9 72 72 
K 
0 1 20.90611704100111 
0 2 14.46880589730916 
0 3 3.6567954349165372 
0 4 16.900857671451714 
0 5 11.722958837129044 
0 6 2.6196994899143617 
0 7 12.179022263524644 
0 8 2.7354095811337955 
1 0 77.22196982019788 
1 2 33.821479518448 
1 3 5.213090869887096 
1 4 32.187212747014534 
1 5 19.7556031056807 
1 6 8.347999667102114 
1 7 34.407774172126004 
1 8 6.394141975467977 
2 0 113.63540578484672 
2 1 71.91278037145089 
2 3 7.671284451461324 
2 4 41.64434638607686 
2 5 33.27391822800586 
2 6 9.011232152194639 
2 7 48.45007323683812 
2 8 12.875219938515974 
3 0 864.4664408142694 
3 1 333.637815672774 
3 2 230.90566198898583 
3 4 269.71843817007425 
3 5 187.0850704590853 
3 6 41.80741999195533 
3 7 194.36332328300534 
3 8 43.65402125272684 
4 0 79.90725507062368 
4 1 41.199632316178594 
4 2 25.06989652441826 
4 3 5.394368763401484 
4 5 18.153292739292706 
4 6 5.16263520153831 
4 7 22.76770209122411 
4 8 4.7396057171297095 
5 0 76.98076303048074 
5 1 35.121072187876806 
5 2 27.820692740638226 
5 3 5.196807512752371 
5 4 25.21290658235098 
5 6 4.400944217206033 
5 7 21.71761095285674 
5 8 5.259659298537839 
6 0 619.296959415755 
6 1 534.2719786945353 
6 2 271.2380877810584 
6 3 41.80741999195533 
6 4 258.1317600769155 
6 5 158.43399181941717 
6 7 275.93999446888216 
6 8 51.2790944429423 
7 0 71.97802157743067 
7 1 55.052438675401596 
7 2 36.458680110720685 
7 3 4.859083082075134 
7 4 28.459627614030136 
7 5 19.54584985757107 
7 6 6.898499861722054 
7 8 6.892719661745185 
8 0 646.6508249800293 
8 1 409.22508642995035 
8 2 387.54412014933075 
8 3 43.65402125272684 
8 4 236.9802858564854 
8 5 189.34773474736218 
8 6 51.2790944429423 
8 7 275.70878646980736 
P 
0 1.0 4.486658562332305 4.486658562332305 
1 1.0 45.6965985533301 45.6965985533301 
2 1.0 50.05466852894746 50.05466852894746 
3 0.0 -1.2654399228679367 -1.2654399228679367 
4 0.0 -48.283067292559295 -48.283067292559295 
5 0.0 -48.33579802338302 -48.33579802338302 
6 0.0 -2.3222586637002656 -2.3222586637002656 
7 0.0 -48.56012013992567 -48.56012013992567 
8 0.0 -3.415749986675388 -3.415749986675388 
Alfa 
0 1.0575296108291032 
1 3.90625 
2 8.305647840531561 
3 250.0 
4 5.0 
5 6.944444444444445 
6 250.0 
7 6.25 
8 250.0 
Gamma 
0 1 0.03069975572674588 
0 2 0.030265474293226013 
0 3 -0.02168567843358593 
0 4 -0.007680533293181746 
0 5 -0.005466023298896117 
0 6 0.03069975572674566 
0 7 0.03360840844993773 
0 8 0.030265474293226013 
1 0 0.03069975572674566 
1 2 -0.008734023097686228 
1 3 0.03069975572674566 
1 4 0.015426632250301386 
1 5 0.021438499820387813 
1 6 -0.03469422782805731 
1 7 -0.022463276987211733 
1 8 -0.008734023097686228 
2 0 0.030265474293226013 
2 1 -0.008734023097686228 
2 3 0.030265474293226013 
2 4 0.0239313448308085 
2 5 0.003664002922965759 
2 6 -0.008734023097686228 
2 7 -0.024717003140266813 
2 8 -0.04663722436845741 
3 0 -0.02168567843358593 
3 1 0.03069975572674588 
3 2 0.030265474293226013 
3 4 -0.007680533293181746 
3 5 -0.005466023298896117 
3 6 0.03069975572674566 
3 7 0.03360840844993773 
3 8 0.030265474293226013 
4 0 -0.007680533293181746 
4 1 0.015426632250301386 
4 2 0.02393134483080872 
4 3 -0.007680533293181746 
4 5 0.005301504630610854 
4 6 0.015426632250301386 
4 7 0.02187368738885742 
4 8 0.02393134483080872 
5 0 -0.005466023298896117 
5 1 0.021438499820387813 
5 2 0.003664002922965759 
5 3 -0.005466023298896117 
5 4 0.005301504630610632 
5 6 0.021438499820387813 
5 7 0.016378067038648858 
5 8 0.003664002922965759 
6 0 0.03069975572674566 
6 1 -0.03469422782805731 
6 2 -0.008734023097686228 
6 3 0.03069975572674566 
6 4 0.015426632250301386 
6 5 0.021438499820387813 
6 7 -0.022463276987211733 
6 8 -0.008734023097686228 
7 0 0.03360840844993773 
7 1 -0.022463276987211733 
7 2 -0.024717003140266813 
7 3 0.03360840844993773 
7 4 0.02187368738885742 
7 5 0.016378067038648858 
7 6 -0.022463276987211733 
7 8 -0.024717003140266813 
8 0 0.030265474293226013 
8 1 -0.008734023097686228 
8 2 -0.04663722436845741 
8 3 0.030265474293226013 
8 4 0.0239313448308085 
8 5 0.003664002922965759 
8 6 -0.008734023097686228 
8 7 -0.024717003140266813 
