3 6 6 
K 
0 1 58.02492471826692 
0 2 38.99554392773207 
1 0 214.3295656780984 
1 2 82.35058373081043 
2 0 306.264006130095 
2 1 175.09758667016177 
P 
0 1.0 -18.064453904148117 -18.064453904148117 
1 1.0 19.797057137289663 19.797057137289663 
2 1.0 25.52380461964351 25.52380461964351 
Alfa 
0 1.0575296108291032 
1 3.90625 
2 8.305647840531561 
Gamma 
0 1 -0.21257121239544952 
0 2 -0.21273400823861133 
1 0 -0.21257121239544952 
1 2 -0.2211956194350777 
2 0 -0.2127340082386111 
2 1 -0.2211956194350777 
