9 72 72 
K 
0 1 29.203517727045934 
0 2 19.70690402263668 
0 3 4.144848157886128 
0 4 20.614315524103716 
0 5 14.179080166586237 
0 6 3.5341508814028937 
0 7 16.58386888923117 
0 8 3.643553728656502 
1 0 107.87049360427592 
1 2 42.16305932499727 
1 3 6.85118643615907 
1 4 39.58730974990802 
1 5 25.63550528181535 
1 6 8.910221946606788 
1 7 39.13665631615229 
1 8 7.795408748055858 
2 0 154.774488735924 
2 1 89.64902979401415 
2 3 9.830203260041294 
2 4 53.33606440882107 
2 5 39.32716636426311 
2 6 10.84914497714788 
2 7 54.86843355359292 
2 8 13.24658031686344 
3 0 979.8421045242806 
3 1 438.4759319141804 
3 2 295.88911812724297 
3 4 309.5134392605467 
3 5 212.89166078687566 
3 6 53.063473918873285 
3 7 248.9983375945778 
3 8 54.706101901294886 
4 0 97.46448379796236 
4 1 50.671756479882255 
4 2 32.10831077411027 
4 3 6.190268785210934 
4 5 21.789816158313005 
4 6 6.1321938849770055 
4 7 28.033805860391332 
4 8 5.936414736048368 
5 0 93.10929309391628 
5 1 45.574231612116165 
5 2 32.88188076567553 
5 3 5.913657244079879 
5 4 30.263633553212493 
5 6 5.515301695043862 
5 7 26.636285133500003 
5 8 6.079437903152995 
6 0 835.473268363644 
6 1 570.2542045828344 
6 2 326.559263812151 
6 3 53.063473918873306 
6 4 306.60969424885036 
6 5 198.55086102157915 
6 7 303.11931532669183 
6 8 60.37661836295338 
7 0 98.01066513535619 
7 1 62.618650105843635 
7 2 41.288496249078676 
7 3 6.224958439864445 
7 4 35.04225732548917 
7 5 23.97265662015001 
7 6 7.5779828831672935 
7 8 7.633713255321522 
8 0 861.3361014543972 
8 1 498.906159875575 
8 2 398.7220675375895 
8 3 54.7061019012949 
8 4 296.8207368024185 
8 5 218.85976451350777 
8 6 60.37661836295336 
8 7 305.3485302128609 
P 
0 1.0 4.922659051872402 4.922659051872402 
1 1.0 46.35081193868824 46.35081193868824 
2 1.0 50.98500179241757 50.98500179241757 
3 0.0 -0.704328288566114 -0.704328288566114 
4 0.0 -47.8035676218679 -47.8035676218679 
5 0.0 -47.86979329357947 -47.86979329357947 
6 0.0 -1.5527830652326344 -1.5527830652326344 
7 0.0 -48.11076089887974 -48.11076089887974 
8 0.0 -2.309547901178234 -2.309547901178234 
Alfa 
0 1.0575296108291032 
1 3.90625 
2 8.305647840531561 
3 250.0 
4 5.0 
5 6.944444444444445 
6 250.0 
7 6.25 
8 250.0 
Gamma 
0 1 0.016296248652995615 
0 2 0.01518198138100546 
0 3 -0.011317882640961674 
0 4 -0.0033892996391171604 
0 5 -0.0031383414186263447 
0 6 0.016296248652995393 
0 7 0.017217037594668305 
0 8 0.01518198138100546 
1 0 0.016296248652995615 
1 2 -0.0077978228485833245 
1 3 0.016296248652995615 
1 4 0.007804134571936183 
1 5 0.009538273953199505 
1 6 -0.022502409466571116 
1 7 -0.01548091154391873 
1 8 -0.0077978228485833245 
2 0 0.01518198138100546 
2 1 -0.0077978228485833245 
2 3 0.01518198138100546 
2 4 0.010871349681012887 
2 5 -0.00013822233384397364 
2 6 -0.0077978228485833245 
2 7 -0.017328752444254025 
2 8 -0.031334372023126944 
3 0 -0.011317882640961674 
3 1 0.016296248652995615 
3 2 0.01518198138100546 
3 4 -0.0033892996391171604 
3 5 -0.0031383414186263447 
3 6 0.016296248652995393 
3 7 0.017217037594668305 
3 8 0.01518198138100546 
4 0 -0.0033892996391173824 
4 1 0.007804134571936183 
4 2 0.01087134968101311 
4 3 -0.0033892996391173824 
4 5 0.0020056815837155018 
4 6 0.007804134571936183 
4 7 0.01044407856787255 
4 8 0.01087134968101311 
5 0 -0.003138341418626567 
5 1 0.009538273953199505 
5 2 -0.00013822233384397364 
5 3 -0.0031383414186263447 
5 4 0.0020056815837155018 
5 6 0.009538273953199505 
5 7 0.006684202427842623 
5 8 -0.00013822233384397364 
6 0 0.016296248652995615 
6 1 -0.022502409466571116 
6 2 -0.0077978228485833245 
6 3 0.016296248652995615 
6 4 0.007804134571936183 
6 5 0.009538273953199505 
6 7 -0.015480911543918952 
6 8 -0.0077978228485833245 
7 0 0.017217037594668305 
7 1 -0.015480911543918952 
7 2 -0.017328752444254025 
7 3 0.017217037594668305 
7 4 0.01044407856787255 
7 5 0.006684202427842845 
7 6 -0.015480911543918952 
7 8 -0.017328752444254025 
8 0 0.01518198138100546 
8 1 -0.0077978228485833245 
8 2 -0.031334372023126944 
8 3 0.01518198138100546 
8 4 0.010871349681012887 
8 5 -0.00013822233384397364 
8 6 -0.0077978228485833245 
8 7 -0.017328752444254025 
