12 24 12 
K 
0 3 134.92557115253808 
1 4 254.13587518077813 
2 5 350.097707534246 
3 0 127.58562008184002 
3 6 930.2320429551573 
4 1 65.0587840462792 
4 9 865.2740889180614 
5 2 42.15176398712322 
5 11 929.5215431942034 
6 3 930.2320429551573 
6 7 599.519955850045 
6 8 558.6633755814328 
7 6 599.519955850045 
7 9 315.4919640598522 
8 6 558.6633755814328 
8 11 304.63880241531353 
9 4 865.2740889180614 
9 7 315.4919640598522 
9 10 735.2180836476757 
10 9 735.2180836476757 
10 11 528.946203724562 
11 5 929.5215431942034 
11 8 304.63880241531353 
11 10 528.946203724562 
P 
0 1.0 5.661245644793789 5.661245644793789 
1 1.0 48.007462737669016 48.007462737669016 
2 1.0 53.22964296780048 53.22964296780048 
3 0.0 -0.0 -0.0 
4 0.0 -0.0 -0.0 
5 0.0 -0.0 -0.0 
6 0.0 -174.9113154658208 -174.9113154658208 
7 0.0 -136.5103991373983 -136.5103991373983 
8 0.0 -173.3361366032997 -173.3361366032997 
9 0.0 -151.09997545507153 -151.09997545507153 
10 0.0 -153.7442993514821 -153.7442993514821 
11 0.0 -133.19664562805437 -133.19664562805437 
Alfa 
0 1.0575296108291032 
1 3.90625 
2 8.305647840531561 
3 0.0 
4 0.0 
5 0.0 
6 0.0 
7 0.0 
8 0.0 
9 0.0 
10 0.0 
11 0.0 
Gamma 
6 7 0.11710874456686438 
6 8 0.18272156076209756 
7 6 0.11710874456686438 
7 9 0.19620081728811645 
8 6 0.18272156076209756 
8 11 0.22550963518842404 
9 7 0.19620081728811645 
9 10 0.11751164543144554 
10 9 0.11751164543144554 
10 11 0.11751164543144554 
11 8 0.22550963518842404 
11 10 0.11751164543144554 
