3 6 6 
K 
0 1 100.01907018733417 
0 2 66.52117456705699 
1 0 369.4454405044657 
1 2 134.82887624227092 
2 0 522.4453710183478 
2 1 286.6793381895462 
P 
0 1.0 -57.744901524524494 -57.744901524524494 
1 1.0 -22.325406824217257 -22.325406824217257 
2 1.0 -13.594273635355878 -13.594273635355878 
Alfa 
0 1.0575296108291032 
1 3.90625 
2 8.305647840531561 
Gamma 
0 1 -0.345323170216995 
0 2 -0.3460897539440446 
1 0 -0.345323170216995 
1 2 -0.35008450053955453 
2 0 -0.3460897539440446 
2 1 -0.35008450053955453 
