3 6 6 
K 
0 1 28.372474587595686 
0 2 20.098963492843225 
1 0 104.80082800793159 
1 2 50.88854290402145 
2 0 157.8536534786757 
2 1 108.20155301851736 
P 
0 1.0 -4.687028207685823 -4.687028207685823 
1 1.0 32.643389642702004 32.643389642702004 
2 1.0 36.0697798271386 36.0697798271386 
Alfa 
0 1.0575296108291032 
1 3.90625 
2 8.305647840531561 
Gamma 
0 1 -0.15191840361710485 
0 2 -0.1479672586824725 
1 0 -0.15191840361710485 
1 2 -0.17034337544322575 
2 0 -0.1479672586824725 
2 1 -0.17034337544322575 
