9 72 72 
K 
0 1 36.21575649119753 
0 2 24.22649822443263 
0 3 4.768362689655652 
0 4 24.377309354821396 
0 5 16.716776387536466 
0 6 4.332348915036636 
0 7 20.388778241181267 
0 8 4.446401400169852 
1 0 133.77195053936094 
1 2 50.15010343927785 
1 3 8.322874322537075 
1 4 46.97225820785701 
1 5 30.97729593655561 
1 6 10.004396439433922 
1 7 45.02768701069305 
1 8 9.204280704760835 
2 0 190.27057077262035 
2 1 106.6314491732153 
2 3 11.838042589892256 
2 4 64.15135618188877 
2 5 46.01416433887013 
2 6 12.755902068389679 
2 7 63.06746459618284 
2 8 14.66463778120511 
3 0 1127.2409398345962 
3 1 532.6639566423725 
3 2 356.3250819557569 
3 4 358.5432229308907 
3 5 245.8715519322436 
3 6 63.720500086739925 
3 7 299.8796198469915 
3 8 65.39799225815761 
4 0 115.2559186295956 
4 1 60.12449050605699 
4 2 38.61911642149706 
4 3 7.1708644586178165 
4 5 25.63938731662167 
4 6 7.19245699794668 
4 7 33.28132498870433 
4 8 7.087945263038051 
5 0 109.77349827815605 
5 1 55.070748331654386 
5 2 38.47295407222196 
5 3 6.829765331451208 
5 4 35.61026016197451 
5 6 6.587897641814778 
5 7 31.5826730242584 
5 8 7.06111941026939 
6 0 1024.1672835146608 
6 1 640.2813721237709 
6 2 383.9526522585294 
6 3 63.72050008673996 
6 4 359.62284989733377 
6 5 237.16431510533215 
6 7 344.7350786375862 
6 8 70.4686081655631 
7 0 120.49767940538132 
7 1 72.04429921710887 
7 2 47.4582671086276 
7 3 7.4969904961747895 
7 4 41.60165623588041 
7 5 28.42440572183257 
7 6 8.618376965939655 
7 8 8.710235518421836 
8 0 1051.1292910001528 
8 1 589.0739651046935 
8 2 441.40559721427377 
8 3 65.39799225815764 
8 4 354.3972631519025 
8 5 254.20029876969815 
8 6 70.4686081655631 
8 7 348.4094207368734 
P 
0 1.0 5.139730454457884 5.139730454457884 
1 1.0 46.60300702889131 46.60300702889131 
2 1.0 51.308168548260234 51.308168548260234 
3 0.0 -0.4772335739958097 -0.4772335739958097 
4 0.0 -47.63580822682406 -47.63580822682406 
5 0.0 -47.71854444631447 -47.71854444631447 
6 0.0 -1.2862925414396622 -1.2862925414396622 
7 0.0 -47.95911365947263 -47.95911365947263 
8 0.0 -1.9482161822872353 -1.9482161822872353 
Alfa 
0 1.0575296108291032 
1 3.90625 
2 8.305647840531561 
3 250.0 
4 5.0 
5 6.944444444444445 
6 250.0 
7 6.25 
8 250.0 
Gamma 
0 1 0.010824409735007423 
0 2 0.00950880852570224 
0 3 -0.006804705126872701 
0 4 -0.001678155359694511 
0 5 -0.002146316863878228 
0 6 0.010824409735007423 
0 7 0.01109847366649852 
0 8 0.00950880852570224 
1 0 0.010824409735007423 
1 2 -0.007046273351287935 
1 3 0.010824409735007423 
1 4 0.004784536234063053 
1 5 0.005177352889104148 
1 6 -0.016794359106743872 
1 7 -0.012117200918754678 
1 8 -0.007046273351287713 
2 0 0.00950880852570224 
2 1 -0.007046273351287935 
2 3 0.00950880852570224 
2 4 0.006111783782831726 
2 5 -0.0016722531451180966 
2 6 -0.007046273351287935 
2 7 -0.013854950233979535 
2 8 -0.024050447255271612 
3 0 -0.006804705126872701 
3 1 0.010824409735007423 
3 2 0.00950880852570224 
3 4 -0.001678155359694511 
3 5 -0.002146316863878228 
3 6 0.010824409735007423 
3 7 0.01109847366649852 
3 8 0.00950880852570224 
4 0 -0.001678155359694511 
4 1 0.004784536234063053 
4 2 0.006111783782831504 
4 3 -0.001678155359694511 
4 5 0.0008282845775562375 
4 6 0.004784536234063053 
4 7 0.006158776923192999 
4 8 0.006111783782831726 
5 0 -0.002146316863878228 
5 1 0.005177352889104148 
5 2 -0.0016722531451180966 
5 3 -0.002146316863878228 
5 4 0.0008282845775562375 
5 6 0.005177352889104148 
5 7 0.003047581199342453 
5 8 -0.0016722531451180966 
6 0 0.010824409735007423 
6 1 -0.016794359106743872 
6 2 -0.007046273351287935 
6 3 0.010824409735007423 
6 4 0.004784536234063053 
6 5 0.005177352889104148 
6 7 -0.012117200918754678 
6 8 -0.007046273351287713 
7 0 0.01109847366649852 
7 1 -0.012117200918754678 
7 2 -0.013854950233979535 
7 3 0.01109847366649852 
7 4 0.006158776923192999 
7 5 0.003047581199342231 
7 6 -0.012117200918754678 
7 8 -0.013854950233979535 
8 0 0.00950880852570224 
8 1 -0.007046273351287935 
8 2 -0.024050447255271612 
8 3 0.00950880852570224 
8 4 0.006111783782831726 
8 5 -0.0016722531451180966 
8 6 -0.007046273351287935 
8 7 -0.013854950233979535 
