9 72 72 
K 
0 1 30.4674835257724 
0 2 20.516721478796796 
0 3 4.247492866204187 
0 4 21.26271647645399 
0 5 14.614535750115587 
0 6 3.676788071365939 
0 7 17.265534418984615 
0 8 3.786522140419573 
1 0 112.53926727332183 
1 2 43.55385294897767 
1 3 7.112198000491233 
1 4 40.86468266084887 
1 5 26.579341556229164 
1 6 9.079395531894981 
1 7 40.10900156989955 
1 8 8.038205746581777 
2 0 161.1346497537397 
2 1 92.60619896128141 
2 3 10.18330367306447 
2 4 55.2383545736086 
2 5 40.46000336790812 
2 6 11.175631469115508 
2 7 56.217030560709226 
2 8 13.453340927469108 
3 0 1004.1073135706699 
3 1 455.18067203143875 
3 2 306.51744055924047 
3 4 317.6625193472032 
3 5 218.33946996436268 
3 6 54.9307875665487 
3 7 257.94508276889667 
3 8 56.57020183764614 
4 0 100.53012350067448 
4 1 52.306793805886535 
4 2 33.25348945331238 
4 3 6.353250386944067 
4 5 22.447679760042604 
4 6 6.312336079683029 
4 7 28.94192895215956 
4 8 6.137192737704424 
5 0 95.96878475909237 
5 1 47.25216276662963 
5 2 33.82905837150096 
5 3 6.064985276787856 
5 4 31.177333000059168 
5 6 5.702347824677494 
5 7 27.49071508176347 
5 8 6.243418503566223 
6 0 869.1927000709081 
6 1 581.0813140412789 
6 2 336.38650722037676 
6 3 54.9307875665487 
6 4 315.6168039841515 
6 5 205.28452168838976 
6 7 309.7803301581799 
6 8 62.08277275902579 
7 0 102.03930841619913 
7 1 64.17440251183929 
7 2 42.30331549693369 
7 3 6.448627069222418 
7 4 36.17741119019946 
7 5 24.74164357358712 
7 6 7.744508253954497 
7 8 7.807409234844659 
8 0 895.1338339951874 
8 1 514.4451677812337 
8 2 404.9455619168202 
8 3 56.57020183764616 
8 4 306.8596368852212 
8 5 224.763066128384 
8 6 62.0827727590258 
8 7 312.29636939378634 
P 
0 1.0 4.970580382324082 4.970580382324082 
1 1.0 46.41191931945176 46.41191931945176 
2 1.0 51.06563140968657 51.06563140968657 
3 0.0 -0.6521005951841711 -0.6521005951841711 
4 0.0 -47.76314120274393 -47.76314120274393 
5 0.0 -47.832330115846794 -47.832330115846794 
6 0.0 -1.4871426427168966 -1.4871426427168966 
7 0.0 -48.07286417474712 -48.07286417474712 
8 0.0 -2.218662010513207 -2.218662010513207 
Alfa 
0 1.0575296108291032 
1 3.90625 
2 8.305647840531561 
3 250.0 
4 5.0 
5 6.944444444444445 
6 250.0 
7 6.25 
8 250.0 
Gamma 
0 1 0.015012212054105634 
0 2 0.013847916672936833 
0 3 -0.010276432045192907 
0 4 -0.0029818956766747284 
0 5 -0.0029020426060060167 
0 6 0.015012212054105634 
0 7 0.015775565434205996 
0 8 0.013847916672936833 
1 0 0.015012212054105634 
1 2 -0.007633152642509966 
1 3 0.015012212054105634 
1 4 0.007104855788025111 
1 5 0.008509413091163154 
1 6 -0.021208808118237332 
1 7 -0.0147180613105784 
1 8 -0.007633152642509966 
2 0 0.013847916672936833 
2 1 -0.007633152642509966 
2 3 0.013847916672936833 
2 4 0.009746398673807777 
2 5 -0.00048800015694183685 
2 6 -0.007633152642509966 
2 7 -0.016536875663666573 
2 8 -0.02969106508987518 
3 0 -0.010276432045192907 
3 1 0.015012212054105634 
3 2 0.013847916672936833 
3 4 -0.0029818956766747284 
3 5 -0.0029020426060060167 
3 6 0.015012212054105634 
3 7 0.015775565434205996 
3 8 0.013847916672936833 
4 0 -0.0029818956766747284 
4 1 0.007104855788025111 
4 2 0.009746398673807777 
4 3 -0.0029818956766747284 
4 5 0.0017320284382631446 
4 6 0.007104855788025111 
4 7 0.00943765888026249 
4 8 0.009746398673807777 
5 0 -0.0029020426060062388 
5 1 0.008509413091162932 
5 2 -0.00048800015694183685 
5 3 -0.0029020426060060167 
5 4 0.0017320284382631446 
5 6 0.008509413091162932 
5 7 0.00583158659209837 
5 8 -0.00048800015694183685 
6 0 0.015012212054105634 
6 1 -0.021208808118237332 
6 2 -0.007633152642509966 
6 3 0.015012212054105634 
6 4 0.007104855788025111 
6 5 0.008509413091163154 
6 7 -0.0147180613105784 
6 8 -0.007633152642509966 
7 0 0.015775565434205996 
7 1 -0.0147180613105784 
7 2 -0.016536875663666573 
7 3 0.015775565434205996 
7 4 0.00943765888026249 
7 5 0.00583158659209837 
7 6 -0.0147180613105784 
7 8 -0.016536875663666573 
8 0 0.013847916672936833 
8 1 -0.007633152642509966 
8 2 -0.02969106508987518 
8 3 0.013847916672936833 
8 4 0.009746398673807777 
8 5 -0.00048800015694183685 
8 6 -0.007633152642509966 
8 7 -0.016536875663666573 
