9 72 72 
K 
0 1 14.53898307451062 
0 2 10.507961973849337 
0 3 3.56230754925969 
0 4 14.747467185176415 
0 5 10.370404954099493 
0 6 1.9434504065439506 
0 7 8.863751366223596 
0 8 2.0719913707433077 
1 0 53.70336873147357 
1 2 28.016663124146557 
1 3 4.043679645503708 
1 4 27.807647238331043 
1 5 15.52305727234052 
1 6 8.802000663994356 
1 7 33.02991691584866 
1 8 5.5244094311266885 
2 0 82.52764819328851 
2 1 59.57031361944784 
2 3 6.2140491196954155 
2 4 33.42991579087719 
2 5 30.691533977612753 
2 6 7.9628643646084845 
2 7 47.02690433382742 
2 8 14.313324399062253 
3 0 842.1295046449904 
3 1 258.79549731223756 
3 2 187.04287850283197 
3 4 262.5065374052717 
3 5 184.59434842665618 
3 6 34.59363092216415 
3 7 157.7757489033374 
3 8 36.88167421821063 
4 0 69.72602485151407 
4 1 35.593788465063746 
4 2 20.124809306108062 
4 3 5.250130748105432 
4 5 16.366392213787286 
4 6 4.75788177951338 
4 7 19.665144684871134 
4 8 3.968270091182611 
5 0 68.09899253191999 
5 1 27.596546261938716 
5 2 25.661532575726216 
5 3 5.127620789629338 
5 4 22.73110029692678 
5 6 3.688876916433098 
5 7 18.898088542544556 
5 8 5.060017745522472 
6 0 459.4316761069896 
6 1 563.3280424956388 
6 2 239.6822173747154 
6 3 34.59363092216413 
6 4 237.894088975669 
6 5 132.79956899159149 
6 7 282.5705435016678 
6 8 47.261256498352864 
7 0 52.38477057438142 
7 1 52.847867065357846 
7 2 35.38774551120511 
7 3 3.944393722583433 
7 4 24.581430856088904 
7 5 17.008279688290095 
7 6 7.064263587541695 
7 8 6.977861502711271 
8 0 489.818760043718 
8 1 353.56220359210806 
8 2 430.8310644117738 
8 3 36.88167421821062 
8 4 198.4135045591306 
8 5 182.16063883880898 
8 6 47.261256498352886 
8 7 279.11446010845094 
P 
0 1.0 4.117040044389793 4.117040044389793 
1 1.0 44.96577935776254 44.96577935776254 
2 1.0 48.83292429192012 48.83292429192012 
3 0.0 -2.0696791324227344 -2.0696791324227344 
4 0.0 -49.065274437159 -49.065274437159 
5 0.0 -49.144951905606334 -49.144951905606334 
6 0.0 -3.4783464960920853 -3.4783464960920853 
7 0.0 -49.224052679829704 -49.224052679829704 
8 0.0 -5.1455769052003255 -5.1455769052003255 
Alfa 
0 1.0575296108291032 
1 3.90625 
2 8.305647840531561 
3 250.0 
4 5.0 
5 6.944444444444445 
6 250.0 
7 6.25 
8 250.0 
Gamma 
0 1 0.052151119001054624 
0 2 0.05320768499025852 
0 3 -0.03264570624624352 
0 4 -0.01229814534890461 
0 5 -0.007112076469227846 
0 6 0.0521511190010544 
0 7 0.05887898949529302 
0 8 0.05320768499025852 
1 0 0.052151119001054624 
1 2 -0.006686682779153408 
1 3 0.052151119001054624 
1 4 0.026337315490335245 
1 5 0.040786034941723726 
1 6 -0.046209003880701705 
1 7 -0.027763838454102574 
1 8 -0.006686682779153408 
2 0 0.05320768499025852 
2 1 -0.006686682779153408 
2 3 0.05320768499025852 
2 4 0.045238871624030175 
2 5 0.009598283311586853 
2 6 -0.006686682779153408 
2 7 -0.03063086339839649 
2 8 -0.06060710265481983 
3 0 -0.03264570624624352 
3 1 0.052151119001054624 
3 2 0.05320768499025852 
3 4 -0.01229814534890461 
3 5 -0.007112076469227846 
3 6 0.0521511190010544 
3 7 0.05887898949529302 
3 8 0.05320768499025852 
4 0 -0.01229814534890461 
4 1 0.026337315490335245 
4 2 0.045238871624030175 
4 3 -0.01229814534890461 
4 5 0.011649186890630547 
4 6 0.026337315490335245 
4 7 0.03963501753999488 
4 8 0.045238871624030175 
5 0 -0.007112076469227846 
5 1 0.040786034941723726 
5 2 0.009598283311586853 
5 3 -0.007112076469227846 
5 4 0.011649186890630547 
5 6 0.040786034941723726 
5 7 0.03168045286024124 
5 8 0.009598283311586853 
6 0 0.052151119001054624 
6 1 -0.046209003880701705 
6 2 -0.006686682779153408 
6 3 0.052151119001054624 
6 4 0.026337315490335245 
6 5 0.040786034941723726 
6 7 -0.027763838454102574 
6 8 -0.006686682779153408 
7 0 0.058878989495293244 
7 1 -0.027763838454102574 
7 2 -0.03063086339839649 
7 3 0.058878989495293244 
7 4 0.03963501753999488 
7 5 0.03168045286024124 
7 6 -0.027763838454102574 
7 8 -0.03063086339839649 
8 0 0.05320768499025852 
8 1 -0.006686682779153408 
8 2 -0.06060710265481983 
8 3 0.05320768499025852 
8 4 0.045238871624030175 
8 5 0.009598283311586853 
8 6 -0.006686682779153408 
8 7 -0.03063086339839649 
