12 24 12 
K 
0 3 134.92557115253808 
1 4 254.13587518077813 
2 5 350.097707534246 
3 0 127.58562008184002 
3 6 581.3950268469741 
4 1 65.0587840462792 
4 9 540.7963055737891 
5 2 42.15176398712322 
5 11 580.950964496378 
6 3 581.3950268469741 
6 7 374.6999724062787 
6 8 349.164609738396 
7 6 374.6999724062787 
7 9 197.1824775374079 
8 6 349.164609738396 
8 11 190.3992515095712 
9 4 540.7963055737891 
9 7 197.18247753740795 
9 10 459.511302279798 
10 9 459.511302279798 
10 11 330.5913773278518 
11 5 580.950964496378 
11 8 190.3992515095712 
11 10 330.5913773278517 
P 
0 1.0 5.661245644793789 5.661245644793789 
1 1.0 48.007462737669016 48.007462737669016 
2 1.0 53.22964296780048 53.22964296780048 
3 0.0 -0.0 -0.0 
4 0.0 -0.0 -0.0 
5 0.0 -0.0 -0.0 
6 0.0 -109.31957216613812 -109.31957216613812 
7 0.0 -88.85329119616254 -88.85329119616254 
8 0.0 -110.8797754264702 -110.8797754264702 
9 0.0 -94.43748465941985 -94.43748465941985 
10 0.0 -98.91762048290725 -98.91762048290725 
11 0.0 -83.2479035175341 -83.2479035175341 
Alfa 
0 1.0575296108291032 
1 3.90625 
2 8.305647840531561 
3 0.0 
4 0.0 
5 0.0 
6 0.0 
7 0.0 
8 0.0 
9 0.0 
10 0.0 
11 0.0 
Gamma 
6 7 0.11710874456686438 
6 8 0.18272156076209756 
7 6 0.11710874456686438 
7 9 0.19620081728811645 
8 6 0.18272156076209756 
8 11 0.22550963518842404 
9 7 0.19620081728811645 
9 10 0.11751164543144554 
10 9 0.11751164543144554 
10 11 0.11751164543144554 
11 8 0.22550963518842404 
11 10 0.11751164543144554 
