3 6 6 
K 
0 1 39.07572304231013 
0 2 26.806872384093325 
1 0 144.33595198753298 
1 2 61.0605947399391 
2 0 210.5363664983276 
2 1 129.8298359918971 
P 
0 1.0 -7.928426761400187 -7.928426761400187 
1 1.0 30.058235292258512 30.058235292258512 
2 1.0 34.57552269298784 34.57552269298784 
Alfa 
0 1.0575296108291032 
1 3.90625 
2 8.305647840531561 
Gamma 
0 1 -0.16425032956063568 
0 2 -0.16302399361570052 
1 0 -0.16425032956063546 
1 2 -0.17846444184415078 
2 0 -0.16302399361570052 
2 1 -0.17846444184415078 
