12 24 12 
K 
0 3 134.92557115253808 
1 4 254.13587518077813 
2 5 350.097707534246 
3 0 127.58562008184002 
3 6 2519.3784496702224 
4 1 65.0587840462792 
4 9 2343.4506574864204 
5 2 42.15176398712322 
5 11 2517.4541794843053 
6 3 2519.3784496702224 
6 7 1623.699880427208 
6 8 1513.0466421997164 
7 6 1623.699880427208 
7 9 854.4574026621012 
8 6 1513.0466421997164 
8 11 825.0634232081421 
9 4 2343.4506574864204 
9 7 854.4574026621012 
9 10 1991.2156432124584 
10 9 1991.2156432124584 
10 11 1432.5626350873576 
11 5 2517.4541794843053 
11 8 825.063423208142 
11 10 1432.5626350873576 
P 
0 1.0 5.661245644793789 5.661245644793789 
1 1.0 48.007462737669016 48.007462737669016 
2 1.0 53.22964296780048 53.22964296780048 
3 0.0 -0.0 -0.0 
4 0.0 -0.0 -0.0 
5 0.0 -0.0 -0.0 
6 0.0 -473.7181460532653 -473.7181460532653 
7 0.0 -353.61500198080665 -353.61500198080665 
8 0.0 -457.8595597421912 -457.8595597421912 
9 0.0 -409.22910019081945 -409.22910019081945 
10 0.0 -403.5102808638799 -403.5102808638799 
11 0.0 -360.7409152426479 -360.7409152426479 
Alfa 
0 1.0575296108291032 
1 3.90625 
2 8.305647840531561 
3 0.0 
4 0.0 
5 0.0 
6 0.0 
7 0.0 
8 0.0 
9 0.0 
10 0.0 
11 0.0 
Gamma 
6 7 0.11710874456686438 
6 8 0.18272156076209756 
7 6 0.11710874456686438 
7 9 0.19620081728811645 
8 6 0.18272156076209756 
8 11 0.22550963518842404 
9 7 0.19620081728811645 
9 10 0.11751164543144554 
10 9 0.11751164543144554 
10 11 0.11751164543144554 
11 8 0.22550963518842404 
11 10 0.11751164543144554 
