12 24 12 
K 
0 3 134.92557115253808 
1 4 254.13587518077813 
2 5 350.097707534246 
3 0 127.58562008184002 
3 6 1421.1878434037117 
4 1 65.0587840462792 
4 9 1321.9465247359262 
5 2 42.15176398712322 
5 11 1420.10235765781 
6 3 1421.1878434037117 
6 7 915.9332658820126 
6 8 853.5134904716327 
7 6 915.9332658820126 
7 9 482.0016117581072 
8 6 853.513490471633 
8 11 465.4203925789509 
9 4 1321.9465247359262 
9 7 482.0016117581072 
9 10 1123.2498500172817 
10 9 1123.2498500172817 
10 11 808.1122556903025 
11 5 1420.10235765781 
11 8 465.42039257895084 
11 10 808.1122556903025 
P 
0 1.0 5.661245644793789 5.661245644793789 
1 1.0 48.007462737669016 48.007462737669016 
2 1.0 53.22964296780048 53.22964296780048 
3 0.0 -0.0 -0.0 
4 0.0 -0.0 -0.0 
5 0.0 -0.0 -0.0 
6 0.0 -267.22562085055927 -267.22562085055927 
7 0.0 -203.58336586950787 -203.58336586950787 
8 0.0 -261.23768196328206 -261.23768196328206 
9 0.0 -230.84718472302578 -230.84718472302578 
10 0.0 -230.90777331466157 -230.90777331466157 
11 0.0 -203.4948752650829 -203.4948752650829 
Alfa 
0 1.0575296108291032 
1 3.90625 
2 8.305647840531561 
3 0.0 
4 0.0 
5 0.0 
6 0.0 
7 0.0 
8 0.0 
9 0.0 
10 0.0 
11 0.0 
Gamma 
6 7 0.11710874456686438 
6 8 0.18272156076209756 
7 6 0.11710874456686438 
7 9 0.19620081728811645 
8 6 0.18272156076209756 
8 11 0.22550963518842404 
9 7 0.19620081728811645 
9 10 0.11751164543144554 
10 9 0.11751164543144554 
10 11 0.11751164543144554 
11 8 0.22550963518842404 
11 10 0.11751164543144554 
