12 24 12 
K 
0 3 134.92557115253808 
1 4 254.13587518077813 
2 5 350.097707534246 
3 0 127.58562008184002 
3 6 555.5552478759976 
4 1 65.0587840462792 
4 9 516.760914214954 
5 2 42.15176398712322 
5 11 555.1309216298724 
6 3 555.5552478759976 
6 7 358.04664029933303 
6 8 333.64618263891174 
7 6 358.04664029933303 
7 9 188.4188118690787 
8 6 333.64618263891174 
8 11 181.93706255359027 
9 4 516.760914214954 
9 7 188.41881186907872 
9 10 439.08857773402923 
10 9 439.08857773402923 
10 11 315.8984272243917 
11 5 555.1309216298724 
11 8 181.93706255359027 
11 10 315.8984272243917 
P 
0 1.0 5.661245644793789 5.661245644793789 
1 1.0 48.007462737669016 48.007462737669016 
2 1.0 53.22964296780048 53.22964296780048 
3 0.0 -0.0 -0.0 
4 0.0 -0.0 -0.0 
5 0.0 -0.0 -0.0 
6 0.0 -104.46092451430978 -104.46092451430978 
7 0.0 -85.32313505236732 -85.32313505236732 
8 0.0 -106.2533783022606 -106.2533783022606 
9 0.0 -90.24026311900118 -90.24026311900118 
10 0.0 -94.85638501116097 -94.85638501116097 
11 0.0 -79.5479966945326 -79.5479966945326 
Alfa 
0 1.0575296108291032 
1 3.90625 
2 8.305647840531561 
3 0.0 
4 0.0 
5 0.0 
6 0.0 
7 0.0 
8 0.0 
9 0.0 
10 0.0 
11 0.0 
Gamma 
6 7 0.11710874456686438 
6 8 0.18272156076209756 
7 6 0.11710874456686438 
7 9 0.19620081728811645 
8 6 0.18272156076209756 
8 11 0.22550963518842404 
9 7 0.19620081728811645 
9 10 0.11751164543144554 
10 9 0.11751164543144554 
10 11 0.11751164543144554 
11 8 0.22550963518842404 
11 10 0.11751164543144554 
