3 6 6 
K 
0 1 47.394095028529534 
0 2 32.1161382334463 
1 0 175.06193851163098 
1 2 69.9784752552233 
2 0 252.23438798626935 
2 1 148.79144240313266 
P 
0 1.0 -11.702405946318638 -11.702405946318638 
1 1.0 26.38093781322168 26.38093781322168 
2 1.0 31.472506449706483 31.472506449706483 
Alfa 
0 1.0575296108291032 
1 3.90625 
2 8.305647840531561 
Gamma 
0 1 -0.18322653550590973 
0 2 -0.1828620079978731 
1 0 -0.18322653550590973 
1 2 -0.19440806861562998 
2 0 -0.1828620079978731 
2 1 -0.19440806861562998 
