9 72 72 
K 
0 1 5.7110462552856545 
0 2 4.712296552214496 
0 3 3.6534182198730223 
0 4 11.335688998371813 
0 5 8.316180688929117 
0 6 0.9715309260151367 
0 7 4.05287511278737 
0 8 1.0960563958202496 
1 0 21.095177105461392 
1 2 16.89545600281592 
1 3 2.3042906871004964 
1 4 21.184522242535465 
1 5 8.620611609045492 
1 6 10.541175425861352 
1 7 30.876076731894713 
1 8 3.9297977975268723 
2 0 37.00953172569791 
2 1 35.92389316213352 
2 3 4.042664295404161 
2 4 19.692585045142017 
2 5 27.97619042622984 
2 6 6.111169762909006 
2 7 45.86217105322666 
2 8 19.307670529536452 
3 0 863.6680671779824 
3 1 147.47460397443177 
3 2 121.68419529166523 
3 4 292.7180364307153 
3 5 214.7461951554962 
3 6 25.087546512233406 
3 7 104.65615677039413 
3 8 28.30312970370949 
4 0 53.59513758430192 
4 1 27.116188470445397 
4 2 11.854936197175498 
4 3 5.854360728614305 
4 5 14.36698734952194 
4 6 4.612852797385564 
4 7 15.217299123360979 
4 8 2.757398329451259 
5 0 54.60958652396792 
5 1 15.325531749414203 
5 2 23.391203661931062 
5 3 5.965172087652675 
5 4 19.95414909655825 
5 6 2.6070928839707017 
5 7 14.975498206345096 
5 8 5.440675920012974 
6 0 229.6699109099783 
6 1 674.6352272551266 
6 2 183.94620986356108 
6 3 25.087546512233406 
6 4 230.6426398692782 
6 5 93.85534382294527 
6 7 336.15767987214593 
6 8 42.78496006646755 
7 0 23.952491916573347 
7 1 49.40172277103153 
7 2 34.511283717553056 
7 3 2.6164039192598527 
7 4 19.021623904201224 
7 5 13.477948385710587 
7 6 8.403941996803649 
7 8 8.027150419643085 
8 0 259.1077319719069 
8 1 251.50705904171988 
8 2 581.160882939047 
8 3 28.30312970370949 
8 4 137.86991647256298 
8 5 195.86433312046708 
8 6 42.78496006646755 
8 7 321.08601678572336 
P 
0 1.0 4.180372028030128 4.180372028030128 
1 1.0 44.540920345665874 44.540920345665874 
2 1.0 47.454726284498285 47.454726284498285 
3 0.0 -4.177088199275905 -4.177088199275905 
4 0.0 -51.02837759275733 -51.02837759275733 
5 0.0 -51.488831435820344 -51.488831435820344 
6 0.0 -6.420345413338604 -6.420345413338604 
7 0.0 -50.654043523831746 -50.654043523831746 
8 0.0 -9.404003732778351 -9.404003732778351 
Alfa 
0 1.0575296108291032 
1 3.90625 
2 8.305647840531561 
3 250.0 
4 5.0 
5 6.944444444444445 
6 250.0 
7 6.25 
8 250.0 
Gamma 
0 1 0.10159284844372851 
0 2 0.10963496122093885 
0 3 -0.04429091935001894 
0 4 -0.012218987597007569 
0 5 -7.9463972366689e-06 
0 6 0.10159284844372851 
0 7 0.12346040369745137 
0 8 0.10963496122093885 
1 0 0.10159284844372851 
1 2 0.01218843392693536 
1 3 0.10159284844372851 
1 4 0.051497827251798745 
1 5 0.0970209925694081 
1 6 -0.05597256627914127 
1 7 -0.02343212447019183 
1 8 0.01218843392693536 
2 0 0.10963496122093885 
2 1 0.01218843392693536 
2 3 0.10963496122093885 
2 4 0.10663881247210205 
2 5 0.02940309334179836 
2 6 0.01218843392693536 
2 7 -0.026092745452893196 
2 8 -0.0696252991914661 
3 0 -0.04429091935001894 
3 1 0.10159284844372851 
3 2 0.10963496122093885 
3 4 -0.012218987597007569 
3 5 -7.9463972366689e-06 
3 6 0.10159284844372851 
3 7 0.12346040369745137 
3 8 0.10963496122093885 
4 0 -0.012218987597007569 
4 1 0.051497827251798745 
4 2 0.10663881247210205 
4 3 -0.012218987597007569 
4 5 0.03739739471829728 
4 6 0.051497827251798745 
4 7 0.086204653429101 
4 8 0.10663881247210227 
5 0 -7.9463972366689e-06 
5 1 0.0970209925694081 
5 2 0.02940309334179836 
5 3 -7.9463972366689e-06 
5 4 0.03739739471829728 
5 6 0.0970209925694081 
5 7 0.07495972823081476 
5 8 0.02940309334179836 
6 0 0.10159284844372851 
6 1 -0.05597256627914127 
6 2 0.01218843392693536 
6 3 0.10159284844372851 
6 4 0.051497827251798745 
6 5 0.0970209925694081 
6 7 -0.023432124470191606 
6 8 0.01218843392693536 
7 0 0.12346040369745137 
7 1 -0.023432124470191606 
7 2 -0.026092745452893196 
7 3 0.12346040369745137 
7 4 0.086204653429101 
7 5 0.07495972823081498 
7 6 -0.02343212447019183 
7 8 -0.026092745452893196 
8 0 0.10963496122093885 
8 1 0.01218843392693536 
8 2 -0.0696252991914661 
8 3 0.10963496122093885 
8 4 0.10663881247210227 
8 5 0.02940309334179836 
8 6 0.01218843392693536 
8 7 -0.026092745452893196 
