3 6 6 
K 
0 1 53.39467299435787 
0 2 35.9896868432084 
1 0 197.22657337290934 
1 2 76.86356095163754 
2 0 282.6565438449989 
2 1 163.43082727258482 
P 
0 1.0 -15.092410279700248 -15.092410279700248 
1 1.0 22.90126741773645 22.90126741773645 
2 1.0 28.35498280697788 28.35498280697788 
Alfa 
0 1.0575296108291032 
1 3.90625 
2 8.305647840531561 
Gamma 
0 1 -0.1993373635156368 
0 2 -0.19931747185311988 
1 0 -0.1993373635156368 
1 2 -0.2089211808582443 
2 0 -0.19931747185311988 
2 1 -0.2089211808582443 
