12 24 12 
K 
0 3 134.92557115253808 
1 4 254.13587518077813 
2 5 350.097707534246 
3 0 127.58562008184002 
3 6 2209.301102018498 
4 1 65.0587840462792 
4 9 2055.0259611803954 
5 2 42.15176398712322 
5 11 2207.6136650862327 
6 3 2209.301102018498 
6 7 1423.8598951438569 
6 8 1326.8255170059026 
7 6 1423.8598951438569 
7 9 749.2934146421488 
8 6 1326.8255170059024 
8 11 723.5171557363693 
9 4 2055.0259611803954 
9 7 749.2934146421488 
9 10 1746.1429486632296 
10 9 1746.1429486632296 
10 11 1256.2472338458344 
11 5 2207.6136650862327 
11 8 723.5171557363693 
11 10 1256.2472338458344 
P 
0 1.0 5.661245644793789 5.661245644793789 
1 1.0 48.007462737669016 48.007462737669016 
2 1.0 53.22964296780048 53.22964296780048 
3 0.0 -0.0 -0.0 
4 0.0 -0.0 -0.0 
5 0.0 -0.0 -0.0 
6 0.0 -415.4143742313242 -415.4143742313242 
7 0.0 -311.253128255263 -311.253128255263 
8 0.0 -402.34279425167506 -402.34279425167506 
9 0.0 -358.86244170579477 -358.86244170579477 
10 0.0 -354.7754552029235 -354.7754552029235 
11 0.0 -316.34203336662904 -316.34203336662904 
Alfa 
0 1.0575296108291032 
1 3.90625 
2 8.305647840531561 
3 0.0 
4 0.0 
5 0.0 
6 0.0 
7 0.0 
8 0.0 
9 0.0 
10 0.0 
11 0.0 
Gamma 
6 7 0.11710874456686438 
6 8 0.18272156076209756 
7 6 0.11710874456686438 
7 9 0.19620081728811645 
8 6 0.18272156076209756 
8 11 0.22550963518842404 
9 7 0.19620081728811645 
9 10 0.11751164543144554 
10 9 0.11751164543144554 
10 11 0.11751164543144554 
11 8 0.22550963518842404 
11 10 0.11751164543144554 
