12 24 12 
K 
0 3 134.92557115253808 
1 4 254.13587518077813 
2 5 350.097707534246 
3 0 127.58562008184002 
3 6 2338.499996873383 
4 1 65.0587840462792 
4 9 2175.2029179745723 
5 2 42.15176398712322 
5 11 2336.713879418763 
6 3 2338.499996873383 
6 7 1507.1265556785863 
6 8 1404.417652503325 
7 6 1507.1265556785866 
7 9 793.1117429837957 
8 6 1404.417652503325 
8 11 765.8281005162746 
9 4 2175.2029179745723 
9 7 793.1117429837956 
9 10 1848.256571392075 
10 9 1848.256571392075 
10 11 1329.711984363136 
11 5 2336.713879418763 
11 8 765.8281005162746 
11 10 1329.711984363136 
P 
0 1.0 5.661245644793789 5.661245644793789 
1 1.0 48.007462737669016 48.007462737669016 
2 1.0 53.22964296780048 53.22964296780048 
3 0.0 -0.0 -0.0 
4 0.0 -0.0 -0.0 
5 0.0 -0.0 -0.0 
6 0.0 -439.7076124904664 -439.7076124904664 
7 0.0 -328.9039089742395 -328.9039089742395 
8 0.0 -425.47477987272345 -425.47477987272345 
9 0.0 -379.84854940788847 -379.84854940788847 
10 0.0 -375.08163256165534 -375.08163256165534 
11 0.0 -334.8415674816369 -334.8415674816369 
Alfa 
0 1.0575296108291032 
1 3.90625 
2 8.305647840531561 
3 0.0 
4 0.0 
5 0.0 
6 0.0 
7 0.0 
8 0.0 
9 0.0 
10 0.0 
11 0.0 
Gamma 
6 7 0.11710874456686438 
6 8 0.18272156076209756 
7 6 0.11710874456686438 
7 9 0.19620081728811645 
8 6 0.18272156076209756 
8 11 0.22550963518842404 
9 7 0.19620081728811645 
9 10 0.11751164543144554 
10 9 0.11751164543144554 
10 11 0.11751164543144554 
11 8 0.22550963518842404 
11 10 0.11751164543144554 
