9 72 72 
K 
0 1 17.132476961678908 
0 2 12.124119764918134 
0 3 3.5729493614776904 
0 4 15.574627091624981 
0 5 10.88011894454877 
0 6 2.217527915952091 
0 7 10.213795522144837 
0 8 2.340747073296192 
1 0 63.28308677720143 
1 2 30.408978831046284 
1 3 4.515278024723514 
1 4 29.49208055925509 
1 5 17.248654537269218 
1 6 8.52006986461667 
1 7 33.40571761020604 
1 8 5.870919256889912 
2 0 95.22066154241355 
2 1 64.65696495637751 
2 3 6.7940390151289165 
2 4 36.767273625567974 
2 5 31.54454325659513 
2 6 8.368820519776888 
2 7 47.287576754150905 
2 8 13.520251623163956 
3 0 844.6452290533261 
3 1 288.97779358230497 
3 2 204.5005743553803 
3 4 262.7011484020655 
3 5 183.51769995321393 
3 6 37.403600529704434 
3 7 172.2786553685231 
3 8 39.48196901641041 
4 0 73.63683688920293 
4 1 37.7498631158465 
4 2 22.133898722591912 
4 3 5.25402296804131 
4 5 16.998662005151076 
4 6 4.88612215676702 
4 7 20.852748968807138 
4 8 4.273288260105801 
5 0 71.4461144025369 
5 1 30.66427473292306 
5 2 26.374743111764246 
5 3 5.097713887589278 
5 4 23.60925278493206 
5 6 3.9690049135789205 
5 7 19.965360751413446 
5 8 5.09204824307655 
6 0 524.223599331074 
6 1 545.2844713354668 
6 2 251.9014976452842 
6 3 37.40360052970444 
6 4 244.306107838351 
6 5 142.8841768888411 
6 7 276.72584280715904 
6 8 48.63344348331816 
7 0 60.363531535876014 
7 1 53.44914817632967 
7 2 35.58390150749856 
7 3 4.306966384213078 
7 4 26.06593621100894 
7 5 17.968824676272106 
7 6 6.918146070178979 
7 8 6.870017364159521 
8 0 553.35260812722 
8 1 375.73883244095435 
8 2 406.95957385723494 
8 3 39.48196901641042 
8 4 213.66441300529002 
8 5 183.31373675075588 
8 6 48.63344348331816 
8 7 274.80069456638074 
P 
0 1.0 4.251893042066193 4.251893042066193 
1 1.0 45.26548972562154 45.26548972562154 
2 1.0 49.36649957286654 49.36649957286654 
3 0.0 -1.6961365711679877 -1.6961365711679877 
4 0.0 -48.69170731643031 -48.69170731643031 
5 0.0 -48.75184239046584 -48.75184239046584 
6 0.0 -2.939957338695645 -2.939957338695645 
7 0.0 -48.91817770557918 -48.91817770557918 
8 0.0 -4.334269053488947 -4.334269053488947 
Alfa 
0 1.0575296108291032 
1 3.90625 
2 8.305647840531561 
3 250.0 
4 5.0 
5 6.944444444444445 
6 250.0 
7 6.25 
8 250.0 
Gamma 
0 1 0.042158642329483964 
0 2 0.04243995355098429 
0 3 -0.02814796442912093 
0 4 -0.010450820349768186 
0 5 -0.0066505162320422695 
0 6 0.042158642329483964 
0 7 0.046963445052646824 
0 8 0.04243995355098429 
1 0 0.042158642329483964 
1 2 -0.008146966149443324 
1 3 0.042158642329483964 
1 4 0.02130098393682278 
1 5 0.03149547031911348 
1 6 -0.04166723037234776 
1 7 -0.025980060423733242 
1 8 -0.008146966149443324 
2 0 0.04243995355098429 
2 1 -0.008146966149443324 
2 3 0.04243995355098429 
2 4 0.03500371216989717 
2 5 0.006743963733182978 
2 6 -0.008146966149443324 
2 7 -0.0285829310606196 
2 8 -0.05519259848431979 
3 0 -0.02814796442912093 
3 1 0.042158642329483964 
3 2 0.04243995355098429 
3 4 -0.010450820349768186 
3 5 -0.0066505162320422695 
3 6 0.042158642329483964 
3 7 0.046963445052646824 
3 8 0.04243995355098429 
4 0 -0.010450820349768186 
4 1 0.02130098393682278 
4 2 0.03500371216989717 
4 3 -0.010450820349768186 
4 5 0.008433510710406544 
4 6 0.02130098393682278 
4 7 0.03123073998475978 
4 8 0.03500371216989717 
5 0 -0.0066505162320422695 
5 1 0.03149547031911348 
5 2 0.006743963733182978 
5 3 -0.0066505162320422695 
5 4 0.008433510710406544 
5 6 0.03149547031911348 
5 7 0.024388433986618274 
5 8 0.006743963733182978 
6 0 0.042158642329483964 
6 1 -0.04166723037234776 
6 2 -0.008146966149443324 
6 3 0.042158642329483964 
6 4 0.02130098393682278 
6 5 0.03149547031911348 
6 7 -0.025980060423733242 
6 8 -0.008146966149443324 
7 0 0.046963445052646824 
7 1 -0.025980060423733242 
7 2 -0.0285829310606196 
7 3 0.046963445052646824 
7 4 0.03123073998475978 
7 5 0.024388433986618274 
7 6 -0.025980060423733242 
7 8 -0.0285829310606196 
8 0 0.04243995355098429 
8 1 -0.008146966149443324 
8 2 -0.05519259848431979 
8 3 0.04243995355098429 
8 4 0.03500371216989717 
8 5 0.006743963733182978 
8 6 -0.008146966149443324 
8 7 -0.0285829310606196 
