12 24 12 
K 
0 3 134.92557115253808 
1 4 254.13587518077813 
2 5 350.097707534246 
3 0 127.58562008184002 
3 6 1459.9475118601763 
4 1 65.0587840462792 
4 9 1357.9996117741784 
5 2 42.15176398712322 
5 11 1458.8324219575682 
6 3 1459.9475118601763 
6 7 940.9132640424314 
6 8 876.7911311208591 
7 6 940.9132640424314 
7 9 495.14711026060104 
8 6 876.7911311208591 
8 11 478.11367601292227 
9 4 1357.9996117741784 
9 7 495.14711026060104 
9 10 1153.8839368359347 
10 9 1153.8839368359347 
10 11 830.1516808454925 
11 5 1458.8324219575682 
11 8 478.1136760129222 
11 10 830.1516808454925 
P 
0 1.0 5.661245644793789 5.661245644793789 
1 1.0 48.007462737669016 48.007462737669016 
2 1.0 53.22964296780048 53.22964296780048 
3 0.0 -0.0 -0.0 
4 0.0 -0.0 -0.0 
5 0.0 -0.0 -0.0 
6 0.0 -274.51359232830185 -274.51359232830185 
7 0.0 -208.87860008520073 -208.87860008520073 
8 0.0 -268.1772776495964 -268.1772776495964 
9 0.0 -237.14301703365376 -237.14301703365376 
10 0.0 -236.99962652228095 -236.99962652228095 
11 0.0 -209.04473549958516 -209.04473549958516 
Alfa 
0 1.0575296108291032 
1 3.90625 
2 8.305647840531561 
3 0.0 
4 0.0 
5 0.0 
6 0.0 
7 0.0 
8 0.0 
9 0.0 
10 0.0 
11 0.0 
Gamma 
6 7 0.11710874456686438 
6 8 0.18272156076209756 
7 6 0.11710874456686438 
7 9 0.19620081728811645 
8 6 0.18272156076209756 
8 11 0.22550963518842404 
9 7 0.19620081728811645 
9 10 0.11751164543144554 
10 9 0.11751164543144554 
10 11 0.11751164543144554 
11 8 0.22550963518842404 
11 10 0.11751164543144554 
