9 72 72 
K 
0 1 25.026334638377048 
0 2 17.05179103829938 
0 3 3.852164444597312 
0 4 18.610642495820965 
0 5 12.842718781619187 
0 6 3.06844727033991 
0 7 14.349728831571046 
0 8 3.179015381872903 
1 0 92.4410235705052 
1 2 37.780724410008204 
1 3 6.008151315385284 
1 4 35.61736478904433 
1 5 22.60084915424457 
1 6 8.486928752262209 
1 7 36.343811536397084 
1 8 7.0435711866250745 
2 0 133.92170768950078 
2 1 80.3311083800839 
2 3 8.704164592029086 
2 4 47.26072581307593 
2 5 35.92992337944909 
2 6 9.849295703664934 
2 7 51.02520449968504 
2 8 12.803917347179755 
3 0 910.6516747028047 
3 1 384.52168418465817 
3 2 261.99535422007546 
3 4 285.9466118253634 
3 5 197.32429565795974 
3 6 47.1457178716697 
3 7 220.4790264990508 
3 8 48.844561792608374 
4 0 87.99111772024153 
4 1 45.590226929976765 
4 2 28.450956939471705 
4 3 5.718932236507269 
4 5 19.78713449673698 
4 6 5.589760122640802 
4 7 25.209661270454156 
4 8 5.304195291652166 
5 0 84.33385333263266 
5 1 40.179287385323676 
5 2 30.041408158928274 
5 3 5.481230434943325 
5 4 27.48213124546801 
5 6 4.926331661554672 
5 7 23.9876271927186 
5 8 5.600707774089624 
6 0 725.3809347083546 
6 1 543.1634401447815 
6 2 296.4638006803145 
6 3 47.14571787166971 
6 4 279.4880061320401 
6 5 177.34793981596823 
6 7 285.18840407504507 
6 8 55.27061529280953 
7 0 84.80689739458487 
7 1 58.150098458235334 
7 2 38.39646638601299 
7 3 5.511975662476269 
7 4 31.512076588067693 
7 5 21.588864473446744 
7 6 7.1297101018761255 
7 8 7.158365767944272 
8 0 751.5192362747543 
8 1 450.78855594400477 
8 2 385.3979121501106 
8 3 48.84456179260839 
8 4 265.2097645826083 
8 5 201.62547986722652 
8 6 55.27061529280954 
8 7 286.33463071777084 
P 
0 1.0 4.729038372444103 4.729038372444103 
1 1.0 46.08068925575103 46.08068925575103 
2 1.0 50.61535705439867 50.61535705439867 
3 0.0 -0.9309196364950308 -0.9309196364950308 
4 0.0 -47.9883771414111 -47.9883771414111 
5 0.0 -48.045647640613225 -48.045647640613225 
6 0.0 -1.8537598376606765 -1.8537598376606765 
7 0.0 -48.28611927927547 -48.28611927927547 
8 0.0 -2.7350472474080525 -2.7350472474080525 
Alfa 
0 1.0575296108291032 
1 3.90625 
2 8.305647840531561 
3 250.0 
4 5.0 
5 6.944444444444445 
6 250.0 
7 6.25 
8 250.0 
Gamma 
0 1 0.02200116050174672 
0 2 0.021129581612850057 
0 3 -0.015729020996024357 
0 4 -0.005171604532007823 
0 5 -0.004150210856990633 
0 6 0.02200116050174694 
0 7 0.023660397478657336 
0 8 0.021129581612850057 
1 0 0.02200116050174672 
1 2 -0.008383267786212789 
1 3 0.02200116050174672 
1 4 0.010864725727539604 
1 5 0.014166257479721 
1 6 -0.02783925576261037 
1 7 -0.01860251808267388 
1 8 -0.008383267786212789 
2 0 0.021129581612849835 
2 1 -0.008383267786212789 
2 3 0.021129581612849835 
2 4 0.01594175215560356 
2 5 0.0013804810549857827 
2 6 -0.008383267786212789 
2 7 -0.02059736874214524 
2 8 -0.03807481355776843 
3 0 -0.015729020996024357 
3 1 0.02200116050174694 
3 2 0.021129581612850057 
3 4 -0.005171604532007823 
3 5 -0.004150210856990633 
3 6 0.02200116050174694 
3 7 0.023660397478657336 
3 8 0.021129581612850057 
4 0 -0.005171604532007823 
4 1 0.010864725727539604 
4 2 0.01594175215560356 
4 3 -0.005171604532007823 
4 5 0.003246762654239399 
4 6 0.010864725727539826 
4 7 0.014935338465448478 
4 8 0.01594175215560356 
5 0 -0.004150210856990633 
5 1 0.014166257479720779 
5 2 0.0013804810549857827 
5 3 -0.004150210856990633 
5 4 0.003246762654239399 
5 6 0.014166257479721 
5 7 0.010487518524472383 
5 8 0.0013804810549857827 
6 0 0.02200116050174672 
6 1 -0.02783925576261037 
6 2 -0.008383267786212789 
6 3 0.02200116050174672 
6 4 0.010864725727539604 
6 5 0.014166257479721 
6 7 -0.01860251808267388 
6 8 -0.008383267786212789 
7 0 0.023660397478657336 
7 1 -0.01860251808267388 
7 2 -0.02059736874214524 
7 3 0.023660397478657336 
7 4 0.014935338465448478 
7 5 0.010487518524472383 
7 6 -0.01860251808267388 
7 8 -0.02059736874214524 
8 0 0.021129581612849835 
8 1 -0.008383267786212789 
8 2 -0.03807481355776843 
8 3 0.021129581612849835 
8 4 0.01594175215560356 
8 5 0.0013804810549857827 
8 6 -0.008383267786212789 
8 7 -0.02059736874214524 
