9 72 72 
K 
0 1 15.899490654250078 
0 2 11.357384037099456 
0 3 3.5637732798455506 
0 4 15.176869508419259 
0 5 10.633446986477097 
0 6 2.087192028667935 
0 7 9.572777311548764 
0 8 2.213023265964667 
1 0 58.72874360413622 
1 2 29.28783873447781 
1 3 4.290951636682707 
1 4 28.681067641930625 
1 5 16.4326502127972 
1 6 8.638473073402562 
1 7 33.205414931681034 
1 8 5.70683075587655 
2 0 89.19885669004357 
2 1 62.27314548194619 
2 3 6.517217236661814 
2 4 35.188885865685705 
2 5 31.110973494119854 
2 6 8.174853879061397 
2 7 47.121290663037314 
2 8 13.861478408228654 
3 0 842.4760033554882 
3 1 274.62090474769326 
3 2 196.16823882352057 
3 4 262.13956951669155 
3 5 183.66417487923647 
3 6 36.050624246993955 
3 7 165.34396122576345 
3 8 38.22402017415928 
4 0 71.75623903580623 
4 1 36.71176658167118 
4 2 21.183709291142794 
4 3 5.242791390333829 
4 5 16.68464112662565 
4 6 4.819305739652707 
4 7 20.279446570830473 
4 8 4.127714742021128 
5 0 69.82630187786626 
5 1 29.21360037830613 
5 2 26.012230615916863 
5 3 5.101782635534346 
5 4 23.173112675868957 
5 6 3.8349903883236722 
5 7 19.44806748038741 
5 8 5.068567846664453 
6 0 493.41219557709945 
6 1 552.8622766977638 
6 2 246.06310175974795 
6 3 36.05062424699394 
6 4 240.96528698263538 
6 5 138.0596539796522 
6 7 278.9767953649094 
6 8 47.946196704362166 
7 0 56.57511391125319 
7 1 53.12866389068962 
7 2 35.458771223935585 
7 3 4.133599030644085 
7 4 25.349308213538098 
7 5 17.503260732348682 
7 6 6.974419884122734 
7 8 6.909257047640387 
8 0 523.1587000740471 
8 1 365.23716837609925 
8 2 417.2305000876824 
8 3 38.22402017415928 
8 4 206.38573710105646 
8 5 182.46844247992038 
8 6 47.94619670436219 
8 7 276.3702819056155 
P 
0 1.0 4.183111034524683 4.183111034524683 
1 1.0 45.120611508892985 45.120611508892985 
2 1.0 49.11601435759428 49.11601435759428 
3 0.0 -1.8653798343563268 -1.8653798343563268 
4 0.0 -48.859254258303864 -48.859254258303864 
5 0.0 -48.92662020399567 -48.92662020399567 
6 0.0 -3.1839245588515563 -3.1839245588515563 
7 0.0 -49.05768269093152 -49.05768269093152 
8 0.0 -4.701180353572428 -4.701180353572428 
Alfa 
0 1.0575296108291032 
1 3.90625 
2 8.305647840531561 
3 250.0 
4 5.0 
5 6.944444444444445 
6 250.0 
7 6.25 
8 250.0 
Gamma 
0 1 0.04669054596931699 
0 2 0.047304489452539844 
0 3 -0.030309119778555216 
0 4 -0.011357419235030308 
0 5 -0.006928606921371427 
0 6 0.04669054596931699 
0 7 0.05233372268201553 
0 8 0.047304489452539844 
1 0 0.04669054596931699 
1 2 -0.007591627650426425 
1 3 0.04669054596931699 
1 4 0.023592855606808794 
1 5 0.03564401944135387 
1 6 -0.04388398102326074 
1 7 -0.026926528908442382 
1 8 -0.007591627650426203 
2 0 0.047304489452539844 
2 1 -0.007591627650426425 
2 3 0.047304489452539844 
2 4 0.039574224504593136 
2 5 0.008013152476703311 
2 6 -0.007591627650426425 
2 7 -0.029656347473485667 
2 8 -0.05785828129431936 
3 0 -0.030309119778555216 
3 1 0.04669054596931699 
3 2 0.047304489452539844 
3 4 -0.011357419235030308 
3 5 -0.006928606921371427 
3 6 0.04669054596931699 
3 7 0.05233372268201553 
3 8 0.047304489452539844 
4 0 -0.011357419235030308 
4 1 0.023592855606808794 
4 2 0.039574224504593136 
4 3 -0.011357419235030308 
4 5 0.009830869764097638 
4 6 0.023592855606808794 
4 7 0.035011478234608484 
4 8 0.039574224504593136 
5 0 -0.006928606921371427 
5 1 0.03564401944135387 
5 2 0.008013152476703311 
5 3 -0.006928606921371427 
5 4 0.009830869764097638 
5 6 0.03564401944135387 
5 7 0.027655562649634424 
5 8 0.008013152476703311 
6 0 0.04669054596931699 
6 1 -0.04388398102326074 
6 2 -0.007591627650426425 
6 3 0.04669054596931699 
6 4 0.023592855606808794 
6 5 0.03564401944135387 
6 7 -0.026926528908442382 
6 8 -0.007591627650426203 
7 0 0.05233372268201575 
7 1 -0.026926528908442382 
7 2 -0.029656347473485667 
7 3 0.05233372268201575 
7 4 0.035011478234608706 
7 5 0.027655562649634424 
7 6 -0.026926528908442382 
7 8 -0.029656347473485667 
8 0 0.047304489452539844 
8 1 -0.007591627650426425 
8 2 -0.05785828129431936 
8 3 0.047304489452539844 
8 4 0.039574224504593136 
8 5 0.008013152476703311 
8 6 -0.007591627650426425 
8 7 -0.029656347473485667 
