9 72 72 
K 
0 1 31.393146781437917 
0 2 21.11136677404781 
0 3 4.325914397275657 
0 4 21.747468264735318 
0 5 14.940724258532613 
0 6 3.7816568386500364 
0 7 17.76611744409292 
0 8 3.8917992840725533 
1 0 115.9584359239363 
1 2 44.58831025544212 
1 3 7.304755058914828 
1 4 41.8179946620571 
1 5 27.276778137556835 
1 6 9.212681392458117 
1 7 40.85081543728449 
1 8 8.219683537659597 
2 0 165.8048872220898 
2 1 94.80570951323239 
2 3 10.444812221534566 
2 4 56.646950534007054 
2 5 41.31382348148588 
2 6 11.420411665636873 
2 7 57.247719099488954 
2 8 13.621198600827128 
3 0 1022.646163515965 
3 1 467.504323770549 
3 2 314.3888478681905 
3 4 323.8616222709508 
3 5 222.49611482903393 
3 6 56.31614235405998 
3 7 264.57165251875347 
3 8 57.956375167424675 
4 0 102.82202995566864 
4 1 53.52703316743309 
4 2 34.101464221472256 
4 3 6.477232445419018 
4 5 22.941468000933718 
4 6 6.447931850844521 
4 7 29.619516587383135 
4 8 6.286473796954692 
5 0 98.11075596436412 
5 1 48.492050022323255 
5 2 34.54294685535347 
5 3 6.18044763413983 
5 4 31.86315000129682 
5 6 5.841411626040214 
5 7 28.1288021189472 
5 8 6.367859422852755 
6 0 893.9836766568685 
6 1 589.6116091173194 
6 2 343.7543911356699 
6 3 56.31614235405998 
6 4 322.39659254222596 
6 5 210.29081853744773 
6 7 314.9401066689988 
6 8 63.36980014781333 
7 0 104.99775409458913 
7 1 65.36130469965518 
7 2 43.07890862236543 
7 3 6.614291312968837 
7 4 37.02439573422891 
7 5 25.31592190705248 
7 6 7.87350266672497 
7 8 7.941431150788697 
8 0 920.0213507547513 
8 1 526.0597464102138 
8 2 409.9980778848965 
8 3 57.95637516742465 
8 4 314.3236898477346 
8 5 229.24293922269914 
8 6 63.36980014781333 
8 7 317.65724603154786 
P 
0 1.0 5.002892361484021 5.002892361484021 
1 1.0 46.45159741688677 46.45159741688677 
2 1.0 51.117300884325374 51.117300884325374 
3 0.0 -0.617608260494488 -0.617608260494488 
4 0.0 -47.73697830524185 -47.73697830524185 
5 0.0 -47.80835829207578 -47.80835829207578 
6 0.0 -1.4449289987680807 -1.4449289987680807 
7 0.0 -48.04861969814774 -48.04861969814774 
8 0.0 -2.1607220943996723 -2.1607220943996723 
Alfa 
0 1.0575296108291032 
1 3.90625 
2 8.305647840531561 
3 250.0 
4 5.0 
5 6.944444444444445 
6 250.0 
7 6.25 
8 250.0 
Gamma 
0 1 0.01417191830394926 
0 2 0.012975795142926128 
0 3 -0.009587183647455921 
0 4 -0.0027157993102273625 
0 5 -0.0027472798685483912 
0 6 0.01417191830394926 
0 7 0.014834050181061542 
0 8 0.012975795142926128 
1 0 0.01417191830394926 
1 2 -0.0075202659198130295 
1 3 0.01417191830394926 
1 4 0.006644599680860175 
1 5 0.007838237434661055 
1 6 -0.02034525683294497 
1 7 -0.014208443712271368 
1 8 -0.0075202659198130295 
2 0 0.012975795142926128 
2 1 -0.0075202659198128075 
2 3 0.012975795142926128 
2 4 0.009013117129848425 
2 5 -0.0007195015160348373 
2 6 -0.0075202659198130295 
2 7 -0.016009244013128088 
2 8 -0.028591845143852712 
3 0 -0.009587183647455921 
3 1 0.01417191830394926 
3 2 0.012975795142926128 
3 4 -0.0027157993102273625 
3 5 -0.0027472798685483912 
3 6 0.01417191830394926 
3 7 0.014834050181061542 
3 8 0.012975795142926128 
4 0 -0.0027157993102273625 
4 1 0.006644599680860175 
4 2 0.009013117129848425 
4 3 -0.0027157993102273625 
4 5 0.0015529547134363053 
4 6 0.006644599680860175 
4 7 0.008779578421775236 
4 8 0.009013117129848425 
5 0 -0.0027472798685483912 
5 1 0.007838237434661055 
5 2 -0.0007195015160348373 
5 3 -0.0027472798685483912 
5 4 0.0015529547134363053 
5 6 0.007838237434661055 
5 7 0.0052737679571717155 
5 8 -0.0007195015160348373 
6 0 0.01417191830394926 
6 1 -0.02034525683294497 
6 2 -0.0075202659198130295 
6 3 0.01417191830394926 
6 4 0.006644599680860175 
6 5 0.007838237434661055 
6 7 -0.014208443712271368 
6 8 -0.0075202659198130295 
7 0 0.014834050181061542 
7 1 -0.014208443712271368 
7 2 -0.016009244013128088 
7 3 0.014834050181061542 
7 4 0.008779578421775236 
7 5 0.0052737679571717155 
7 6 -0.014208443712271368 
7 8 -0.016009244013128088 
8 0 0.012975795142926128 
8 1 -0.0075202659198128075 
8 2 -0.028591845143852712 
8 3 0.012975795142926128 
8 4 0.009013117129848425 
8 5 -0.0007195015160348373 
8 6 -0.0075202659198130295 
8 7 -0.016009244013128088 
