12 24 12 
K 
0 3 134.92557115253808 
1 4 254.13587518077813 
2 5 350.097707534246 
3 0 127.58562008184002 
3 6 271.31767919525464 
4 1 65.0587840462792 
4 9 252.37160926776832 
5 2 42.15176398712322 
5 11 271.1104500983098 
6 3 271.31767919525464 
6 7 174.8599871229301 
6 8 162.9434845445848 
7 6 174.8599871229301 
7 9 92.01848951745706 
8 6 162.94348454458483 
8 11 88.85298403779993 
9 4 252.37160926776832 
9 7 92.01848951745706 
9 10 214.43860773057244 
10 9 214.43860773057244 
10 11 154.27597608633084 
11 5 271.1104500983098 
11 8 88.8529840377999 
11 10 154.27597608633084 
P 
0 1.0 5.661245644793789 5.661245644793789 
1 1.0 48.007462737669016 48.007462737669016 
2 1.0 53.22964296780048 53.22964296780048 
3 0.0 -0.0 -0.0 
4 0.0 -0.0 -0.0 
5 0.0 -0.0 -0.0 
6 0.0 -51.01580034419781 -51.01580034419781 
7 0.0 -46.49141747061954 -46.49141747061954 
8 0.0 -55.363009935954885 -55.363009935954885 
9 0.0 -44.07082617439593 -44.07082617439593 
10 0.0 -50.18279482195167 -50.18279482195167 
11 0.0 -38.849021641515925 -38.849021641515925 
Alfa 
0 1.0575296108291032 
1 3.90625 
2 8.305647840531561 
3 0.0 
4 0.0 
5 0.0 
6 0.0 
7 0.0 
8 0.0 
9 0.0 
10 0.0 
11 0.0 
Gamma 
6 7 0.11710874456686438 
6 8 0.18272156076209756 
7 6 0.11710874456686438 
7 9 0.19620081728811645 
8 6 0.18272156076209756 
8 11 0.22550963518842404 
9 7 0.19620081728811645 
9 10 0.11751164543144554 
10 9 0.11751164543144554 
10 11 0.11751164543144554 
11 8 0.22550963518842404 
11 10 0.11751164543144554 
