3 6 6 
K 
0 1 33.32655675471382 
0 2 23.189624126503336 
1 0 123.09996901272422 
1 2 55.44341359385347 
2 0 182.12714762476384 
2 1 117.8863279071968 
P 
0 1.0 -5.976592668512472 -5.976592668512472 
1 1.0 31.736901646144513 31.736901646144513 
2 1.0 35.73962993375001 35.73962993375001 
Alfa 
0 1.0575296108291032 
1 3.90625 
2 8.305647840531561 
Gamma 
0 1 -0.15522044106324828 
0 2 -0.15287660296692485 
1 0 -0.15522044106324828 
1 2 -0.1719131353844099 
2 0 -0.15287660296692485 
2 1 -0.1719131353844099 
