9 72 72 
K 
0 1 49.93606797858249 
0 2 33.17362110964999 
0 3 6.185982393325399 
0 4 32.356150999928325 
0 5 22.13377438933749 
0 6 5.91991392559114 
0 7 27.921961686086256 
0 8 6.0538160325418024 
1 0 184.45135109588904 
1 2 66.8257862518669 
1 3 11.29113078925087 
1 4 62.52724301343064 
1 5 41.83342323589402 
1 6 12.709022344585518 
1 7 58.38938729402814 
1 8 12.19496101621183 
2 0 260.5396687814372 
2 1 142.08805050230845 
2 3 15.948852955107863 
2 4 86.30988107147654 
2 5 60.56701381290897 
2 6 16.844518659127917 
2 7 81.74205036969728 
2 8 18.408774420911094 
3 0 1462.3662377821233 
3 1 722.6323705120556 
3 2 480.06047394874656 
3 4 468.23074070935166 
3 5 320.30118715406314 
3 6 85.66796719181112 
3 7 404.0629184343734 
3 8 87.60568477509813 
4 0 152.97988192766113 
4 1 80.03487105719124 
4 2 51.95854840502884 
4 3 9.364614814187036 
4 5 33.90395636810832 
4 6 9.488122851554305 
4 7 44.323601869125895 
4 8 9.481855849329127 
5 0 145.34511848998284 
5 1 74.37053019714492 
5 2 50.640753215793346 
5 3 8.89725519872398 
5 4 47.08882828903934 
5 6 8.816616029049477 
5 7 42.0213793497776 
5 8 9.241372918091939 
6 0 1399.4676520097457 
6 1 813.3774300534732 
6 2 507.0200116397502 
6 3 85.66796719181114 
6 4 474.4061425777152 
6 5 317.3981770457812 
6 7 443.0114404322326 
6 8 92.5254998584216 
7 0 165.01879356476977 
7 1 93.42301967044504 
7 2 61.5108929031972 
7 3 10.101572960859334 
7 4 55.40450233640737 
7 5 37.81924141479983 
7 6 11.075286010805817 
7 8 11.225052230581346 
8 0 1431.1221100928822 
8 1 780.4775050375572 
8 2 554.1041100694239 
8 3 87.60568477509815 
8 4 474.0927924664564 
8 5 332.68942505130985 
8 6 92.52549985842158 
8 7 449.0020892232538 
P 
0 1.0 5.3585534435154685 5.3585534435154685 
1 1.0 46.7522139525936 46.7522139525936 
2 1.0 51.46952866085047 51.46952866085047 
3 0.0 -0.26813894632355667 -0.26813894632355667 
4 0.0 -47.51019890605076 -47.51019890605076 
5 0.0 -47.62224913660089 -47.62224913660089 
6 0.0 -1.1290466410313027 -1.1290466410313027 
7 0.0 -47.8814146486254 -47.8814146486254 
8 0.0 -1.76433092671266 -1.76433092671266 
Alfa 
0 1.0575296108291032 
1 3.90625 
2 8.305647840531561 
3 250.0 
4 5.0 
5 6.944444444444445 
6 250.0 
7 6.25 
8 250.0 
Gamma 
0 1 0.006046297954746871 
0 2 0.004583073818867911 
0 3 -0.0029953584336781525 
0 4 -0.00044540240923529595 
0 5 -0.0015001649246220161 
0 6 0.006046297954746871 
0 7 0.005820310219778246 
0 8 0.004583073818867911 
1 0 0.006046297954746871 
1 2 -0.00647173397638845 
1 3 0.006046297954746871 
1 4 0.00199768878858797 
1 5 0.001379608456554493 
1 6 -0.011709238182270765 
1 7 -0.009199309581558346 
1 8 -0.00647173397638845 
2 0 0.004583073818867911 
2 1 -0.00647173397638845 
2 3 0.004583073818867911 
2 4 0.0019988147121410282 
2 5 -0.003215520965979657 
2 6 -0.00647173397638845 
2 7 -0.010875674385971923 
2 8 -0.017449153973602582 
3 0 -0.0029953584336779304 
3 1 0.006046297954746871 
3 2 0.004583073818867911 
3 4 -0.00044540240923529595 
3 5 -0.0015001649246220161 
3 6 0.006046297954746871 
3 7 0.005820310219778246 
3 8 0.004583073818867911 
4 0 -0.00044540240923529595 
4 1 0.00199768878858797 
4 2 0.0019988147121410282 
4 3 -0.00044540240923529595 
4 5 -0.00035050847964557263 
4 6 0.00199768878858797 
4 7 0.0023872484226103996 
4 8 0.0019988147121410282 
5 0 -0.0015001649246220161 
5 1 0.001379608456554493 
5 2 -0.003215520965979657 
5 3 -0.0015001649246220161 
5 4 -0.00035050847964557263 
5 6 0.001379608456554493 
5 7 -0.0001905971139084528 
5 8 -0.003215520965979657 
6 0 0.006046297954746871 
6 1 -0.011709238182270765 
6 2 -0.00647173397638845 
6 3 0.006046297954746871 
6 4 0.00199768878858797 
6 5 0.001379608456554493 
6 7 -0.009199309581558346 
6 8 -0.00647173397638845 
7 0 0.005820310219778246 
7 1 -0.009199309581558124 
7 2 -0.010875674385971923 
7 3 0.005820310219778246 
7 4 0.0023872484226103996 
7 5 -0.00019059711390823075 
7 6 -0.009199309581558346 
7 8 -0.010875674385971923 
8 0 0.004583073818867911 
8 1 -0.00647173397638845 
8 2 -0.017449153973602582 
8 3 0.004583073818867911 
8 4 0.0019988147121410282 
8 5 -0.003215520965979657 
8 6 -0.00647173397638845 
8 7 -0.010875674385971923 
