9 72 72 
K 
0 1 38.24130556124054 
0 2 25.541380459645257 
0 3 4.9666499649295055 
0 4 25.520593438866317 
0 5 17.491138599289677 
0 6 4.565264167888732 
0 7 21.49585707118499 
0 8 4.68163151753285 
1 0 141.25382241683224 
1 2 52.5515722271787 
1 3 8.7560629040243 
1 4 49.206615627994346 
1 5 32.556838780221625 
1 6 10.37250305246748 
1 7 46.89746690166052 
1 8 9.632490194622822 
2 0 200.59741995548632 
2 1 111.73756221061257 
2 3 12.434662633992652 
2 4 67.36570640804882 
2 5 48.0809457448477 
2 6 13.339280170506804 
2 7 65.67759652273512 
2 8 15.164205944187652 
3 0 1174.1160517093347 
3 1 560.3880258575552 
3 2 374.2833452831789 
3 4 373.9787323164717 
3 5 256.31511492095774 
3 6 66.89937325660723 
3 7 315.00025251352207 
3 8 68.60462019795219 
4 0 120.66136577895996 
4 1 62.98446800383277 
4 2 40.5541552576454 
4 3 7.479574646329434 
4 5 26.818678605231504 
4 6 7.519113970911831 
4 7 34.86805856156574 
4 8 7.433412290345332 
5 0 114.85847680200222 
5 1 57.87882449817181 
5 2 40.20101296999765 
5 3 7.119864303359938 
5 4 37.24816472948821 
5 6 6.90959996483061 
5 7 33.081191187707226 
5 8 7.368682740326005 
6 0 1079.2284492888957 
6 1 663.8401953579189 
6 2 401.5123331322546 
6 3 66.89937325660722 
6 4 375.95569854559153 
6 5 248.74559873390186 
6 7 358.3129972263688 
6 8 73.59558330999545 
7 0 127.04051529070327 
7 1 75.03594704265684 
7 2 49.42239138335815 
7 3 7.875006312838052 
7 4 43.58507320195718 
7 5 29.7730720689365 
7 6 8.957824930659221 
7 8 9.05892402870487 
8 0 1106.7376907447654 
8 1 616.4793724558606 
8 2 456.44259892004817 
8 3 68.60462019795219 
8 4 371.6706145172668 
8 5 265.27257865173624 
8 6 73.59558330999548 
8 7 362.35696114819496 
P 
0 1.0 5.184701498953069 5.184701498953069 
1 1.0 46.64537407336145 46.64537407336145 
2 1.0 51.35899854831314 51.35899854831314 
3 0.0 -0.43288041664232957 -0.43288041664232957 
4 0.0 -47.606038918759715 -47.606038918759715 
5 0.0 -47.69341870574054 -47.69341870574054 
6 0.0 -1.2423722922849734 -1.2423722922849734 
7 0.0 -47.935179608507305 -47.935179608507305 
8 0.0 -1.891748777977938 -1.891748777977938 
Alfa 
0 1.0575296108291032 
1 3.90625 
2 8.305647840531561 
3 250.0 
4 5.0 
5 6.944444444444445 
6 250.0 
7 6.25 
8 250.0 
Gamma 
0 1 0.00979308387279998 
0 2 0.0084431384511372 
0 3 -0.005947724039250701 
0 4 -0.0013744930886872009 
0 5 -0.0019741358362463934 
0 6 0.00979308387279998 
0 7 0.009953006598611314 
0 8 0.008443138451137422 
1 0 0.00979308387279998 
1 2 -0.006900290494006089 
1 3 0.00979308387279998 
1 4 0.004200158988565628 
1 5 0.004359999694237837 
1 6 -0.015677355257616155 
1 7 -0.011463927514443695 
1 8 -0.006900290494006089 
2 0 0.0084431384511372 
2 1 -0.006900290494006089 
2 3 0.0084431384511372 
2 4 0.005223006949532039 
2 5 -0.001980341116423867 
2 6 -0.006900290494006089 
2 7 -0.013185370531083596 
2 8 -0.022613169832711 
3 0 -0.005947724039250701 
3 1 0.00979308387279998 
3 2 0.0084431384511372 
3 4 -0.0013744930886872009 
3 5 -0.0019741358362463934 
3 6 0.00979308387279998 
3 7 0.009953006598611314 
3 8 0.008443138451137422 
4 0 -0.0013744930886872009 
4 1 0.004200158988565628 
4 2 0.0052230069495318165 
4 3 -0.0013744930886872009 
4 5 0.0005960058458662765 
4 6 0.004200158988565628 
4 7 0.005350022753041417 
4 8 0.005223006949532039 
5 0 -0.0019741358362461714 
5 1 0.004359999694237837 
5 2 -0.001980341116423867 
5 3 -0.0019741358362461714 
5 4 0.0005960058458662765 
5 6 0.004359999694237837 
5 7 0.0023580542074943533 
5 8 -0.001980341116423867 
6 0 0.00979308387279998 
6 1 -0.015677355257616155 
6 2 -0.006900290494006089 
6 3 0.00979308387279998 
6 4 0.004200158988565628 
6 5 0.004359999694237837 
6 7 -0.011463927514443695 
6 8 -0.006900290494006089 
7 0 0.009953006598611314 
7 1 -0.011463927514443695 
7 2 -0.013185370531083596 
7 3 0.009953006598611314 
7 4 0.005350022753041417 
7 5 0.0023580542074943533 
7 6 -0.011463927514443695 
7 8 -0.013185370531083596 
8 0 0.0084431384511372 
8 1 -0.006900290494006089 
8 2 -0.022613169832711 
8 3 0.0084431384511372 
8 4 0.005223006949532039 
8 5 -0.001980341116423867 
8 6 -0.006900290494006089 
8 7 -0.013185370531083596 
