9 72 72 
K 
0 1 18.91090343584228 
0 2 13.228225019223949 
0 3 3.601350278743176 
0 4 16.17500592067928 
0 5 11.258024980959744 
0 6 2.406235260099934 
0 7 11.138380041688672 
0 8 2.525715549865267 
1 0 69.85214956614242 
1 2 32.00803232466356 
1 3 4.84129756438118 
1 4 30.715219169859775 
1 5 18.423839428279113 
1 6 8.402396658427039 
1 7 33.79454528566063 
1 8 6.1114159190297475 
2 0 103.89210613104797 
2 1 68.05694580659362 
2 3 7.200531458153809 
2 4 39.04648117087664 
2 5 32.27822160682326 
2 6 8.659608635310136 
2 7 47.70052286412388 
2 8 13.142088026265967 
3 0 851.3592058948872 
3 1 309.84304412039563 
3 2 216.73599689042962 
3 4 265.01711513316025 
3 5 184.45553078509826 
3 6 39.42462402119441 
3 7 182.49522506395073 
3 8 41.38223206561562 
4 0 76.47542799297163 
4 1 39.31548053742053 
4 2 23.505981664867733 
4 3 5.3003423026632035 
4 5 17.503566500154264 
4 6 5.002526497893908 
4 7 21.720646818946904 
4 8 4.488086899000093 
5 0 73.92769737496903 
5 1 32.75349231694065 
5 2 26.988179732371684 
5 3 5.123764744030507 
5 4 24.310509027992033 
5 6 4.1675749850776285 
5 7 20.75534052260133 
5 8 5.152956282006815 
6 0 568.8340154876242 
6 1 537.7533861393305 
6 2 260.65421992283507 
6 3 39.4246240211944 
6 4 250.1263248946954 
6 5 150.03269946279462 
6 7 275.2025100991078 
6 8 49.76770620702122 
7 0 65.82782604638003 
7 1 54.071272457057 
7 2 35.894643455253224 
7 3 4.562380626598768 
7 4 27.150808523683637 
7 5 18.679806470341195 
7 6 6.8800627524776985 
7 8 6.853501433491733 
8 0 597.0791559881491 
8 1 391.13061881790384 
8 2 395.5768495906055 
8 3 41.38223206561561 
8 4 224.4043449500047 
8 5 185.5064261522453 
8 6 49.767706207021234 
8 7 274.1400573396693 
P 
0 1.0 4.3603815410068165 4.3603815410068165 
1 1.0 45.47408200767144 45.47408200767144 
2 1.0 49.708652011943826 49.708652011943826 
3 0.0 -1.4772139671605025 -1.4772139671605025 
4 0.0 -48.48042365128009 -48.48042365128009 
5 0.0 -48.534904870724866 -48.534904870724866 
6 0.0 -2.625016609795463 -2.625016609795463 
7 0.0 -48.73632920029914 -48.73632920029914 
8 0.0 -3.8636442682253356 -3.8636442682253356 
Alfa 
0 1.0575296108291032 
1 3.90625 
2 8.305647840531561 
3 250.0 
4 5.0 
5 6.944444444444445 
6 250.0 
7 6.25 
8 250.0 
Gamma 
0 1 0.03631159949036711 
0 2 0.0362065048224911 
0 3 -0.025037671874753586 
0 4 -0.009119723179775274 
0 5 -0.00612962896364877 
0 6 0.03631159949036711 
0 7 0.04011091366555819 
0 8 0.0362065048224911 
1 0 0.03631159949036711 
1 2 -0.008594753114382181 
1 3 0.03631159949036711 
1 4 0.018319644619597897 
1 5 0.026290391507357347 
1 6 -0.03837334708548079 
1 7 -0.02439627996559124 
1 8 -0.008594753114382181 
2 0 0.0362065048224911 
2 1 -0.008594753114382181 
2 3 0.0362065048224911 
2 4 0.02927097389251565 
2 5 0.005154342682679225 
2 6 -0.008594753114382181 
2 7 -0.026823672923183217 
2 8 -0.05117678419391214 
3 0 -0.025037671874753586 
3 1 0.03631159949036711 
3 2 0.0362065048224911 
3 4 -0.009119723179775274 
3 5 -0.00612962896364877 
3 6 0.03631159949036711 
3 7 0.04011091366555819 
3 8 0.0362065048224911 
4 0 -0.009119723179775274 
4 1 0.018319644619597897 
4 2 0.029270973892515872 
4 3 -0.009119723179775274 
4 5 0.006767943606787119 
4 6 0.018319644619597897 
4 7 0.0264221358888177 
4 8 0.02927097389251565 
5 0 -0.00612962896364877 
5 1 0.026290391507357347 
5 2 0.005154342682679003 
5 3 -0.00612962896364877 
5 4 0.006767943606787341 
5 6 0.026290391507357347 
5 7 0.020260022164512392 
5 8 0.005154342682679003 
6 0 0.03631159949036711 
6 1 -0.03837334708548079 
6 2 -0.008594753114382181 
6 3 0.03631159949036711 
6 4 0.018319644619597897 
6 5 0.026290391507357347 
6 7 -0.02439627996559124 
6 8 -0.008594753114382181 
7 0 0.04011091366555819 
7 1 -0.02439627996559124 
7 2 -0.026823672923183217 
7 3 0.04011091366555819 
7 4 0.0264221358888177 
7 5 0.020260022164512392 
7 6 -0.02439627996559124 
7 8 -0.026823672923183217 
8 0 0.0362065048224911 
8 1 -0.008594753114382181 
8 2 -0.05117678419391214 
8 3 0.0362065048224911 
8 4 0.02927097389251565 
8 5 0.005154342682679225 
8 6 -0.008594753114382181 
8 7 -0.026823672923183217 
