12 24 12 
K 
0 3 134.92557115253808 
1 4 254.13587518077813 
2 5 350.097707534246 
3 0 127.58562008184002 
3 6 1589.146406715059 
4 1 65.0587840462792 
4 9 1478.1765685683538 
5 2 42.15176398712322 
5 11 1587.9326362900965 
6 3 1589.146406715059 
6 7 1024.1799245771592 
6 8 954.3832666182803 
7 6 1024.1799245771592 
7 9 538.9654386022471 
8 6 954.3832666182803 
8 11 520.4246207928267 
9 4 1478.1765685683538 
9 7 538.965438602247 
9 10 1255.9975595647782 
10 9 1255.9975595647782 
10 11 903.6164313627927 
11 5 1587.9326362900965 
11 8 520.4246207928267 
11 10 903.6164313627927 
P 
0 1.0 5.661245644793789 5.661245644793789 
1 1.0 48.007462737669016 48.007462737669016 
2 1.0 53.22964296780048 53.22964296780048 
3 0.0 -0.0 -0.0 
4 0.0 -0.0 -0.0 
5 0.0 -0.0 -0.0 
6 0.0 -298.8068305874436 -298.8068305874436 
7 0.0 -226.52938080417692 -226.52938080417692 
8 0.0 -291.3092632706444 -291.3092632706444 
9 0.0 -258.129124735747 -258.129124735747 
10 0.0 -257.30580388101237 -257.30580388101237 
11 0.0 -227.54426961459268 -227.54426961459268 
Alfa 
0 1.0575296108291032 
1 3.90625 
2 8.305647840531561 
3 0.0 
4 0.0 
5 0.0 
6 0.0 
7 0.0 
8 0.0 
9 0.0 
10 0.0 
11 0.0 
Gamma 
6 7 0.11710874456686438 
6 8 0.18272156076209756 
7 6 0.11710874456686438 
7 9 0.19620081728811645 
8 6 0.18272156076209756 
8 11 0.22550963518842404 
9 7 0.19620081728811645 
9 10 0.11751164543144554 
10 9 0.11751164543144554 
10 11 0.11751164543144554 
11 8 0.22550963518842404 
11 10 0.11751164543144554 
