3 6 6 
K 
0 1 67.65883646645874 
0 2 45.28004225774511 
1 0 249.91482719798177 
1 2 94.0797378828491 
2 0 355.6213285624897 
2 1 200.03665197682213 
P 
0 1.0 -25.184337031212177 -25.184337031212177 
1 1.0 12.27916448847817 12.27916448847817 
2 1.0 18.591026360610865 18.591026360610865 
Alfa 
0 1.0575296108291032 
1 3.90625 
2 8.305647840531561 
Gamma 
0 1 -0.2414821451789313 
0 2 -0.24189542590374402 
1 0 -0.2414821451789313 
1 2 -0.24864447383935606 
2 0 -0.24189542590374424 
2 1 -0.24864447383935606 
