12 24 12 
K 
0 3 134.92557115253808 
1 4 254.13587518077813 
2 5 350.097707534246 
3 0 127.58562008184002 
3 6 1266.149169577852 
4 1 65.0587840462792 
4 9 1177.7341765829162 
5 2 42.15176398712322 
5 11 1265.1821004587764 
6 3 1266.149169577852 
6 7 816.0132732403387 
6 8 760.4029278747275 
7 6 816.0132732403387 
7 9 429.41961774813194 
8 6 760.4029278747275 
8 11 414.6472588430654 
9 4 1177.7341765829162 
9 7 429.41961774813194 
9 10 1000.7135027426693 
10 9 1000.7135027426693 
10 11 719.9545550695425 
11 5 1265.1821004587764 
11 8 414.6472588430654 
11 10 719.9545550695425 
P 
0 1.0 5.661245644793789 5.661245644793789 
1 1.0 48.007462737669016 48.007462737669016 
2 1.0 53.22964296780048 53.22964296780048 
3 0.0 -0.0 -0.0 
4 0.0 -0.0 -0.0 
5 0.0 -0.0 -0.0 
6 0.0 -238.07373493958923 -238.07373493958923 
7 0.0 -182.4024290067364 -182.4024290067364 
8 0.0 -233.47929921802444 -233.47929921802444 
9 0.0 -205.6638554805139 -205.6638554805139 
10 0.0 -206.5403604841838 -206.5403604841838 
11 0.0 -181.29543432707388 -181.29543432707388 
Alfa 
0 1.0575296108291032 
1 3.90625 
2 8.305647840531561 
3 0.0 
4 0.0 
5 0.0 
6 0.0 
7 0.0 
8 0.0 
9 0.0 
10 0.0 
11 0.0 
Gamma 
6 7 0.11710874456686438 
6 8 0.18272156076209756 
7 6 0.11710874456686438 
7 9 0.19620081728811645 
8 6 0.18272156076209756 
8 11 0.22550963518842404 
9 7 0.19620081728811645 
9 10 0.11751164543144554 
10 9 0.11751164543144554 
10 11 0.11751164543144554 
11 8 0.22550963518842404 
11 10 0.11751164543144554 
