12 24 12 
K 
0 3 134.92557115253808 
1 4 254.13587518077813 
2 5 350.097707534246 
3 0 127.58562008184002 
3 6 2273.9005494459407 
4 1 65.0587840462792 
4 9 2115.1144395774836 
5 2 42.15176398712322 
5 11 2272.1637722524983 
6 3 2273.9005494459407 
6 7 1465.4932254112214 
6 8 1365.6215847546139 
7 6 1465.4932254112216 
7 9 771.2025788129722 
8 6 1365.6215847546139 
8 11 744.6726281263221 
9 4 2115.1144395774836 
9 7 771.2025788129722 
9 10 1797.1997600276522 
10 9 1797.1997600276522 
10 11 1292.9796091044852 
11 5 2272.1637722524983 
11 8 744.6726281263221 
11 10 1292.9796091044852 
P 
0 1.0 5.661245644793789 5.661245644793789 
1 1.0 48.007462737669016 48.007462737669016 
2 1.0 53.22964296780048 53.22964296780048 
3 0.0 -0.0 -0.0 
4 0.0 -0.0 -0.0 
5 0.0 -0.0 -0.0 
6 0.0 -427.5609933608952 -427.5609933608952 
7 0.0 -320.0785186147512 -320.0785186147512 
8 0.0 -413.9087870621993 -413.9087870621993 
9 0.0 -369.35549555684156 -369.35549555684156 
10 0.0 -364.9285438822895 -364.9285438822895 
11 0.0 -325.591800424133 -325.591800424133 
Alfa 
0 1.0575296108291032 
1 3.90625 
2 8.305647840531561 
3 0.0 
4 0.0 
5 0.0 
6 0.0 
7 0.0 
8 0.0 
9 0.0 
10 0.0 
11 0.0 
Gamma 
6 7 0.11710874456686438 
6 8 0.18272156076209756 
7 6 0.11710874456686438 
7 9 0.19620081728811645 
8 6 0.18272156076209756 
8 11 0.22550963518842404 
9 7 0.19620081728811645 
9 10 0.11751164543144554 
10 9 0.11751164543144554 
10 11 0.11751164543144554 
11 8 0.22550963518842404 
11 10 0.11751164543144554 
