12 24 12 
K 
0 3 134.92557115253808 
1 4 254.13587518077813 
2 5 350.097707534246 
3 0 127.58562008184002 
3 6 1899.2237543667773 
4 1 65.0587840462792 
4 9 1766.6012648743736 
5 2 42.15176398712322 
5 11 1897.7731506881635 
6 3 1899.2237543667773 
6 7 1224.0199098605074 
6 8 1140.6043918120906 
7 6 1224.0199098605076 
7 9 644.1294266221977 
8 6 1140.6043918120906 
8 11 621.9708882645978 
9 4 1766.6012648743736 
9 7 644.1294266221977 
9 10 1501.070254114003 
10 9 1501.070254114003 
10 11 1079.931832604313 
11 5 1897.7731506881635 
11 8 621.9708882645978 
11 10 1079.9318326043128 
P 
0 1.0 5.661245644793789 5.661245644793789 
1 1.0 48.007462737669016 48.007462737669016 
2 1.0 53.22964296780048 53.22964296780048 
3 0.0 -0.0 -0.0 
4 0.0 -0.0 -0.0 
5 0.0 -0.0 -0.0 
6 0.0 -357.11060240938366 -357.11060240938366 
7 0.0 -268.8912545297198 -268.8912545297198 
8 0.0 -346.82602876115953 -346.82602876115953 
9 0.0 -308.4957832207707 -308.4957832207707 
10 0.0 -306.04062954196786 -306.04062954196786 
11 0.0 -271.9431514906107 -271.9431514906107 
Alfa 
0 1.0575296108291032 
1 3.90625 
2 8.305647840531561 
3 0.0 
4 0.0 
5 0.0 
6 0.0 
7 0.0 
8 0.0 
9 0.0 
10 0.0 
11 0.0 
Gamma 
6 7 0.11710874456686438 
6 8 0.18272156076209756 
7 6 0.11710874456686438 
7 9 0.19620081728811645 
8 6 0.18272156076209756 
8 11 0.22550963518842404 
9 7 0.19620081728811645 
9 10 0.11751164543144554 
10 9 0.11751164543144554 
10 11 0.11751164543144554 
11 8 0.22550963518842404 
11 10 0.11751164543144554 
