3 6 6 
K 
0 1 161.9567425487182 
0 2 107.31692091040013 
1 0 598.2277177893279 
1 2 214.25931301444317 
2 0 842.8478439607508 
2 1 455.56797451575966 
P 
0 1.0 -155.59411796436927 -155.59411796436927 
1 1.0 -125.79529349152219 -125.79529349152219 
2 1.0 -109.85665872629352 -109.85665872629352 
Alfa 
0 1.0575296108291032 
1 3.90625 
2 8.305647840531561 
Gamma 
0 1 -0.5623135745749366 
0 2 -0.5632793169617083 
1 0 -0.5623135745749366 
1 2 -0.5655132854434404 
2 0 -0.5632793169617081 
2 1 -0.5655132854434402 
