3 6 6 
K 
0 1 112.7774895895371 
0 2 74.91789375614336 
1 0 416.57185217135276 
1 2 151.12177288562722 
2 0 588.3916971412718 
2 1 321.3220420159516 
P 
0 1.0 -74.1178982865842 -74.1178982865842 
1 1.0 -39.701920007840215 -39.701920007840215 
2 1.0 -29.774844082652415 -29.774844082652415 
Alfa 
0 1.0575296108291032 
1 3.90625 
2 8.305647840531561 
Gamma 
0 1 -0.388069457609564 
0 2 -0.38890057292519775 
1 0 -0.3880694576095638 
1 2 -0.39234283471179077 
2 0 -0.38890057292519775 
2 1 -0.39234283471179077 
