9 72 72 
K 
0 1 23.457893040542825 
0 2 16.064388942391414 
0 3 3.765413138006477 
0 4 17.92564057725004 
0 5 12.390889615118125 
0 6 2.896293089813979 
0 7 13.519458188614504 
0 8 3.0083402298025974 
1 0 86.64759241850508 
1 2 36.23164582726809 
1 3 5.700922710199205 
1 4 34.249023476389674 
1 5 21.50017835303992 
1 6 8.396477865063149 
1 7 35.50062278621903 
1 8 6.785014862688216 
2 0 126.16682877014388 
2 1 77.03738647658334 
2 3 8.301065492223834 
2 4 45.07744633570864 
2 5 34.82674290393636 
2 6 9.511632171049152 
2 7 49.88516995162486 
2 8 12.76123079439311 
3 0 890.1436658247311 
3 1 364.85905345274915 
3 2 249.86207131593738 
3 4 278.81158134048235 
3 5 192.72524811140843 
3 6 45.04832354060445 
3 7 210.27876243474262 
3 8 46.79108080220842 
4 0 84.75242864923821 
4 1 43.83875004977878 
4 2 27.13662269409661 
4 3 5.5762316268096495 
4 5 19.12009860078093 
4 6 5.412671488262458 
4 7 24.2355935088659 
4 8 5.081811330912176 
5 0 81.36684180594237 
5 1 38.2225392942932 
5 2 29.119026705791246 
5 3 5.353479114205792 
5 4 26.555692501084625 
5 6 4.719250626723932 
5 7 23.07890288574627 
5 8 5.45305145473448 
6 0 684.683686432025 
6 1 537.3745833640418 
6 2 286.30012834857945 
6 3 45.04832354060445 
6 4 270.63357441312286 
6 5 169.89302256206156 
6 7 280.5236314299494 
6 8 53.61474980451162 
7 0 79.89999789471173 
7 1 56.80099645795048 
7 2 37.53859038859771 
7 3 5.256969060868565 
7 4 30.294491886082373 
7 5 20.77101259717164 
7 6 7.013090785748735 
7 8 7.029763288294022 
8 0 711.1716303253339 
8 1 434.24095121204596 
8 2 384.1130469112325 
8 3 46.79108080220841 
8 4 254.09056654560877 
8 5 196.30985237044123 
8 6 53.61474980451162 
8 7 281.1905315317609 
P 
0 1.0 4.641856192185535 4.641856192185535 
1 1.0 45.94835293970657 45.94835293970657 
2 1.0 50.42692571012425 50.42692571012425 
3 0.0 -1.0431936007153229 -1.0431936007153229 
4 0.0 -48.0846934518067 -48.0846934518067 
5 0.0 -48.13940712341829 -48.13940712341829 
6 0.0 -2.0089378062793344 -2.0089378062793344 
7 0.0 -48.37691947572935 -48.37691947572935 
8 0.0 -2.958497899057104 -2.958497899057104 
Alfa 
0 1.0575296108291032 
1 3.90625 
2 8.305647840531561 
3 250.0 
4 5.0 
5 6.944444444444445 
6 250.0 
7 6.25 
8 250.0 
Gamma 
0 1 0.02489116203827324 
0 2 0.024155553392713802 
0 3 -0.017813084289491687 
0 4 -0.006038797820926645 
0 5 -0.004622774172766242 
0 6 0.02489116203827324 
0 7 0.02694862186097291 
0 8 0.024155553392713802 
1 0 0.02489116203827324 
1 2 -0.00857547700389949 
1 3 0.02489116203827324 
1 4 0.012392401921295981 
1 5 0.0165512693866261 
1 6 -0.030283233565490564 
1 7 -0.02000578168716549 
1 8 -0.00857547700389949 
2 0 0.024155553392713802 
2 1 -0.00857547700389949 
2 3 0.024155553392713802 
2 4 0.018559652852885966 
2 5 0.002139300868830629 
2 6 -0.00857547700389949 
2 7 -0.02208349794489184 
2 8 -0.04114072908704336 
3 0 -0.017813084289491687 
3 1 0.02489116203827324 
3 2 0.024155553392713802 
3 4 -0.006038797820926645 
3 5 -0.004622774172766242 
3 6 0.02489116203827324 
3 7 0.02694862186097291 
3 8 0.024155553392713802 
4 0 -0.006038797820926645 
4 1 0.012392401921295981 
4 2 0.018559652852885966 
4 3 -0.006038797820926645 
4 5 0.0039034720319492955 
4 6 0.012392401921295981 
4 7 0.017226892752971734 
4 8 0.018559652852885966 
5 0 -0.004622774172766242 
5 1 0.0165512693866261 
5 2 0.002139300868830629 
5 3 -0.004622774172766242 
5 4 0.0039034720319492955 
5 6 0.0165512693866261 
5 7 0.012429908570354753 
5 8 0.002139300868830629 
6 0 0.02489116203827324 
6 1 -0.030283233565490564 
6 2 -0.00857547700389949 
6 3 0.02489116203827324 
6 4 0.012392401921295981 
6 5 0.0165512693866261 
6 7 -0.02000578168716549 
6 8 -0.00857547700389949 
7 0 0.02694862186097291 
7 1 -0.02000578168716549 
7 2 -0.02208349794489184 
7 3 0.026948621860973132 
7 4 0.017226892752971734 
7 5 0.012429908570354975 
7 6 -0.02000578168716549 
7 8 -0.02208349794489184 
8 0 0.024155553392713802 
8 1 -0.00857547700389949 
8 2 -0.04114072908704336 
8 3 0.024155553392713802 
8 4 0.018559652852885966 
8 5 0.002139300868830629 
8 6 -0.00857547700389949 
8 7 -0.02208349794489184 
