9 72 72 
K 
0 1 33.51486860578976 
0 2 22.47871711590289 
0 3 4.51440483727817 
0 4 22.885396857049237 
0 5 15.708099924548797 
0 6 4.023140335499685 
0 7 18.917260890516985 
0 8 4.134674424888078 
1 0 123.79554591263592 
1 2 47.00336159214681 
1 3 7.749944597966789 
1 4 44.05135220319253 
1 5 28.892485108981255 
1 6 9.543335633350475 
1 7 42.631466931220366 
1 8 8.64567119452403 
2 0 176.5438115016426 
2 1 99.9407023886178 
2 3 11.052132353915072 
2 4 59.91800933772113 
2 5 43.335897927722634 
2 6 11.996928159472438 
2 7 59.72615124416202 
2 8 14.049709557215497 
3 0 1067.2053035325594 
3 1 495.99645426987456 
3 2 332.66918385284373 
3 4 338.68775763884196 
3 5 232.468817274347 
3 6 59.539643878933084 
3 7 279.9621396866727 
3 8 61.19026985982403 
4 0 108.20215634012882 
4 1 56.38573082008647 
4 2 36.070641621308134 
4 3 6.773755152776841 
4 5 24.105600224854417 
4 6 6.768569218550634 
4 7 31.206498549693343 
4 8 6.634736254384137 
5 0 103.14985617120377 
5 1 51.36441797152224 
5 2 36.23362576734586 
5 3 6.457467146509639 
5 4 33.48000031229778 
5 6 6.165808500738011 
5 7 29.624713476670703 
5 8 6.664715117359715 
6 0 951.0703753121254 
6 1 610.7734805344303 
6 2 361.10753760012034 
6 3 59.53964387893308 
6 4 338.4284609275316 
6 5 221.96910602656837 
6 7 327.52006508372847 
6 8 66.42114372680277 
7 0 111.80101186295538 
7 1 68.21034708995262 
7 2 44.94392881123191 
7 3 6.999053492166817 
7 4 39.00812318711667 
7 5 26.662242129003648 
7 6 8.188001627093215 
7 8 8.266864699245847 
8 0 977.4370340435414 
8 1 553.322956449538 
8 2 422.89625767218644 
8 3 61.19026985982401 
8 4 331.7368127192068 
8 5 239.92974422494981 
8 6 66.42114372680278 
8 7 330.6745879698339 
P 
0 1.0 5.069035647969386 5.069035647969386 
1 1.0 46.528477682163505 46.528477682163505 
2 1.0 51.21564736849496 51.21564736849496 
3 0.0 -0.5486689247988941 -0.5486689247988941 
4 0.0 -47.68612695090263 -47.68612695090263 
5 0.0 -47.762537040967665 -47.762537040967665 
6 0.0 -1.363951982292988 -1.363951982292988 
7 0.0 -48.00251890315485 -48.00251890315485 
8 0.0 -2.050995013230492 -2.050995013230492 
Alfa 
0 1.0575296108291032 
1 3.90625 
2 8.305647840531561 
3 250.0 
4 5.0 
5 6.944444444444445 
6 250.0 
7 6.25 
8 250.0 
Gamma 
0 1 0.01251264790287654 
0 2 0.01125581786497487 
0 3 -0.008212468031408182 
0 4 -0.0021948647942593436 
0 5 -0.00244437087461713 
0 6 0.01251264790287654 
0 7 0.012979271108157331 
0 8 0.01125581786497487 
1 0 0.01251264790287654 
1 2 -0.00728829649489704 
1 3 0.01251264790287654 
1 4 0.005728586090486987 
1 5 0.006517155554984777 
1 6 -0.01860442714938526 
1 7 -0.01318157852438362 
1 8 -0.00728829649489704 
2 0 0.01125581786497487 
2 1 -0.00728829649489704 
2 3 0.01125581786497487 
2 4 0.0075713599879410065 
2 5 -0.0011845072929188571 
2 6 -0.00728829649489704 
2 7 -0.014949292449204954 
2 8 -0.026370071125047412 
3 0 -0.008212468031408182 
3 1 0.01251264790287654 
3 2 0.01125581786497487 
3 4 -0.0021948647942593436 
3 5 -0.00244437087461713 
3 6 0.01251264790287654 
3 7 0.012979271108157331 
3 8 0.011255817864974649 
4 0 -0.0021948647942593436 
4 1 0.005728586090486987 
4 2 0.0075713599879410065 
4 3 -0.0021948647942593436 
4 5 0.0011973148281847479 
4 6 0.005728586090486987 
4 7 0.0074807398492988675 
4 8 0.0075713599879410065 
5 0 -0.00244437087461713 
5 1 0.006517155554984777 
5 2 -0.0011845072929188571 
5 3 -0.00244437087461713 
5 4 0.00119731482818497 
5 6 0.006517155554984777 
5 7 0.004171685463356667 
5 8 -0.0011845072929188571 
6 0 0.01251264790287654 
6 1 -0.01860442714938526 
6 2 -0.00728829649489704 
6 3 0.01251264790287654 
6 4 0.005728586090486987 
6 5 0.006517155554984777 
6 7 -0.01318157852438362 
6 8 -0.00728829649489704 
7 0 0.012979271108157109 
7 1 -0.01318157852438362 
7 2 -0.014949292449204954 
7 3 0.012979271108157109 
7 4 0.0074807398492988675 
7 5 0.004171685463356445 
7 6 -0.01318157852438362 
7 8 -0.014949292449204954 
8 0 0.01125581786497487 
8 1 -0.00728829649489704 
8 2 -0.026370071125047412 
8 3 0.01125581786497487 
8 4 0.0075713599879410065 
8 5 -0.0011845072929188571 
8 6 -0.00728829649489704 
8 7 -0.014949292449204954 
