12 24 12 
K 
0 3 134.92557115253808 
1 4 254.13587518077813 
2 5 350.097707534246 
3 0 127.58562008184002 
3 6 452.1961319920912 
4 1 65.0587840462792 
4 9 420.6193487796139 
5 2 42.15176398712322 
5 11 451.8507501638498 
6 3 452.1961319920912 
6 7 291.43331187155025 
6 8 271.57247424097477 
7 6 291.43331187155025 
7 9 153.36414919576177 
8 6 271.57247424097477 
8 11 148.08830672966656 
9 4 420.6193487796139 
9 7 153.36414919576183 
9 10 357.3976795509542 
10 9 357.3976795509542 
10 11 257.12662681055144 
11 5 451.8507501638498 
11 8 148.08830672966656 
11 10 257.12662681055144 
P 
0 1.0 5.661245644793789 5.661245644793789 
1 1.0 48.007462737669016 48.007462737669016 
2 1.0 53.22964296780048 53.22964296780048 
3 0.0 -0.0 -0.0 
4 0.0 -0.0 -0.0 
5 0.0 -0.0 -0.0 
6 0.0 -85.02633390699636 -85.02633390699636 
7 0.0 -71.20251047718632 -71.20251047718632 
8 0.0 -87.74778980542219 -87.74778980542219 
9 0.0 -73.45137695732657 -73.45137695732657 
10 0.0 -78.61144312417578 -78.61144312417578 
11 0.0 -64.74836940252655 -64.74836940252655 
Alfa 
0 1.0575296108291032 
1 3.90625 
2 8.305647840531561 
3 0.0 
4 0.0 
5 0.0 
6 0.0 
7 0.0 
8 0.0 
9 0.0 
10 0.0 
11 0.0 
Gamma 
6 7 0.11710874456686438 
6 8 0.18272156076209756 
7 6 0.11710874456686438 
7 9 0.19620081728811645 
8 6 0.18272156076209756 
8 11 0.22550963518842404 
9 7 0.19620081728811645 
9 10 0.11751164543144554 
10 9 0.11751164543144554 
10 11 0.11751164543144554 
11 8 0.22550963518842404 
11 10 0.11751164543144554 
