3 6 6 
K 
0 1 164.86274255427003 
0 2 109.23204313836699 
1 0 608.9617553098345 
1 2 217.99692785776926 
2 0 857.8888703624572 
2 1 463.51506255472555 
P 
0 1.0 -161.31636454612322 -161.31636454612322 
1 1.0 -131.82248913708386 -131.82248913708386 
2 1.0 -115.45732930058585 -115.45732930058585 
Alfa 
0 1.0575296108291032 
1 3.90625 
2 8.305647840531561 
Gamma 
0 1 -0.5731770809097583 
0 2 -0.5741478738027345 
1 0 -0.5731770809097584 
1 2 -0.5763349748865804 
2 0 -0.5741478738027346 
2 1 -0.5763349748865801 
