12 24 12 
K 
0 3 134.92557115253808 
1 4 254.13587518077813 
2 5 350.097707534246 
3 0 127.58562008184002 
3 6 1020.6712693535752 
4 1 65.0587840462792 
4 9 949.3979586739839 
5 2 42.15176398712322 
5 11 1019.891693226973 
6 3 1020.6712693535752 
6 7 657.8066182243548 
6 8 612.9778704296275 
7 6 657.8066182243548 
7 9 346.1647938990045 
8 6 612.9778704296275 
8 11 334.2564637612467 
9 4 949.3979586739839 
9 7 346.16479389900445 
9 10 806.6976195578665 
10 9 806.6976195578665 
10 11 580.3715290866721 
11 5 1019.891693226973 
11 8 334.25646376124666 
11 10 580.3715290866721 
P 
0 1.0 5.661245644793789 5.661245644793789 
1 1.0 48.007462737669016 48.007462737669016 
2 1.0 53.22964296780048 53.22964296780048 
3 0.0 -0.0 -0.0 
4 0.0 -0.0 -0.0 
5 0.0 -0.0 -0.0 
6 0.0 -191.91658224721996 -191.91658224721996 
7 0.0 -148.86594564068164 -148.86594564068164 
8 0.0 -189.5285265380333 -189.5285265380333 
9 0.0 -165.7902508465368 -165.7902508465368 
10 0.0 -167.95862350259412 -167.95862350259412 
11 0.0 -146.14631950855963 -146.14631950855963 
Alfa 
0 1.0575296108291032 
1 3.90625 
2 8.305647840531561 
3 0.0 
4 0.0 
5 0.0 
6 0.0 
7 0.0 
8 0.0 
9 0.0 
10 0.0 
11 0.0 
Gamma 
6 7 0.11710874456686438 
6 8 0.18272156076209756 
7 6 0.11710874456686438 
7 9 0.19620081728811645 
8 6 0.18272156076209756 
8 11 0.22550963518842404 
9 7 0.19620081728811645 
9 10 0.11751164543144554 
10 9 0.11751164543144554 
10 11 0.11751164543144554 
11 8 0.22550963518842404 
11 10 0.11751164543144554 
