12 24 12 
K 
0 3 134.92557115253808 
1 4 254.13587518077813 
2 5 350.097707534246 
3 0 127.58562008184002 
3 6 749.3535901583215 
4 1 65.0587840462792 
4 9 697.0263494062165 
5 2 42.15176398712322 
5 11 748.7812431286644 
6 3 749.3535901583215 
6 7 482.94663110142545 
6 8 450.0343858850434 
7 6 482.9466311014255 
7 9 254.1463043815478 
8 6 450.0343858850434 
8 11 245.40347972344713 
9 4 697.0263494062165 
9 7 254.1463043815478 
9 10 592.2590118272947 
10 9 592.2590118272947 
10 11 426.0955530003419 
11 5 748.7812431286644 
11 8 245.40347972344713 
11 10 426.0955530003419 
P 
0 1.0 5.661245644793789 5.661245644793789 
1 1.0 48.007462737669016 48.007462737669016 
2 1.0 53.22964296780048 53.22964296780048 
3 0.0 -0.0 -0.0 
4 0.0 -0.0 -0.0 
5 0.0 -0.0 -0.0 
6 0.0 -140.90078190302236 -140.90078190302236 
7 0.0 -111.79930613083164 -111.79930613083164 
8 0.0 -140.95135673383257 -140.95135673383257 
9 0.0 -121.71942467214103 -121.71942467214103 
10 0.0 -125.31565104925811 -125.31565104925811 
11 0.0 -107.29729786704385 -107.29729786704385 
Alfa 
0 1.0575296108291032 
1 3.90625 
2 8.305647840531561 
3 0.0 
4 0.0 
5 0.0 
6 0.0 
7 0.0 
8 0.0 
9 0.0 
10 0.0 
11 0.0 
Gamma 
6 7 0.11710874456686438 
6 8 0.18272156076209756 
7 6 0.11710874456686438 
7 9 0.19620081728811645 
8 6 0.18272156076209756 
8 11 0.22550963518842404 
9 7 0.19620081728811645 
9 10 0.11751164543144554 
10 9 0.11751164543144554 
10 11 0.11751164543144554 
11 8 0.22550963518842404 
11 10 0.11751164543144554 
