9 72 72 
K 
0 1 28.49478989415124 
0 2 19.254014969251532 
0 3 4.089802116578354 
0 4 20.258335579015487 
0 5 13.940504448984319 
0 6 3.4544839292065923 
0 7 16.202683696714807 
0 8 3.563826788259541 
1 0 105.2526301715211 
1 2 41.395226934981736 
1 3 6.705906640423357 
1 4 38.884754308639494 
1 5 25.110992239150097 
1 6 8.822638647458563 
1 7 38.61428868252902 
1 8 7.6620600374813925 
2 0 151.21757935983598 
2 1 88.01642936341635 
2 3 9.634447784586083 
2 4 52.2811534108621 
2 5 38.71064165021246 
2 6 10.670418763272847 
2 7 54.145426893084 
2 8 13.143437133465454 
3 0 966.829220359123 
3 1 429.178024987095 
3 2 289.9968783160411 
3 4 305.12358524574546 
3 5 209.96674090118302 
3 6 52.03016395607314 
3 7 244.03885111200583 
3 8 53.67704580602209 
4 0 95.78141061758517 
4 1 49.77248551505857 
4 2 31.473254353338984 
4 3 6.102471704914907 
4 5 21.430197274669517 
4 6 6.034024183618537 
4 7 27.53422850099614 
4 8 5.825550003843999 
5 0 91.54264588166369 
5 1 44.641763980711296 
5 2 32.3663976019832 
5 3 5.832409469477303 
5 4 29.76416288148544 
5 6 5.412015909422601 
5 7 26.166688458343238 
5 8 5.990866580171308 
6 0 816.6400008644381 
6 1 564.648873437348 
6 2 321.1796047745126 
6 3 52.03016395607312 
6 4 301.7012091809268 
6 5 194.83257273921362 
6 7 299.60270533564784 
6 8 59.44882047541666 
7 0 95.75786064758448 
7 1 61.78286189204644 
7 2 40.744433737045696 
7 3 6.100971277800144 
7 4 34.41778562624517 
7 5 23.550019612508905 
7 6 7.490067633391199 
7 8 7.541601305309146 
8 0 842.4886527445551 
8 1 490.37184239880924 
8 2 395.6174577173101 
8 3 53.67704580602207 
8 4 291.27750019219985 
8 5 215.67119688616697 
8 6 59.448820475416674 
8 7 301.66405221236585 
P 
0 1.0 4.893735463132147 4.893735463132147 
1 1.0 46.31272369603881 46.31272369603881 
2 1.0 50.93414661105256 50.93414661105256 
3 0.0 -0.736513495236227 -0.736513495236227 
4 0.0 -47.82892920901924 -47.82892920901924 
5 0.0 -47.89352026144495 -47.89352026144495 
6 0.0 -1.594109843414767 -1.594109843414767 
7 0.0 -48.134714268136705 -48.134714268136705 
8 0.0 -2.367193006584334 -2.367193006584334 
Alfa 
0 1.0575296108291032 
1 3.90625 
2 8.305647840531561 
3 250.0 
4 5.0 
5 6.944444444444445 
6 250.0 
7 6.25 
8 250.0 
Gamma 
0 1 0.017094026874712176 
0 2 0.0160116879109109 
0 3 -0.011956848981420576 
0 4 -0.0036421291502777287 
0 5 -0.003284345256002963 
0 6 0.017094026874712176 
0 7 0.018114278730327893 
0 8 0.0160116879109109 
1 0 0.017094026874712176 
1 2 -0.007894722001629662 
1 3 0.017094026874712176 
1 4 0.008236392809622961 
1 5 0.01017966162450401 
1 6 -0.02328956200986565 
1 7 -0.015944432638589134 
1 8 -0.007894722001629662 
2 0 0.0160116879109109 
2 1 -0.007894722001629662 
2 3 0.0160116879109109 
2 4 0.011573125162085862 
2 5 7.711286222478186e-05 
2 6 -0.007894722001629662 
2 7 -0.017811159010393318 
2 8 -0.03233244956244352 
3 0 -0.011956848981420576 
3 1 0.017094026874712176 
3 2 0.0160116879109109 
3 4 -0.0036421291502777287 
3 5 -0.003284345256002963 
3 6 0.017094026874712176 
3 7 0.018114278730327893 
3 8 0.0160116879109109 
4 0 -0.0036421291502777287 
4 1 0.008236392809622961 
4 2 0.011573125162085862 
4 3 -0.0036421291502777287 
4 5 0.0021761976933611926 
4 6 0.008236392809622961 
4 7 0.011070019684873644 
4 8 0.011573125162085862 
5 0 -0.003284345256002963 
5 1 0.01017966162450401 
5 2 7.711286222478186e-05 
5 3 -0.003284345256002963 
5 4 0.0021761976933611926 
5 6 0.01017966162450401 
5 7 0.007214299014569381 
5 8 7.711286222478186e-05 
6 0 0.017094026874712176 
6 1 -0.02328956200986565 
6 2 -0.007894722001629662 
6 3 0.017094026874712176 
6 4 0.008236392809622961 
6 5 0.01017966162450401 
6 7 -0.015944432638589134 
6 8 -0.007894722001629662 
7 0 0.018114278730327893 
7 1 -0.015944432638589134 
7 2 -0.017811159010393318 
7 3 0.018114278730327893 
7 4 0.011070019684873644 
7 5 0.007214299014569381 
7 6 -0.015944432638589134 
7 8 -0.017811159010393318 
8 0 0.0160116879109109 
8 1 -0.007894722001629662 
8 2 -0.03233244956244352 
8 3 0.0160116879109109 
8 4 0.011573125162085862 
8 5 7.711286222478186e-05 
8 6 -0.007894722001629662 
8 7 -0.017811159010393318 
