3 6 6 
K 
0 1 128.60242293173368 
0 2 85.33956979163061 
1 0 475.0251997040911 
1 2 171.4002440831663 
2 0 670.241671054534 
2 1 364.43905718679883 
P 
0 1.0 -97.16210813626202 -97.16210813626202 
1 1.0 -64.11093746543362 -64.11093746543362 
2 1.0 -52.495397065850796 -52.495397065850796 
Alfa 
0 1.0575296108291032 
1 3.90625 
2 8.305647840531561 
Gamma 
0 1 -0.44238573182122787 
0 2 -0.4432741343077031 
1 0 -0.44238573182122787 
1 2 -0.44621170826087897 
2 0 -0.4432741343077031 
2 1 -0.44621170826087875 
