3 6 6 
K 
0 1 61.98521586327892 
0 2 41.57488887788154 
1 0 228.95789109498656 
1 2 87.13027638953635 
2 0 326.52171862894346 
2 1 185.26038833655568 
P 
0 1.0 -20.841385908660175 -20.841385908660175 
1 1.0 16.873900909095873 16.873900909095873 
2 1.0 22.83673736434116 22.83673736434116 
Alfa 
0 1.0575296108291032 
1 3.90625 
2 8.305647840531561 
Gamma 
0 1 -0.22427165030466756 
0 2 -0.22455389261384684 
1 0 -0.22427165030466778 
1 2 -0.23222127266924297 
2 0 -0.22455389261384684 
2 1 -0.23222127266924297 
