3 6 6 
K 
0 1 88.49973397488085 
0 2 58.94713615431042 
1 0 326.895892369716 
1 2 120.19212752648724 
2 0 462.96023212222525 
2 1 255.55801201645122 
P 
0 1.0 -44.66595159980695 -44.66595159980695 
1 1.0 -8.425301183509017 -8.425301183509017 
2 1.0 -0.651367075588019 -0.651367075588019 
Alfa 
0 1.0575296108291032 
1 3.90625 
2 8.305647840531561 
Gamma 
0 1 -0.30752567119632324 
0 2 -0.30821027807931567 
1 0 -0.30752567119632324 
1 2 -0.31288351702806483 
2 0 -0.3082102780793159 
2 1 -0.31288351702806483 
