3 6 6 
K 
0 1 50.07957523483157 
0 2 33.846081064544194 
1 0 184.9814310236591 
1 2 73.02249402783328 
2 0 265.8210486265198 
2 1 155.26377467712067 
P 
0 1.0 -13.153250069861956 -13.153250069861956 
1 1.0 24.903174610043724 24.903174610043724 
2 1.0 30.15929828079948 30.15929828079948 
Alfa 
0 1.0575296108291032 
1 3.90625 
2 8.305647840531561 
Gamma 
0 1 -0.19025892320754356 
0 2 -0.19006770722722566 
1 0 -0.19025892320754356 
1 2 -0.20066946989693601 
2 0 -0.19006770722722588 
2 1 -0.20066946989693601 
