12 24 12 
K 
0 3 134.92557115253808 
1 4 254.13587518077813 
2 5 350.097707534246 
3 0 127.58562008184002 
3 6 103.3591158839065 
4 1 65.0587840462792 
4 9 96.14156543534028 
5 2 42.15176398712322 
5 11 103.28017146602275 
6 3 103.3591158839065 
6 7 66.61332842778286 
6 8 62.07370839793707 
7 6 66.61332842778289 
7 9 35.054662673316955 
8 6 62.07370839793705 
8 11 33.84875582392377 
9 4 96.14156543534028 
9 7 35.054662673316955 
9 10 81.69089818307519 
10 9 81.6908981830752 
10 11 58.7718004138403 
11 5 103.28017146602275 
11 8 33.848755823923774 
11 10 58.7718004138403 
P 
0 1.0 5.661245644793789 5.661245644793789 
1 1.0 48.007462737669016 48.007462737669016 
2 1.0 53.22964296780048 53.22964296780048 
3 0.0 -0.0 -0.0 
4 0.0 -0.0 -0.0 
5 0.0 -0.0 -0.0 
6 0.0 -19.434590607313442 -19.434590607313442 
7 0.0 -23.54540253595039 -23.54540253595039 
8 0.0 -25.291428628592396 -25.291428628592396 
9 0.0 -16.788886161674636 -16.788886161674636 
10 0.0 -23.784764255600702 -23.784764255600702 
11 0.0 -14.79962729200606 -14.79962729200606 
Alfa 
0 1.0575296108291032 
1 3.90625 
2 8.305647840531561 
3 0.0 
4 0.0 
5 0.0 
6 0.0 
7 0.0 
8 0.0 
9 0.0 
10 0.0 
11 0.0 
Gamma 
6 7 0.11710874456686438 
6 8 0.18272156076209756 
7 6 0.11710874456686438 
7 9 0.19620081728811645 
8 6 0.18272156076209756 
8 11 0.22550963518842404 
9 7 0.19620081728811645 
9 10 0.11751164543144554 
10 9 0.11751164543144554 
10 11 0.11751164543144554 
11 8 0.22550963518842404 
11 10 0.11751164543144554 
