9 72 72 
K 
0 1 22.92619209330001 
0 2 15.730868775547178 
0 3 3.7393553560928385 
0 4 17.702842451394137 
0 5 12.244748608335659 
0 6 2.8383038463560313 
0 7 13.23912605090118 
0 8 2.950989086620271 
1 0 84.68362204462694 
1 2 35.718743354983225 
1 3 5.598048297129612 
1 4 33.802363703793944 
1 5 21.132101132808515 
1 6 8.375895567036036 
1 7 35.24387591157359 
1 8 6.700559475277893 
2 0 123.547421213932 
2 1 75.94682972488127 
2 3 8.167156933567766 
2 4 44.35023138252718 
2 5 34.47771664583716 
2 6 9.402354217806312 
2 7 49.54216772121 
2 8 12.765310270979999 
3 0 883.983606180347 
3 1 358.27509101629516 
3 2 245.83142370038973 
3 4 276.64810033472185 
3 5 191.35268535960546 
3 6 44.355101132659804 
3 7 206.89214639569383 
3 8 46.11607018271247 
4 0 83.69903911019148 
4 1 43.26702554085626 
4 2 26.69883929228136 
4 3 5.5329620066944365 
4 5 18.906209118147643 
4 6 5.356535638942225 
4 7 23.917585384453705 
4 8 5.008495366729052 
5 0 80.40718252807083 
5 1 37.568179791659574 
5 2 28.82720197332496 
5 3 5.315352371100151 
5 4 26.25862377520505 
5 6 4.651008277751629 
5 7 22.78303915581469 
5 8 5.407759713393277 
6 0 670.975029278566 
6 1 536.0573162903063 
6 2 283.01086195597 
6 3 44.35510113265982 
6 4 267.8267819471113 
6 5 167.4362979990587 
6 7 279.24833752618935 
6 8 53.09064470268033 
7 0 78.243234960826 
7 1 56.39020145851772 
7 2 37.280481210210525 
7 3 5.172303659892346 
7 4 29.896981730567123 
7 5 20.504735240233224 
7 6 6.981208438154734 
7 8 6.993529395292828 
8 0 697.6138200770321 
8 1 428.83580641778514 
8 2 384.23583915649783 
8 3 46.11607018271248 
8 4 250.42476833645267 
8 5 194.679349682158 
8 6 53.09064470268035 
8 7 279.7411758117132 
P 
0 1.0 4.610692052875743 4.610692052875743 
1 1.0 45.89949961644025 45.89949961644025 
2 1.0 50.3561381625115 50.3561381625115 
3 0.0 -1.085275792220294 -1.085275792220294 
4 0.0 -48.12150127541307 -48.12150127541307 
5 0.0 -48.175533983193944 -48.175533983193944 
6 0.0 -2.0677446233207375 -2.0677446233207375 
7 0.0 -48.411335814196406 -48.411335814196406 
8 0.0 -3.0437446387403364 -3.0437446387403364 
Alfa 
0 1.0575296108291032 
1 3.90625 
2 8.305647840531561 
3 250.0 
4 5.0 
5 6.944444444444445 
6 250.0 
7 6.25 
8 250.0 
Gamma 
0 1 0.025982889779319063 
0 2 0.025301007068754044 
0 3 -0.018573068409662774 
0 4 -0.006358221636803885 
0 5 -0.004792592166744658 
0 6 0.02598288977931884 
0 7 0.028195081790191923 
0 8 0.025301007068754044 
1 0 0.02598288977931884 
1 2 -0.008628683030878603 
1 3 0.025982889779319063 
1 4 0.012966175766704113 
1 5 0.017460013815757236 
1 6 -0.03116226421597923 
1 7 -0.02050435801837991 
1 8 -0.008628683030878603 
2 0 0.025301007068754044 
2 1 -0.008628683030878603 
2 3 0.025301007068754044 
2 4 0.019557812004430186 
2 5 0.002425455611944516 
2 6 -0.008628683030878603 
2 7 -0.02261439196657289 
2 8 -0.04224006733087271 
3 0 -0.018573068409662774 
3 1 0.025982889779319063 
3 2 0.025301007068754044 
3 4 -0.006358221636803885 
3 5 -0.004792592166744658 
3 6 0.02598288977931884 
3 7 0.028195081790191923 
3 8 0.025301007068754044 
4 0 -0.006358221636803885 
4 1 0.012966175766704113 
4 2 0.019557812004430186 
4 3 -0.006358221636803885 
4 5 0.004157828583104539 
4 6 0.012966175766704113 
4 7 0.018095904209572744 
4 8 0.019557812004430186 
5 0 -0.004792592166744436 
5 1 0.017460013815757236 
5 2 0.002425455611944516 
5 3 -0.004792592166744658 
5 4 0.004157828583104539 
5 6 0.017460013815757236 
5 7 0.013167182943180977 
5 8 0.002425455611944516 
6 0 0.02598288977931884 
6 1 -0.03116226421597923 
6 2 -0.008628683030878603 
6 3 0.025982889779319063 
6 4 0.012966175766704113 
6 5 0.017460013815757236 
6 7 -0.02050435801837991 
6 8 -0.008628683030878603 
7 0 0.028195081790191923 
7 1 -0.02050435801838013 
7 2 -0.02261439196657289 
7 3 0.028195081790191923 
7 4 0.018095904209572744 
7 5 0.013167182943180977 
7 6 -0.02050435801838013 
7 8 -0.02261439196657289 
8 0 0.025301007068754044 
8 1 -0.008628683030878603 
8 2 -0.04224006733087271 
8 3 0.025301007068754044 
8 4 0.019557812004430186 
8 5 0.002425455611944516 
8 6 -0.008628683030878603 
8 7 -0.02261439196657289 
