12 24 12 
K 
0 3 134.92557115253808 
1 4 254.13587518077813 
2 5 350.097707534246 
3 0 127.58562008184002 
3 6 1731.2651910554298 
4 1 65.0587840462792 
4 9 1610.371221041946 
5 2 42.15176398712322 
5 11 1729.942872055877 
6 3 1731.2651910554298 
6 7 1115.7732511653608 
6 8 1039.7346156654435 
7 6 1115.7732511653608 
7 9 587.1655997780578 
8 6 1039.7346156654435 
8 11 566.9666600507217 
9 4 1610.371221041946 
9 7 587.1655997780576 
9 10 1368.3225445665062 
10 9 1368.3225445665062 
10 11 984.4276569318228 
11 5 1729.942872055877 
11 8 566.9666600507217 
11 10 984.4276569318229 
P 
0 1.0 5.661245644793789 5.661245644793789 
1 1.0 48.007462737669016 48.007462737669016 
2 1.0 53.22964296780048 53.22964296780048 
3 0.0 -0.0 -0.0 
4 0.0 -0.0 -0.0 
5 0.0 -0.0 -0.0 
6 0.0 -325.5293926724994 -325.5293926724994 
7 0.0 -245.94523959505074 -245.94523959505074 
8 0.0 -316.7544474537971 -316.7544474537971 
9 0.0 -281.2138432080495 -281.2138432080495 
10 0.0 -279.642598975617 -279.642598975617 
11 0.0 -247.89375714110096 -247.89375714110096 
Alfa 
0 1.0575296108291032 
1 3.90625 
2 8.305647840531561 
3 0.0 
4 0.0 
5 0.0 
6 0.0 
7 0.0 
8 0.0 
9 0.0 
10 0.0 
11 0.0 
Gamma 
6 7 0.11710874456686438 
6 8 0.18272156076209756 
7 6 0.11710874456686438 
7 9 0.19620081728811645 
8 6 0.18272156076209756 
8 11 0.22550963518842404 
9 7 0.19620081728811645 
9 10 0.11751164543144554 
10 9 0.11751164543144554 
10 11 0.11751164543144554 
11 8 0.22550963518842404 
11 10 0.11751164543144554 
