3 6 6 
K 
0 1 32.03636505160358 
0 2 22.383213726054347 
1 0 118.33432340936068 
1 2 54.239974171338226 
2 0 175.79374501127066 
2 1 115.32751983274575 
P 
0 1.0 -5.608988929324433 -5.608988929324433 
1 1.0 32.017215212379874 32.017215212379874 
2 1.0 35.883497194293724 35.883497194293724 
Alfa 
0 1.0575296108291032 
1 3.90625 
2 8.305647840531561 
Gamma 
0 1 -0.15388556956401733 
0 2 -0.1511944458431027 
1 0 -0.15388556956401733 
1 2 -0.17110515770710966 
2 0 -0.1511944458431027 
2 1 -0.17110515770710966 
