9 72 72 
K 
0 1 50.29089916964102 
0 2 33.40587468339634 
0 3 6.22420329942534 
0 4 32.56743471291987 
0 5 22.277477874349046 
0 6 5.961179745382086 
0 7 28.11750977749447 
0 8 6.09568375534703 
1 0 185.76200880786158 
1 2 67.26576345755801 
1 3 11.368612672656615 
1 4 62.93835577528248 
1 5 42.11751490015494 
1 6 12.783373934110644 
1 7 58.74957045005586 
1 8 12.274213008499647 
2 0 262.3637466828869 
2 1 143.02355020876124 
2 3 16.056629848732058 
2 4 86.89111996369682 
2 5 60.9549464006045 
2 6 16.953148674895544 
2 7 82.24584239774225 
2 8 18.51308471723835 
3 0 1471.4016599841505 
3 1 727.5912110500234 
3 2 483.3045584468349 
3 4 471.1743010129017 
3 5 322.3027898360287 
3 6 86.24427206200578 
3 7 406.7943371167228 
3 8 88.19022922557457 
4 0 153.97883132268515 
4 1 80.56109539236155 
4 2 52.30845421814548 
4 3 9.423486020258034 
4 5 34.12348261503164 
4 6 9.549226163143338 
4 7 44.615358298556224 
4 8 9.544901837380827 
5 0 146.28877137489212 
5 1 74.87558204471985 
5 2 50.965107962727636 
5 3 8.952855273223019 
5 4 47.39372585421063 
5 6 8.875299715820626 
5 7 42.29739322889521 
5 8 9.299776869854476 
6 0 1409.2228918083258 
6 1 818.1359317830817 
6 2 510.28977511435596 
6 3 86.24427206200579 
6 4 477.4613081571671 
6 5 319.51078976954255 
6 7 445.6844544987548 
6 8 93.11431363987926 
7 0 166.17448278499236 
7 1 93.9993127200894 
7 2 61.88999640430104 
7 3 10.169858427918072 
7 4 55.76919787319531 
7 5 38.06765390600571 
7 6 11.14211136246887 
7 8 11.293278480976097 
8 0 1441.0196397640386 
8 1 785.5496325439774 
8 2 557.2438499888743 
8 3 88.19022922557458 
8 4 477.2450918690413 
8 5 334.7919673147613 
8 6 93.11431363987926 
8 7 451.7311392390439 
P 
0 1.0 5.3622549651586855 5.3622549651586855 
1 1.0 46.753028484409626 46.753028484409626 
2 1.0 51.469748374200684 51.469748374200684 
3 0.0 -0.26473189332732305 -0.26473189332732305 
4 0.0 -47.50857193920311 -47.50857193920311 
5 0.0 -47.62131243124363 -47.62131243124363 
6 0.0 -1.1280114585917205 -1.1280114585917205 
7 0.0 -47.881227897018604 -47.881227897018604 
8 0.0 -1.7638120808866413 -1.7638120808866413 
Alfa 
0 1.0575296108291032 
1 3.90625 
2 8.305647840531561 
3 250.0 
4 5.0 
5 6.944444444444445 
6 250.0 
7 6.25 
8 250.0 
Gamma 
0 1 0.00596863103548495 
0 2 0.00450328360671981 
0 3 -0.0029398493642565082 
0 4 -0.00043106803902492885 
0 5 -0.0014947007468200102 
0 6 0.005968631035484728 
0 7 0.005735259496397083 
0 8 0.004503283606720032 
1 0 0.005968631035484728 
1 2 -0.006466435340930499 
1 3 0.00596863103548495 
1 4 0.0019500817521822533 
1 5 0.0013172745810206 
1 6 -0.011632016820785074 
1 7 -0.009156920487574771 
1 8 -0.006466435340930499 
2 0 0.00450328360671981 
2 1 -0.006466435340930499 
2 3 0.00450328360671981 
2 4 0.0019317816420676426 
2 5 -0.0032441086134562536 
2 6 -0.006466435340930499 
2 7 -0.010832599500210094 
2 8 -0.017347193809653216 
3 0 -0.0029398493642565082 
3 1 0.00596863103548495 
3 2 0.00450328360671981 
3 4 -0.00043106803902492885 
3 5 -0.0014947007468200102 
3 6 0.005968631035484728 
3 7 0.005735259496397083 
3 8 0.004503283606720032 
4 0 -0.00043106803902492885 
4 1 0.0019500817521822533 
4 2 0.0019317816420676426 
4 3 -0.0004310680390247068 
4 5 -0.00037305812114563075 
4 6 0.0019500817521822533 
4 7 0.0023250726615906547 
4 8 0.0019317816420678646 
5 0 -0.0014947007468200102 
5 1 0.0013172745810206 
5 2 -0.0032441086134560315 
5 3 -0.0014947007468200102 
5 4 -0.00037305812114563075 
5 6 0.0013172745810206 
5 7 -0.0002446801110103092 
5 8 -0.0032441086134560315 
6 0 0.005968631035484728 
6 1 -0.011632016820785074 
6 2 -0.006466435340930499 
6 3 0.00596863103548495 
6 4 0.0019500817521822533 
6 5 0.0013172745810206 
6 7 -0.009156920487574771 
6 8 -0.006466435340930499 
7 0 0.005735259496397083 
7 1 -0.009156920487574771 
7 2 -0.010832599500210094 
7 3 0.005735259496397083 
7 4 0.0023250726615906547 
7 5 -0.0002446801110103092 
7 6 -0.009156920487574771 
7 8 -0.010832599500210094 
8 0 0.00450328360671981 
8 1 -0.006466435340930499 
8 2 -0.017347193809653216 
8 3 0.00450328360671981 
8 4 0.0019317816420676426 
8 5 -0.0032441086134562536 
8 6 -0.006466435340930499 
8 7 -0.010832599500210094 
