3 6 6 
K 
0 1 148.56935993490674 
0 2 98.49479666356665 
1 0 548.7780732595619 
1 2 197.04572338399794 
2 0 773.5604628327964 
2 1 418.9676510490321 
P 
0 1.0 -130.53832671578263 -130.53832671578263 
1 1.0 -99.3774579148655 -99.3774579148655 
2 1.0 -85.29995768523666 -85.29995768523666 
Alfa 
0 1.0575296108291032 
1 3.90625 
2 8.305647840531561 
Gamma 
0 1 -0.5131879717521013 
0 2 -0.5141275641878646 
1 0 -0.5131879717521013 
1 2 -0.5166023709352017 
2 0 -0.5141275641878646 
2 1 -0.5166023709352017 
