12 24 12 
K 
0 3 134.92557115253808 
1 4 254.13587518077813 
2 5 350.097707534246 
3 0 127.58562008184002 
3 6 2093.022096649102 
4 1 65.0587840462792 
4 9 1946.866700065636 
5 2 42.15176398712322 
5 11 2091.423472186956 
6 3 2093.022096649102 
6 7 1348.9199006626 
6 8 1256.9925950582224 
7 6 1348.9199006626 
7 9 709.8569191346668 
8 6 1256.9925950582222 
8 11 685.4373054344547 
9 4 1946.866700065636 
9 7 709.8569191346668 
9 10 1654.2406882072685 
10 9 1654.2406882072685 
10 11 1190.1289583802634 
11 5 2091.423472186956 
11 8 685.4373054344547 
11 10 1190.1289583802634 
P 
0 1.0 5.661245644793789 5.661245644793789 
1 1.0 48.007462737669016 48.007462737669016 
2 1.0 53.22964296780048 53.22964296780048 
3 0.0 -0.0 -0.0 
4 0.0 -0.0 -0.0 
5 0.0 -0.0 -0.0 
6 0.0 -393.5504597980962 -393.5504597980962 
7 0.0 -295.3674256081842 -295.3674256081842 
8 0.0 -381.5240071927315 -381.5240071927315 
9 0.0 -339.9749447739106 -339.9749447739106 
10 0.0 -336.49989558006496 -336.49989558006496 
11 0.0 -299.692452663122 -299.692452663122 
Alfa 
0 1.0575296108291032 
1 3.90625 
2 8.305647840531561 
3 0.0 
4 0.0 
5 0.0 
6 0.0 
7 0.0 
8 0.0 
9 0.0 
10 0.0 
11 0.0 
Gamma 
6 7 0.11710874456686438 
6 8 0.18272156076209756 
7 6 0.11710874456686438 
7 9 0.19620081728811645 
8 6 0.18272156076209756 
8 11 0.22550963518842404 
9 7 0.19620081728811645 
9 10 0.11751164543144554 
10 9 0.11751164543144554 
10 11 0.11751164543144554 
11 8 0.22550963518842404 
11 10 0.11751164543144554 
