9 72 72 
K 
0 1 14.823009166246921 
0 2 10.68569455382283 
0 3 3.5619326385072747 
0 4 14.836711406937468 
0 5 10.424810940882079 
0 6 1.9734726840869106 
0 7 9.012006256195768 
0 8 2.1014724858077245 
1 0 54.75249010782456 
1 2 28.286104444510794 
1 3 4.095349787388427 
1 4 27.9888464404204 
1 5 15.714150981300932 
1 6 8.765124922766573 
1 7 33.06367604985114 
1 8 5.562808287418004 
2 0 83.92352799082114 
2 1 60.14321210792994 
2 3 6.2772707111083355 
2 4 33.79960187566163 
2 5 30.774660866404403 
2 6 8.007212631191848 
2 7 47.040219081656474 
2 8 14.212464843918298 
3 0 842.0408757431194 
3 1 262.1023863928593 
3 2 188.94584840436085 
3 4 262.34467120450853 
3 5 184.3328702461699 
3 6 34.89520205911502 
3 7 159.3514730676205 
3 8 37.158511290902574 
4 0 70.14797153200037 
4 1 35.82572344373811 
4 2 20.34736032914831 
4 3 5.246893424090173 
4 5 16.430701391639833 
4 6 4.769685143611781 
4 7 19.792260101295962 
4 8 4.001557191733831 
5 0 68.45625851179231 
5 1 27.936268411201652 
5 2 25.73103589107701 
5 3 5.120357506838054 
5 4 22.820418599499764 
5 6 3.719316502236596 
5 7 19.01152714312325 
5 8 5.060322816085422 
6 0 466.5289425181456 
6 1 560.9679950570605 
6 2 241.01710019887454 
6 3 34.89520205911502 
6 4 238.48425718058903 
6 5 133.89539408051743 
6 7 281.72530222685174 
6 8 47.398959620823184 
7 0 53.26095697411699 
7 1 52.90188167976183 
7 2 35.3977648589465 
7 3 3.983786826690514 
7 4 24.74032512661995 
7 5 17.110374428810932 
7 6 7.043132555671297 
7 8 6.961403260731928 
8 0 496.7880956449462 
8 1 356.0197303947521 
8 2 427.79519180194063 
8 3 37.15851129090259 
8 4 200.07785958669152 
8 5 182.1716213790752 
8 6 47.398959620823184 
8 7 278.45613042927715 
P 
0 1.0 4.129811178585102 4.129811178585102 
1 1.0 44.99740848823067 44.99740848823067 
2 1.0 48.89229568294668 48.89229568294668 
3 0.0 -2.0254435361921685 -2.0254435361921685 
4 0.0 -49.02038073042109 -49.02038073042109 
5 0.0 -49.0970460869086 -49.0970460869086 
6 0.0 -3.414631020723855 -3.414631020723855 
7 0.0 -49.188254383147274 -49.188254383147274 
8 0.0 -5.049316537700182 -5.049316537700182 
Alfa 
0 1.0575296108291032 
1 3.90625 
2 8.305647840531561 
3 250.0 
4 5.0 
5 6.944444444444445 
6 250.0 
7 6.25 
8 250.0 
Gamma 
0 1 0.05097096370356269 
0 2 0.05192780959557797 
0 3 -0.03216434606761176 
0 4 -0.012109182504379534 
0 5 -0.007086750482976134 
0 6 0.05097096370356269 
0 7 0.05745717250208049 
0 8 0.05192780959557797 
1 0 0.05097096370356269 
1 2 -0.0069037811159171625 
1 3 0.05097096370356269 
1 4 0.025745495272878616 
1 5 0.03966087376045868 
1 6 -0.04573644204309657 
1 7 -0.02760981620211811 
1 8 -0.0069037811159171625 
2 0 0.05192780959557797 
2 1 -0.0069037811159171625 
2 3 0.05192780959557797 
2 4 0.0439994918537685 
2 5 0.009249861224345235 
2 6 -0.0069037811159171625 
2 7 -0.030448892858496057 
2 8 -0.06005329164037465 
3 0 -0.03216434606761176 
3 1 0.05097096370356269 
3 2 0.05192780959557797 
3 4 -0.012109182504379534 
3 5 -0.007086750482976134 
3 6 0.05097096370356269 
3 7 0.05745717250208049 
3 8 0.05192780959557797 
4 0 -0.012109182504379534 
4 1 0.025745495272878616 
4 2 0.0439994918537685 
4 3 -0.012109182504379534 
4 5 0.01124315579787094 
4 6 0.025745495272878616 
4 7 0.038629157517617196 
4 8 0.0439994918537685 
5 0 -0.007086750482976134 
5 1 0.03966087376045868 
5 2 0.009249861224345235 
5 3 -0.007086750482976134 
5 4 0.01124315579787094 
5 6 0.03966087376045868 
5 7 0.03080186120893158 
5 8 0.009249861224345235 
6 0 0.05097096370356269 
6 1 -0.04573644204309657 
6 2 -0.0069037811159171625 
6 3 0.05097096370356269 
6 4 0.025745495272878616 
6 5 0.03966087376045868 
6 7 -0.02760981620211811 
6 8 -0.0069037811159171625 
7 0 0.05745717250208049 
7 1 -0.02760981620211811 
7 2 -0.030448892858496057 
7 3 0.05745717250208049 
7 4 0.038629157517617196 
7 5 0.03080186120893158 
7 6 -0.02760981620211811 
7 8 -0.030448892858496057 
8 0 0.05192780959557797 
8 1 -0.0069037811159171625 
8 2 -0.06005329164037465 
8 3 0.05192780959557797 
8 4 0.0439994918537685 
8 5 0.009249861224345235 
8 6 -0.0069037811159171625 
8 7 -0.030448892858496057 
