3 6 6 
K 
0 1 39.88489648160566 
0 2 27.3195204757869 
1 0 147.32483637893094 
1 2 61.8883940543839 
2 0 214.5626126403994 
2 1 131.58994084653054 
P 
0 1.0 -8.24620882160704 -8.24620882160704 
1 1.0 29.76412206221222 29.76412206221222 
2 1.0 34.34402656213434 34.34402656213434 
Alfa 
0 1.0575296108291032 
1 3.90625 
2 8.305647840531561 
Gamma 
0 1 -0.1658468296840685 
0 2 -0.16473469537637375 
1 0 -0.1658468296840685 
1 2 -0.17972525500631997 
2 0 -0.16473469537637375 
2 1 -0.17972525500631997 
