12 24 12 
K 
0 3 134.92557115253808 
1 4 254.13587518077813 
2 5 350.097707534246 
3 0 127.58562008184002 
3 6 529.715468905021 
4 1 65.0587840462792 
4 9 492.7255228561191 
5 2 42.15176398712322 
5 11 529.3108787633668 
6 3 529.715468905021 
6 7 341.3933081923874 
6 8 318.1277555394276 
7 6 341.3933081923874 
7 9 179.6551462007495 
8 6 318.1277555394276 
8 11 173.4748735976094 
9 4 492.7255228561191 
9 7 179.65514620074953 
9 10 418.66585318826054 
10 9 418.66585318826054 
10 11 301.2054771209317 
11 5 529.3108787633668 
11 8 173.4748735976094 
11 10 301.2054771209317 
P 
0 1.0 5.661245644793789 5.661245644793789 
1 1.0 48.007462737669016 48.007462737669016 
2 1.0 53.22964296780048 53.22964296780048 
3 0.0 -0.0 -0.0 
4 0.0 -0.0 -0.0 
5 0.0 -0.0 -0.0 
6 0.0 -99.60227686248143 -99.60227686248143 
7 0.0 -81.7929789085721 -81.7929789085721 
8 0.0 -101.62698117805101 -101.62698117805101 
9 0.0 -86.04304157858256 -86.04304157858256 
10 0.0 -90.79514953941468 -90.79514953941468 
11 0.0 -75.84808987153109 -75.84808987153109 
Alfa 
0 1.0575296108291032 
1 3.90625 
2 8.305647840531561 
3 0.0 
4 0.0 
5 0.0 
6 0.0 
7 0.0 
8 0.0 
9 0.0 
10 0.0 
11 0.0 
Gamma 
6 7 0.11710874456686438 
6 8 0.18272156076209756 
7 6 0.11710874456686438 
7 9 0.19620081728811645 
8 6 0.18272156076209756 
8 11 0.22550963518842404 
9 7 0.19620081728811645 
9 10 0.11751164543144554 
10 9 0.11751164543144554 
10 11 0.11751164543144554 
11 8 0.22550963518842404 
11 10 0.11751164543144554 
