3 6 6 
K 
0 1 80.80514577605041 
0 2 53.89397191709964 
1 0 298.4740072102862 
1 2 110.47750893435011 
2 0 423.27358675090886 
2 1 234.90234457802015 
P 
0 1.0 -36.83928215621584 -36.83928215621584 
1 1.0 -0.10227319566969627 -0.10227319566969627 
2 1.0 7.09396643959349 7.09396643959349 
Alfa 
0 1.0575296108291032 
1 3.90625 
2 8.305647840531561 
Gamma 
0 1 -0.28273934833592573 
0 2 -0.2833489180312756 
1 0 -0.28273934833592573 
1 2 -0.2886214336403874 
2 0 -0.2833489180312756 
2 1 -0.2886214336403874 
