9 72 72 
K 
0 1 24.85336181122236 
0 2 16.942632159421287 
0 3 3.841901221237275 
0 4 18.533114996846187 
0 5 12.79141303509873 
0 6 3.049382782278397 
0 7 14.25791990890254 
0 8 3.16008447109627 
1 0 91.80210519020258 
1 2 37.60720620694528 
1 3 5.973998212462417 
1 4 35.46284460319604 
1 5 22.47836886946496 
1 6 8.474873207129454 
1 7 36.244725201255505 
1 8 7.014373399460168 
2 0 133.06439343811275 
2 1 79.96216602141193 
2 3 8.659130930545567 
2 4 47.01716171900169 
2 5 35.80307684129115 
2 6 9.810956527791665 
2 7 50.89041511294083 
2 8 12.795411083864181 
3 0 908.2254487004923 
3 1 382.3358855975947 
3 2 260.63984100942156 
3 4 285.1073021437958 
3 5 196.7788610638085 
3 6 46.91069463536397 
3 7 219.33911704002665 
3 8 48.613692746960254 
4 0 87.62456770508875 
4 1 45.392441092090934 
4 2 28.30433135483901 
4 3 5.702146042875916 
4 5 19.71102520001283 
4 6 5.569424746768318 
4 7 25.099679246271744 
4 8 5.2792315348387495 
5 0 83.99694559714833 
5 1 39.9615446568266 
5 2 29.935350358968424 
5 3 5.466079473994681 
5 4 27.376423888906707 
5 6 4.903081005916557 
5 7 23.884858739382455 
5 8 5.5834438779100255 
6 0 720.8740897306133 
6 1 542.3918852562848 
6 2 295.30979148652915 
6 3 46.91069463536397 
6 4 278.4712373384159 
6 5 176.5109162129961 
6 7 284.6109382007912 
6 8 55.08021879117122 
7 0 84.26430666161404 
7 1 57.99156032200883 
7 2 38.29503737248798 
7 3 5.483477926000666 
7 4 31.374599057839678 
7 5 21.49637286544421 
7 6 7.115273455019781 
7 8 7.142665424247995 
8 0 747.0439689671585 
8 1 448.9198975654508 
8 2 385.1418736243118 
8 3 48.613692746960254 
8 4 263.9615767419375 
8 5 201.0039796047609 
8 6 55.08021879117124 
8 7 285.70661696991976 
P 
0 1.0 4.719796115864196 4.719796115864196 
1 1.0 46.06696200661963 46.06696200661963 
2 1.0 50.596033603017005 50.596033603017005 
3 0.0 -0.9424740698222027 -0.9424740698222027 
4 0.0 -47.99815708461307 -47.99815708461307 
5 0.0 -48.05511277259043 -48.05511277259043 
6 0.0 -1.8695943536900776 -1.8695943536900776 
7 0.0 -48.29538035214704 -48.29538035214704 
8 0.0 -2.757740980904563 -2.757740980904563 
Alfa 
0 1.0575296108291032 
1 3.90625 
2 8.305647840531561 
3 250.0 
4 5.0 
5 6.944444444444445 
6 250.0 
7 6.25 
8 250.0 
Gamma 
0 1 0.022296919690664163 
0 2 0.02143884522529005 
0 3 -0.015947099481700144 
0 4 -0.005261695563743007 
0 5 -0.00420002193252933 
0 6 0.022296919690664163 
0 7 0.023996159074427315 
0 8 0.02143884522529005 
1 0 0.02229691969066394 
1 2 -0.008406315137083897 
1 3 0.02229691969066394 
1 4 0.011021687526438395 
1 5 0.014409004036679773 
1 6 -0.028097297325894832 
1 7 -0.018751704652673507 
1 8 -0.008406315137083897 
2 0 0.02143884522529005 
2 1 -0.008406315137083897 
2 3 0.02143884522529005 
2 4 0.016208073299095016 
2 5 0.0014583002323489413 
2 6 -0.008406315137083897 
2 7 -0.02075482734948597 
2 8 -0.038399154079770126 
3 0 -0.015947099481699922 
3 1 0.02229691969066394 
3 2 0.02143884522529005 
3 4 -0.005261695563743007 
3 5 -0.00420002193252933 
3 6 0.022296919690664163 
3 7 0.023996159074427315 
3 8 0.02143884522529005 
4 0 -0.005261695563743007 
4 1 0.011021687526438395 
4 2 0.016208073299095016 
4 3 -0.005261695563743007 
4 5 0.003312935781971893 
4 6 0.011021687526438395 
4 7 0.015169289230237082 
4 8 0.016208073299095238 
5 0 -0.00420002193252933 
5 1 0.014409004036679773 
5 2 0.0014583002323489413 
5 3 -0.004200021932529552 
5 4 0.003312935781971893 
5 6 0.014409004036679995 
5 7 0.010685723835020644 
5 8 0.0014583002323489413 
6 0 0.02229691969066394 
6 1 -0.028097297325894832 
6 2 -0.008406315137083897 
6 3 0.02229691969066394 
6 4 0.011021687526438395 
6 5 0.014409004036679773 
6 7 -0.018751704652673507 
6 8 -0.008406315137083897 
7 0 0.023996159074427315 
7 1 -0.018751704652673507 
7 2 -0.02075482734948597 
7 3 0.023996159074427315 
7 4 0.015169289230237082 
7 5 0.010685723835020644 
7 6 -0.018751704652673507 
7 8 -0.02075482734948597 
8 0 0.02143884522529005 
8 1 -0.008406315137083897 
8 2 -0.038399154079770126 
8 3 0.02143884522529005 
8 4 0.016208073299095238 
8 5 0.0014583002323489413 
8 6 -0.008406315137083897 
8 7 -0.02075482734948597 
