12 24 12 
K 
0 3 134.92557115253808 
1 4 254.13587518077813 
2 5 350.097707534246 
3 0 127.58562008184002 
3 6 322.9972371372079 
4 1 65.0587840462792 
4 9 300.44239198543846 
5 2 42.15176398712322 
5 11 322.75053583132126 
6 3 322.9972371372079 
6 7 208.1666513368216 
6 8 193.98033874355338 
7 6 208.16665133682153 
7 9 109.54582085411555 
8 6 193.98033874355338 
8 11 105.77736194976181 
9 4 300.44239198543846 
9 7 109.54582085411555 
9 10 255.28405682211005 
10 9 255.28405682211005 
10 11 183.661876293251 
11 5 322.75053583132126 
11 8 105.77736194976181 
11 10 183.661876293251 
P 
0 1.0 5.661245644793789 5.661245644793789 
1 1.0 48.007462737669016 48.007462737669016 
2 1.0 53.22964296780048 53.22964296780048 
3 0.0 -0.0 -0.0 
4 0.0 -0.0 -0.0 
5 0.0 -0.0 -0.0 
6 0.0 -60.73309564785453 -60.73309564785453 
7 0.0 -53.55172975821005 -53.55172975821005 
8 0.0 -64.61580418437411 -64.61580418437411 
9 0.0 -52.46526925523326 -52.46526925523326 
10 0.0 -58.30526576544427 -58.30526576544427 
11 0.0 -46.24883528751896 -46.24883528751896 
Alfa 
0 1.0575296108291032 
1 3.90625 
2 8.305647840531561 
3 0.0 
4 0.0 
5 0.0 
6 0.0 
7 0.0 
8 0.0 
9 0.0 
10 0.0 
11 0.0 
Gamma 
6 7 0.11710874456686438 
6 8 0.18272156076209756 
7 6 0.11710874456686438 
7 9 0.19620081728811645 
8 6 0.18272156076209756 
8 11 0.22550963518842404 
9 7 0.19620081728811645 
9 10 0.11751164543144554 
10 9 0.11751164543144554 
10 11 0.11751164543144554 
11 8 0.22550963518842404 
11 10 0.11751164543144554 
