12 24 12 
K 
0 3 134.92557115253808 
1 4 254.13587518077813 
2 5 350.097707534246 
3 0 127.58562008184002 
3 6 2080.1022071636135 
4 1 65.0587840462792 
4 9 1934.8490043862184 
5 2 42.15176398712322 
5 11 2078.5134507537027 
6 3 2080.1022071636135 
6 7 1340.593234609127 
6 8 1249.2333815084803 
7 6 1340.593234609127 
7 9 705.475086300502 
8 6 1249.2333815084803 
8 11 681.2062109564642 
9 4 1934.8490043862184 
9 7 705.4750863005021 
9 10 1644.0293259343844 
10 9 1644.029325934384 
10 11 1182.7824833285329 
11 5 2078.5134507537027 
11 8 681.2062109564641 
11 10 1182.7824833285329 
P 
0 1.0 5.661245644793789 5.661245644793789 
1 1.0 48.007462737669016 48.007462737669016 
2 1.0 53.22964296780048 53.22964296780048 
3 0.0 -0.0 -0.0 
4 0.0 -0.0 -0.0 
5 0.0 -0.0 -0.0 
6 0.0 -391.12113597218206 -391.12113597218206 
7 0.0 -293.6023475362865 -293.6023475362865 
8 0.0 -379.21080863062673 -379.21080863062673 
9 0.0 -337.8763340037012 -337.8763340037012 
10 0.0 -334.4692778441918 -334.4692778441918 
11 0.0 -297.8424992516212 -297.8424992516212 
Alfa 
0 1.0575296108291032 
1 3.90625 
2 8.305647840531561 
3 0.0 
4 0.0 
5 0.0 
6 0.0 
7 0.0 
8 0.0 
9 0.0 
10 0.0 
11 0.0 
Gamma 
6 7 0.11710874456686438 
6 8 0.18272156076209756 
7 6 0.11710874456686438 
7 9 0.19620081728811645 
8 6 0.18272156076209756 
8 11 0.22550963518842404 
9 7 0.19620081728811645 
9 10 0.11751164543144554 
10 9 0.11751164543144554 
10 11 0.11751164543144554 
11 8 0.22550963518842404 
11 10 0.11751164543144554 
