9 72 72 
K 
0 1 23.281317238477 
0 2 15.953561836240077 
0 3 3.7565651770856685 
0 4 17.851111520198273 
0 5 12.34195370091984 
0 6 2.877014043177296 
0 7 13.426298035535337 
0 8 2.9892654709671564 
1 0 85.99536554962437 
1 2 36.060640827474536 
1 3 5.6666861279720315 
1 4 34.099702896750685 
1 5 21.37766083375627 
1 6 8.389054516522217 
1 7 35.41368581232116 
1 8 6.756787580918238 
2 0 125.29641256103505 
2 1 76.67378780592594 
2 3 8.25643845347174 
2 4 44.83521960342587 
2 5 34.70938657268804 
2 6 9.475046536313407 
2 7 49.768749233363536 
2 8 12.761495535730052 
3 0 888.0520078630519 
3 1 362.6679121902101 
3 2 248.51879744949943 
3 4 278.07813789012346 
3 5 192.25847640885655 
3 6 44.81708082464502 
3 7 209.14999899334111 
3 8 46.56569283572304 
4 0 84.40005526749741 
4 1 43.647619707840875 
4 2 26.990802201262373 
4 3 5.561562757802469 
4 5 19.048358726192955 
4 6 5.39380197281892 
4 7 24.129283494060267 
4 8 5.057345430577097 
5 0 81.04549596937362 
5 1 38.00473037112225 
5 2 29.020903773275275 
5 3 5.3405132335793475 
5 4 26.4560537863791 
5 6 4.696475799237817 
5 7 22.979945795183532 
5 8 5.437731490697484 
6 0 680.1261198071128 
6 1 536.8994890574219 
6 2 285.1989007430335 
6 3 44.81708082464502 
6 4 269.69009864094596 
6 5 169.07312877256146 
6 7 280.0822179853784 
6 8 53.438550907943466 
7 0 79.34942139001383 
7 1 56.66189729971385 
7 2 37.45098379810606 
7 3 5.228749974833528 
7 4 30.16160436757533 
7 5 20.68195121566518 
7 6 7.002055449634458 
7 8 7.01730020358973 
8 0 706.6623573366359 
8 1 432.4344051787674 
8 2 384.1210156254747 
8 3 46.56569283572305 
8 4 252.86727152885487 
8 5 195.75833366510946 
8 6 53.43855090794347 
8 7 280.6920081435892 
P 
0 1.0 4.631589987317088 4.631589987317088 
1 1.0 45.93235028823027 45.93235028823027 
2 1.0 50.40381211864721 50.40381211864721 
3 0.0 -1.056933600958907 -1.056933600958907 
4 0.0 -48.09667050625158 -48.09667050625158 
5 0.0 -48.151145701205934 -48.151145701205934 
6 0.0 -2.028105187976852 -2.028105187976852 
7 0.0 -48.38813754815978 -48.38813754815978 
8 0.0 -2.986251003956336 -2.986251003956336 
Alfa 
0 1.0575296108291032 
1 3.90625 
2 8.305647840531561 
3 250.0 
4 5.0 
5 6.944444444444445 
6 250.0 
7 6.25 
8 250.0 
Gamma 
0 1 0.025247143302341124 
0 2 0.02452890887929149 
0 3 -0.018062539440133918 
0 4 -0.006143471395377409 
0 5 -0.004678694087163926 
0 6 0.025247143302341124 
0 7 0.027354795255406072 
0 8 0.02452890887929149 
1 0 0.025247143302341346 
1 2 -0.008594006688906752 
1 3 0.025247143302341124 
1 4 0.012579683688727972 
1 5 0.016847104307448957 
1 6 -0.03057248274422264 
1 7 -0.020170244477628385 
1 8 -0.008594006688906752 
2 0 0.024528908879291267 
2 1 -0.008594006688906752 
2 3 0.02452890887929149 
2 4 0.01888455807160394 
2 5 0.0022326167396951035 
2 6 -0.008594006688906752 
2 7 -0.022258446121956377 
2 8 -0.0415026758628918 
3 0 -0.018062539440133918 
3 1 0.025247143302341124 
3 2 0.02452890887929149 
3 4 -0.006143471395377409 
3 5 -0.004678694087163926 
3 6 0.025247143302341124 
3 7 0.027354795255406072 
3 8 0.02452890887929149 
4 0 -0.006143471395377187 
4 1 0.012579683688727972 
4 2 0.01888455807160394 
4 3 -0.006143471395377409 
4 5 0.0039860115565408805 
4 6 0.012579683688727972 
4 7 0.01751004266164302 
4 8 0.018884558071604163 
5 0 -0.004678694087163926 
5 1 0.016847104307448957 
5 2 0.0022326167396953256 
5 3 -0.004678694087163926 
5 4 0.0039860115565408805 
5 6 0.016847104307448957 
5 7 0.012670088218633913 
5 8 0.0022326167396953256 
6 0 0.025247143302341346 
6 1 -0.03057248274422264 
6 2 -0.008594006688906752 
6 3 0.025247143302341124 
6 4 0.012579683688727972 
6 5 0.016847104307448957 
6 7 -0.020170244477628385 
6 8 -0.008594006688906752 
7 0 0.027354795255406295 
7 1 -0.020170244477628385 
7 2 -0.022258446121956377 
7 3 0.027354795255406072 
7 4 0.01751004266164302 
7 5 0.012670088218633913 
7 6 -0.020170244477628385 
7 8 -0.022258446121956377 
8 0 0.02452890887929149 
8 1 -0.008594006688906752 
8 2 -0.0415026758628918 
8 3 0.02452890887929149 
8 4 0.01888455807160394 
8 5 0.0022326167396951035 
8 6 -0.008594006688906752 
8 7 -0.022258446121956377 
