9 72 72 
K 
0 1 3.93864293614058 
0 2 3.4209020139978996 
0 3 3.6508614825785055 
0 4 10.134281457865002 
0 5 7.570222039773005 
0 6 0.7507579194284395 
0 7 2.9789429852803595 
0 8 0.8638262734238934 
1 0 14.54836234536927 
1 2 13.370202944844875 
1 3 1.8668797438776124 
1 4 18.966509353493457 
1 5 6.738602763208947 
1 6 10.992834387851836 
1 7 29.238401151638012 
1 8 3.3761658584511576 
2 0 26.867150701299128 
2 1 28.428338487377808 
2 3 3.4476553600500393 
2 4 15.71355073798411 
2 5 26.65269870780757 
2 6 5.418820797323834 
2 7 44.134031152653435 
2 8 20.86316047945966 
3 0 863.0636544815587 
3 1 119.48030360816715 
3 2 103.77442633750614 
3 4 307.427468056503 
3 5 229.64570344617638 
3 6 22.77454077557037 
3 7 90.36742301435501 
3 8 26.204514368731434 
4 0 47.91488273278573 
4 1 24.27713197247162 
4 2 9.459557544266428 
4 3 6.14854936113006 
4 5 13.657571339592328 
4 6 4.627545422333226 
4 7 13.806160483161962 
4 8 2.388672434424064 
5 0 49.71112472784274 
5 1 11.979738245704795 
5 2 22.28461753069466 
5 3 6.379047317949345 
5 4 18.968849082767132 
5 6 2.2834980236760454 
5 7 13.699037336129525 
5 8 5.627181964712232 
6 0 177.4791721528831 
6 1 703.5414008225173 
6 2 163.1065059994474 
6 3 22.77454077557037 
6 4 231.37727111666135 
6 5 82.20592885233765 
6 7 356.6866914830684 
6 8 41.18670592497743 
7 0 17.60555304300692 
7 1 46.78144184262082 
7 2 33.2108584423717 
7 3 2.2591855753588748 
7 4 17.257700603952454 
7 5 12.329133602516569 
7 6 8.917167287076706 
7 8 8.386212749763958 
8 0 204.20853103740842 
8 1 216.07461494087408 
8 2 627.9811304317354 
8 3 26.204514368731438 
8 4 119.43362172120322 
8 5 202.5785507296404 
8 6 41.18670592497743 
8 7 335.4485099905584 
P 
0 1.0 4.357289465630877 4.357289465630877 
1 1.0 44.744240864311514 44.744240864311514 
2 1.0 47.553289091354664 47.553289091354664 
3 0.0 -5.075921974419031 -5.075921974419031 
4 0.0 -51.557558460959946 -51.557558460959946 
5 0.0 -52.2715783852763 -52.2715783852763 
6 0.0 -7.588102691369006 -7.588102691369006 
7 0.0 -51.04463765989255 -51.04463765989255 
8 0.0 -10.894505105873614 -10.894505105873614 
Alfa 
0 1.0575296108291032 
1 3.90625 
2 8.305647840531561 
3 250.0 
4 5.0 
5 6.944444444444445 
6 250.0 
7 6.25 
8 250.0 
Gamma 
0 1 0.11639678583828705 
0 2 0.12815293281101292 
0 3 -0.04584817338749425 
0 4 -0.008751155480744233 
0 5 0.00590924499103318 
0 6 0.11639678583828705 
0 7 0.14566061210927828 
0 8 0.12815293281101292 
1 0 0.11639678583828705 
1 2 0.021286866348320777 
1 3 0.11639678583828705 
1 4 0.05978770824556112 
1 5 0.11867492488550924 
1 6 -0.05661379247119602 
1 7 -0.018707356291151944 
1 8 0.021286866348320777 
2 0 0.1281529328110127 
2 1 0.021286866348320777 
2 3 0.1281529328110127 
2 4 0.12979324255605418 
2 5 0.03855584240402021 
2 6 0.021286866348320777 
2 7 -0.020648743603691733 
2 8 -0.06875707333135628 
3 0 -0.04584817338749425 
3 1 0.11639678583828705 
3 2 0.12815293281101292 
3 4 -0.008751155480744233 
3 5 0.00590924499103318 
3 6 0.11639678583828705 
3 7 0.14566061210927828 
3 8 0.12815293281101292 
4 0 -0.008751155480744233 
4 1 0.05978770824556112 
4 2 0.12979324255605418 
4 3 -0.008751155480744233 
4 5 0.04983029380092319 
4 6 0.05978770824556112 
4 7 0.1025232325376515 
4 8 0.12979324255605418 
5 0 0.00590924499103318 
5 1 0.11867492488550924 
5 2 0.038555842404020435 
5 3 0.00590924499103318 
5 4 0.04983029380092319 
5 6 0.11867492488550924 
5 7 0.09169166982978716 
5 8 0.038555842404020435 
6 0 0.11639678583828705 
6 1 -0.05661379247119602 
6 2 0.021286866348320777 
6 3 0.11639678583828705 
6 4 0.059787708245561344 
6 5 0.11867492488550924 
6 7 -0.018707356291151944 
6 8 0.021286866348320777 
7 0 0.14566061210927805 
7 1 -0.018707356291151944 
7 2 -0.020648743603691733 
7 3 0.14566061210927828 
7 4 0.1025232325376515 
7 5 0.09169166982978716 
7 6 -0.018707356291151944 
7 8 -0.020648743603691733 
8 0 0.1281529328110127 
8 1 0.021286866348320777 
8 2 -0.06875707333135628 
8 3 0.1281529328110127 
8 4 0.12979324255605418 
8 5 0.03855584240402021 
8 6 0.021286866348320777 
8 7 -0.020648743603691733 
