9 72 72 
K 
0 1 28.848089365000135 
0 2 19.47966729681186 
0 3 4.1170030306532475 
0 4 20.43506933963433 
0 5 14.058902021699929 
0 6 3.4941681374738223 
0 7 16.392605880705457 
0 8 3.6035290286947896 
1 0 106.55763009196926 
1 2 41.77685919719735 
1 3 6.778226472748279 
1 4 39.23367446141709 
1 5 25.372016265331357 
1 6 8.865602925365927 
1 7 38.87251327568631 
1 8 7.728269818521715 
2 0 152.98981225801748 
2 1 88.82787337610071 
2 3 9.731819247603902 
2 4 52.80591550355144 
2 5 39.01619522129488 
2 6 10.759101614781372 
2 7 54.502681049949246 
2 8 13.193627107260646 
3 0 973.2595164464277 
3 1 433.8064942558898 
3 2 292.9277593528774 
3 4 307.2947285326308 
3 5 211.41237195833463 
3 6 52.54395918147641 
3 7 246.50571477551588 
3 8 54.18848628443339 
4 0 96.6170078377911 
4 1 50.21910331061385 
4 2 31.78916113313796 
4 3 6.145894570652617 
4 5 21.608583601340563 
4 6 6.082690207322585 
4 7 27.78235098884935 
4 8 5.880653052009112 
5 0 92.32012327582952 
5 1 45.10580669392241 
5 2 32.621874337804876 
5 3 5.872565887731519 
5 4 30.01192166852854 
5 6 5.463352202318593 
5 7 26.39987698788745 
5 8 6.034696042573219 
6 0 826.0213476988116 
6 1 567.398587223419 
6 2 323.84895860491923 
6 3 52.54395918147642 
6 4 304.1345103661292 
6 5 196.68067928346937 
6 7 301.33483427426836 
6 8 59.90857571968905 
7 0 96.88030075496926 
7 1 62.196021241098116 
7 2 41.01326749008679 
7 3 6.162642869387899 
7 4 34.727938736061695 
7 5 23.75988928909871 
7 6 7.533370856856713 
7 8 7.587013561896951 
8 0 851.8742623834486 
8 1 494.60926838538995 
8 2 397.1281759285454 
8 3 54.1884862844334 
8 4 294.0326526004557 
8 5 217.24905753263596 
8 6 59.90857571968906 
8 7 303.48054247587805 
P 
0 1.0 4.908344519472804 4.908344519472804 
1 1.0 46.332070492137504 46.332070492137504 
2 1.0 50.96003372263587 50.96003372263587 
3 0.0 -0.7201922824310825 -0.7201922824310825 
4 0.0 -47.816027306882255 -47.816027306882255 
5 0.0 -47.88143004141284 -47.88143004141284 
6 0.0 -1.5730769369128965 -1.5730769369128965 
7 0.0 -48.12251567992136 -48.12251567992136 
8 0.0 -2.337817294955963 -2.337817294955963 
Alfa 
0 1.0575296108291032 
1 3.90625 
2 8.305647840531561 
3 250.0 
4 5.0 
5 6.944444444444445 
6 250.0 
7 6.25 
8 250.0 
Gamma 
0 1 0.01668887925237228 
0 2 0.01559024468093928 
0 3 -0.011633170076701393 
0 4 -0.00351379552782749 
0 5 -0.0032103082827803497 
0 6 0.01668887925237228 
0 7 0.017658462994536217 
0 8 0.01559024468093928 
1 0 0.01668887925237228 
1 2 -0.007846060431492496 
1 3 0.01668887925237228 
1 4 0.008017072335843922 
1 5 0.00985372164111542 
1 6 -0.022891428748585074 
1 7 -0.015710070153790667 
1 8 -0.007846060431492718 
2 0 0.01559024468093928 
2 1 -0.007846060431492718 
2 3 0.01559024468093928 
2 4 0.011216453507313373 
2 5 -3.20750212239318e-05 
2 6 -0.007846060431492718 
2 7 -0.017567127471846744 
2 8 -0.031827806044354645 
3 0 -0.011633170076701393 
3 1 0.01668887925237228 
3 2 0.01559024468093928 
3 4 -0.00351379552782749 
3 5 -0.0032103082827803497 
3 6 0.01668887925237228 
3 7 0.017658462994536217 
3 8 0.01559024468093928 
4 0 -0.003513795527827712 
4 1 0.008017072335844144 
4 2 0.011216453507313373 
4 3 -0.003513795527827712 
4 5 0.0020895314577438207 
4 6 0.008017072335843922 
4 7 0.010752069464847525 
4 8 0.011216453507313373 
5 0 -0.003210308282780572 
5 1 0.00985372164111542 
5 2 -3.20750212239318e-05 
5 3 -0.003210308282780572 
5 4 0.0020895314577438207 
5 6 0.00985372164111542 
5 7 0.006945046538978206 
5 8 -3.20750212239318e-05 
6 0 0.01668887925237228 
6 1 -0.022891428748585074 
6 2 -0.007846060431492496 
6 3 0.01668887925237228 
6 4 0.008017072335843922 
6 5 0.00985372164111542 
6 7 -0.015710070153790667 
6 8 -0.007846060431492718 
7 0 0.017658462994536217 
7 1 -0.015710070153790667 
7 2 -0.017567127471846744 
7 3 0.017658462994536217 
7 4 0.010752069464847525 
7 5 0.006945046538978206 
7 6 -0.01571007015379089 
7 8 -0.017567127471846744 
8 0 0.01559024468093928 
8 1 -0.007846060431492718 
8 2 -0.031827806044354645 
8 3 0.01559024468093928 
8 4 0.011216453507313373 
8 5 -3.20750212239318e-05 
8 6 -0.007846060431492718 
8 7 -0.017567127471846744 
