9 72 72 
K 
0 1 40.93183964145608 
0 2 27.292123274720264 
0 3 5.237818176294442 
0 4 27.0636392938277 
0 5 18.537609941737212 
0 6 4.875671546968609 
0 7 22.96993018262171 
0 8 4.995544750869994 
1 0 151.1919826756284 
1 2 55.783624568868774 
1 3 9.334997125903245 
1 4 52.218281430323124 
1 5 34.67115820049106 
1 6 10.883576469489201 
1 7 49.453680721567714 
1 8 10.210623413006374 
2 0 214.34743993833467 
2 1 118.60970007998678 
2 3 13.234383863210066 
2 4 71.67523568252936 
2 5 50.88407290127071 
2 6 14.12841311165412 
2 7 69.24845302664122 
2 8 15.865625236060081 
3 0 1238.2202168760057 
3 1 597.4398160578077 
3 2 398.35495428262294 
3 4 395.02000943987116 
3 5 270.5743590015904 
3 6 71.16514521934616 
3 7 335.2683628044728 
3 8 72.91481065135305 
4 0 127.95688658121735 
4 1 66.83940023081361 
4 2 43.14849188088269 
4 3 7.900400188797425 
4 5 28.414001571606494 
4 6 7.9616983936330135 
4 7 37.00637894465751 
4 8 7.897891268985901 
5 0 121.73030528407438 
5 1 61.637614578650776 
5 2 42.54473873134022 
5 3 7.515954416710846 
5 4 39.46389107167569 
5 6 7.3420781048836945 
5 7 35.101729352444046 
5 8 7.787380414016554 
6 0 1152.608753703379 
6 1 696.5488940473089 
6 2 425.26523466078874 
6 3 71.16514521934616 
6 4 398.08491968165055 
6 5 264.3148117758129 
6 7 377.0090469996813 
6 8 77.84046295529475 
7 0 135.75228737929433 
7 1 79.12588915450833 
7 2 52.10946090254748 
7 3 8.381709070111821 
7 4 46.257973680821884 
7 5 31.591556417199634 
7 6 9.425226174992034 
7 8 9.538105235055385 
8 0 1180.946779105667 
8 1 653.4798984324077 
8 2 477.5553196054083 
8 3 72.91481065135305 
8 4 394.8945634492949 
8 5 280.3456949045959 
8 6 77.84046295529474 
8 7 381.5242094022154 
P 
0 1.0 5.235931686801331 5.235931686801331 
1 1.0 46.68770930038101 46.68770930038101 
2 1.0 51.40773846234872 51.40773846234872 
3 0.0 -0.3832904164084268 -0.3832904164084268 
4 0.0 -47.574389243416775 -47.574389243416775 
5 0.0 -47.66777550503339 -47.66777550503339 
6 0.0 -1.1984478220276105 -1.1984478220276105 
7 0.0 -47.91206724119998 -47.91206724119998 
8 0.0 -1.8373130701673341 -1.8373130701673341 
Alfa 
0 1.0575296108291032 
1 3.90625 
2 8.305647840531561 
3 250.0 
4 5.0 
5 6.944444444444445 
6 250.0 
7 6.25 
8 250.0 
Gamma 
0 1 0.008654878284023892 
0 2 0.0072684963474729525 
0 3 -0.005013562842421049 
0 4 -0.0010561821899182089 
0 5 -0.0017984955244783052 
0 6 0.008654878284023892 
0 7 0.008692312823983972 
0 8 0.0072684963474729525 
1 0 0.008654878284023892 
1 2 -0.006746551512734955 
1 3 0.008654878284023892 
1 4 0.0035465080720245012 
1 5 0.003457749868892135 
1 6 -0.014444730678120132 
1 7 -0.010748340687741775 
1 8 -0.006746551512734955 
2 0 0.0072684963474729525 
2 1 -0.006746551512734955 
2 3 0.0072684963474729525 
2 4 0.004243759994523089 
2 5 -0.0023325832677283387 
2 6 -0.006746551512734955 
2 7 -0.012453669700041692 
2 8 -0.02102063986330216 
3 0 -0.005013562842421049 
3 1 0.008654878284023892 
3 2 0.0072684963474729525 
3 4 -0.0010561821899182089 
3 5 -0.0017984955244783052 
3 6 0.008654878284023892 
3 7 0.008692312823983972 
3 8 0.0072684963474729525 
4 0 -0.0010561821899182089 
4 1 0.0035465080720245012 
4 2 0.004243759994523089 
4 3 -0.0010561821899182089 
4 5 0.0003298354158030037 
4 6 0.0035465080720245012 
4 7 0.004455313390590687 
4 8 0.004243759994523089 
5 0 -0.0017984955244783052 
5 1 0.003457749868892135 
5 2 -0.0023325832677281166 
5 3 -0.0017984955244783052 
5 4 0.0003298354158030037 
5 6 0.003457749868892135 
5 7 0.001592928390698356 
5 8 -0.0023325832677281166 
6 0 0.008654878284023892 
6 1 -0.014444730678120132 
6 2 -0.006746551512734955 
6 3 0.008654878284023892 
6 4 0.0035465080720245012 
6 5 0.003457749868892135 
6 7 -0.010748340687741775 
6 8 -0.006746551512734955 
7 0 0.008692312823983972 
7 1 -0.010748340687741775 
7 2 -0.012453669700041692 
7 3 0.008692312823983972 
7 4 0.004455313390590687 
7 5 0.001592928390698578 
7 6 -0.010748340687741775 
7 8 -0.012453669700041692 
8 0 0.0072684963474729525 
8 1 -0.006746551512734955 
8 2 -0.02102063986330216 
8 3 0.0072684963474729525 
8 4 0.004243759994523089 
8 5 -0.0023325832677283387 
8 6 -0.006746551512734955 
8 7 -0.012453669700041692 
