12 24 12 
K 
0 3 134.92557115253808 
1 4 254.13587518077813 
2 5 350.097707534246 
3 0 127.58562008184002 
3 6 1576.2265172295706 
4 1 65.0587840462792 
4 9 1466.1588728889362 
5 2 42.15176398712322 
5 11 1575.0226148568436 
6 3 1576.2265172295706 
6 7 1015.8532585236868 
6 8 946.624053068538 
7 6 1015.8532585236868 
7 9 534.5836057680824 
8 6 946.624053068538 
8 11 516.1935263148364 
9 4 1466.1588728889362 
9 7 534.5836057680825 
9 10 1245.786197291894 
10 9 1245.786197291894 
10 11 896.2699563110627 
11 5 1575.0226148568436 
11 8 516.1935263148364 
11 10 896.2699563110627 
P 
0 1.0 5.661245644793789 5.661245644793789 
1 1.0 48.007462737669016 48.007462737669016 
2 1.0 53.22964296780048 53.22964296780048 
3 0.0 -0.0 -0.0 
4 0.0 -0.0 -0.0 
5 0.0 -0.0 -0.0 
6 0.0 -296.3775067615293 -296.3775067615293 
7 0.0 -224.7643027322793 -224.7643027322793 
8 0.0 -288.9960647085396 -288.9960647085396 
9 0.0 -256.03051396553764 -256.03051396553764 
10 0.0 -255.27518614513923 -255.27518614513923 
11 0.0 -225.69431620309194 -225.69431620309194 
Alfa 
0 1.0575296108291032 
1 3.90625 
2 8.305647840531561 
3 0.0 
4 0.0 
5 0.0 
6 0.0 
7 0.0 
8 0.0 
9 0.0 
10 0.0 
11 0.0 
Gamma 
6 7 0.11710874456686438 
6 8 0.18272156076209756 
7 6 0.11710874456686438 
7 9 0.19620081728811645 
8 6 0.18272156076209756 
8 11 0.22550963518842404 
9 7 0.19620081728811645 
9 10 0.11751164543144554 
10 9 0.11751164543144554 
10 11 0.11751164543144554 
11 8 0.22550963518842404 
11 10 0.11751164543144554 
