12 24 12 
K 
0 3 134.92557115253808 
1 4 254.13587518077813 
2 5 350.097707534246 
3 0 127.58562008184002 
3 6 12.919889485488314 
4 1 65.0587840462792 
4 9 12.017695679417537 
5 2 42.15176398712322 
5 11 12.910021433252847 
6 3 12.919889485488314 
6 7 8.326666053472861 
6 8 7.759213549742135 
7 6 8.326666053472861 
7 9 4.381832834164621 
8 6 7.7592135497421335 
8 11 4.231094477990471 
9 4 12.017695679417537 
9 7 4.381832834164621 
9 10 10.2113622728844 
10 9 10.211362272884402 
10 11 7.346475051730039 
11 5 12.910021433252847 
11 8 4.231094477990472 
11 10 7.346475051730039 
P 
0 1.0 5.661245644793789 5.661245644793789 
1 1.0 48.007462737669016 48.007462737669016 
2 1.0 53.22964296780048 53.22964296780048 
3 0.0 -0.0 -0.0 
4 0.0 -0.0 -0.0 
5 0.0 -0.0 -0.0 
6 0.0 -2.4293238259141807 -2.4293238259141807 
7 0.0 -11.189856032667006 -11.189856032667006 
8 0.0 -9.099038693858759 -9.099038693858759 
9 0.0 -2.09861077020933 -2.09861077020933 
10 0.0 -9.570440104488652 -9.570440104488652 
11 0.0 -1.8499534115007576 -1.8499534115007576 
Alfa 
0 1.0575296108291032 
1 3.90625 
2 8.305647840531561 
3 0.0 
4 0.0 
5 0.0 
6 0.0 
7 0.0 
8 0.0 
9 0.0 
10 0.0 
11 0.0 
Gamma 
6 7 0.11710874456686438 
6 8 0.18272156076209756 
7 6 0.11710874456686438 
7 9 0.19620081728811645 
8 6 0.18272156076209756 
8 11 0.22550963518842404 
9 7 0.19620081728811645 
9 10 0.11751164543144554 
10 9 0.11751164543144554 
10 11 0.11751164543144554 
11 8 0.22550963518842404 
11 10 0.11751164543144554 
