9 72 72 
K 
0 1 8.773280097971096 
0 2 6.808435406364892 
0 3 3.6195509242274326 
0 4 12.788712763590427 
0 5 9.195050774972964 
0 6 1.3231964240862284 
0 7 5.7895437078468355 
0 8 1.4559665075909838 
1 0 32.406303361880724 
1 2 21.621005896140883 
1 3 2.95761582963136 
1 4 23.927251328213906 
1 5 11.332103849938878 
1 6 9.823095235537151 
1 7 32.190797780428106 
1 8 4.623596842202484 
2 0 53.472230234706345 
2 1 45.97157399843908 
2 3 4.8802331084109705 
2 4 25.216911752454134 
2 5 29.18663187207835 
2 6 6.933486865239538 
2 7 46.86702600900634 
2 8 17.1290372785114 
3 0 855.6618384873652 
3 1 189.28741309640705 
3 2 146.89501656317023 
3 4 275.922155547371 
3 5 198.38730270189993 
3 6 28.54855029552982 
3 7 124.9119758208042 
3 8 31.413123791709534 
4 0 60.465033946255566 
4 1 30.62688170011381 
4 2 15.18058087497739 
4 3 5.518443110947422 
4 5 15.160197185606606 
4 6 4.6191823233677916 
4 7 17.007673000712916 
4 8 3.2463284147604274 
5 0 60.38083342232248 
5 1 20.145962399891346 
5 2 24.403267204154393 
5 3 5.51075840838611 
5 4 21.05582942445362 
5 6 3.0384377461602465 
5 7 16.557399291563733 
5 8 5.218576310766873 
6 0 312.80363465398443 
6 1 628.6780950743779 
6 2 208.69795464371015 
6 3 28.548550295529825 
6 4 230.95911616838973 
6 5 109.38375886176891 
6 7 310.7234551156452 
6 8 44.6295241164985 
7 0 34.21620331337479 
7 1 51.50527644868499 
7 2 35.26743707177727 
7 3 3.1227993955201048 
7 4 21.259591250891145 
7 5 14.901659362407358 
7 6 7.76808637789113 
7 8 7.541851265428365 
8 0 344.19048239450854 
8 1 295.91019790095896 
8 2 515.5840220831931 
8 3 31.413123791709534 
8 4 162.31642073802138 
8 5 187.8687471876075 
8 6 44.62952411649849 
8 7 301.67405061713447 
P 
0 1.0 4.032079114233696 4.032079114233696 
1 1.0 44.50604053035036 44.50604053035036 
2 1.0 47.73646748181951 47.73646748181951 
3 0.0 -3.208023117221682 -3.208023117221682 
4 0.0 -50.21315646371752 -50.21315646371752 
5 0.0 -50.44346945369467 -50.44346945369467 
6 0.0 -5.097404558360446 -5.097404558360446 
7 0.0 -50.077613842921835 -50.077613842921835 
8 0.0 -7.561328309750672 -7.561328309750672 
Alfa 
0 1.0575296108291032 
1 3.90625 
2 8.305647840531561 
3 250.0 
4 5.0 
5 6.944444444444445 
6 250.0 
7 6.25 
8 250.0 
Gamma 
0 1 0.081096302593898 
0 2 0.08545256474382401 
0 3 -0.04109086452438748 
0 4 -0.014261689571832825 
0 5 -0.0050490521939374755 
0 6 0.081096302593898 
0 7 0.09527714641815854 
0 8 0.08545256474382401 
1 0 0.081096302593898 
1 2 0.0021477128048328353 
1 3 0.081096302593898 
1 4 0.040827679497071445 
1 5 0.07122147597949469 
1 6 -0.053785829057643175 
1 7 -0.02751917473983867 
1 8 0.0021477128048328353 
2 0 0.08545256474382401 
2 1 0.0021477128048328353 
2 3 0.08545256474382401 
2 4 0.07864937854671195 
2 5 0.019633667285407608 
2 6 0.0021477128048328353 
2 7 -0.030645631710595644 
2 8 -0.06863341302856885 
3 0 -0.04109086452438748 
3 1 0.081096302593898 
3 2 0.08545256474382401 
3 4 -0.014261689571832825 
3 5 -0.0050490521939374755 
3 6 0.081096302593898 
3 7 0.09527714641815854 
3 8 0.08545256474382401 
4 0 -0.014261689571832825 
4 1 0.040827679497071445 
4 2 0.07864937854671217 
4 3 -0.014261689571832825 
4 5 0.02431255945204791 
4 6 0.040827679497071445 
4 7 0.06567875123073019 
4 8 0.07864937854671195 
5 0 -0.0050490521939374755 
5 1 0.07122147597949469 
5 2 0.019633667285407608 
5 3 -0.0050490521939374755 
5 4 0.02431255945204791 
5 6 0.07122147597949469 
5 7 0.05516320041688294 
5 8 0.019633667285407608 
6 0 0.081096302593898 
6 1 -0.053785829057643175 
6 2 0.0021477128048328353 
6 3 0.081096302593898 
6 4 0.040827679497071445 
6 5 0.07122147597949469 
6 7 -0.02751917473983867 
6 8 0.0021477128048328353 
7 0 0.09527714641815876 
7 1 -0.02751917473983867 
7 2 -0.030645631710595644 
7 3 0.09527714641815876 
7 4 0.06567875123073019 
7 5 0.05516320041688294 
7 6 -0.02751917473983867 
7 8 -0.030645631710595644 
8 0 0.08545256474382401 
8 1 0.0021477128048328353 
8 2 -0.06863341302856885 
8 3 0.08545256474382401 
8 4 0.07864937854671195 
8 5 0.019633667285407608 
8 6 0.0021477128048328353 
8 7 -0.030645631710595644 
