9 72 72 
K 
0 1 38.711670913773915 
0 2 25.847134942988678 
0 3 5.013475546494293 
0 4 25.788526673267217 
0 5 17.672748509537442 
0 6 4.619453492273692 
0 7 21.75329234077464 
0 8 4.736401415958535 
1 0 142.99123443775235 
1 2 53.11343940403815 
1 3 8.857009319689718 
1 4 49.729851211789004 
1 5 32.92525266126252 
1 6 10.460201908156206 
1 7 47.338927898119266 
1 8 9.732860920740245 
2 0 202.99876081470185 
2 1 112.93222996207453 
2 3 12.573931006966554 
2 4 68.1161161662536 
2 5 48.56668174515016 
2 6 13.476173251486836 
2 7 66.29411311024545 
2 8 15.28401406787191 
3 0 1185.1856191912505 
3 1 566.848596460142 
3 2 378.47532330969307 
3 4 377.617132106669 
3 5 258.7791343478269 
3 6 67.64189368990915 
3 7 318.529862976487 
3 8 69.35434279982586 
4 0 121.9281541112074 
4 1 63.654209551089934 
4 2 41.00590193208464 
4 3 7.552342642133378 
4 5 27.095422097035126 
4 6 7.595840057218489 
4 7 35.23959369335642 
4 8 7.514194993068929 
5 0 116.05104854596254 
5 1 58.53378250891116 
5 2 40.60714223691722 
5 3 7.18830928743964 
5 4 37.63253069032658 
5 6 6.984820847156206 
5 7 33.43218146520523 
5 8 7.441123606666373 
6 0 1092.0388055735007 
6 1 669.4529221219975 
6 2 405.63281486975353 
6 3 67.64189368990917 
6 4 379.7920028609245 
6 5 251.45355049762338 
6 7 361.532274913654 
6 8 74.33086270281204 
7 0 128.56195773397818 
7 1 75.74228463699085 
7 2 49.88632011545968 
7 3 7.963246574412178 
7 4 44.04949211669554 
7 5 30.08896331868472 
7 6 9.038306872841352 
7 8 9.141502056339824 
8 0 1119.6852947325976 
8 1 622.9030989273757 
8 2 460.0488234429443 
8 3 69.35434279982586 
8 4 375.7097496534466 
8 5 267.8804498399893 
8 6 74.33086270281204 
8 7 365.660082253593 
P 
0 1.0 5.194305589219232 5.194305589219232 
1 1.0 46.65382842224713 46.65382842224713 
2 1.0 51.36892940279683 51.36892940279683 
3 0.0 -0.42351029831689097 -0.42351029831689097 
4 0.0 -47.59991687981239 -47.59991687981239 
5 0.0 -47.688360480744315 -47.688360480744315 
6 0.0 -1.2336123063679059 -1.2336123063679059 
7 0.0 -47.93048812636064 -47.93048812636064 
8 0.0 -1.880694279158443 -1.880694279158443 
Alfa 
0 1.0575296108291032 
1 3.90625 
2 8.305647840531561 
3 250.0 
4 5.0 
5 6.944444444444445 
6 250.0 
7 6.25 
8 250.0 
Gamma 
0 1 0.009576853500248728 
0 2 0.008219864429030999 
0 3 -0.0057690237240928255 
0 4 -0.0013124612482049436 
0 5 -0.0019394236377332508 
0 6 0.009576853500248728 
0 7 0.00971321200844888 
0 8 0.008219864429030999 
1 0 0.009576853500248728 
1 2 -0.006870302180349341 
1 3 0.009576853500248728 
1 4 0.004076748607142466 
1 5 0.004188648078857549 
1 6 -0.015442842130194867 
1 7 -0.011327283430491164 
1 8 -0.006870302180349341 
2 0 0.008219864429030999 
2 1 -0.006870302180349341 
2 3 0.008219864429030999 
2 4 0.005036870759458356 
2 5 -0.0020461646146137102 
2 6 -0.006870302180349341 
2 7 -0.013045510154968465 
2 8 -0.022310752446603965 
3 0 -0.0057690237240928255 
3 1 0.009576853500248728 
3 2 0.008219864429030999 
3 4 -0.0013124612482049436 
3 5 -0.0019394236377332508 
3 6 0.009576853500248728 
3 7 0.00971321200844888 
3 8 0.008219864429030999 
4 0 -0.0013124612482049436 
4 1 0.004076748607142466 
4 2 0.005036870759458356 
4 3 -0.0013124612482049436 
4 5 0.0005463555617331028 
4 6 0.004076748607142466 
4 7 0.005180258841596341 
4 8 0.005036870759458356 
5 0 -0.0019394236377332508 
5 1 0.004188648078857549 
5 2 -0.0020461646146137102 
5 3 -0.0019394236377332508 
5 4 0.0005463555617331028 
5 6 0.004188648078857549 
5 7 0.00221308710823509 
5 8 -0.0020461646146139323 
6 0 0.009576853500248728 
6 1 -0.015442842130194867 
6 2 -0.006870302180349341 
6 3 0.009576853500248728 
6 4 0.004076748607142466 
6 5 0.004188648078857549 
6 7 -0.011327283430491164 
6 8 -0.006870302180349341 
7 0 0.00971321200844888 
7 1 -0.011327283430491164 
7 2 -0.013045510154968465 
7 3 0.00971321200844888 
7 4 0.005180258841596341 
7 5 0.00221308710823509 
7 6 -0.011327283430491164 
7 8 -0.013045510154968465 
8 0 0.008219864429030999 
8 1 -0.006870302180349341 
8 2 -0.022310752446603965 
8 3 0.008219864429030999 
8 4 0.005036870759458356 
8 5 -0.0020461646146137102 
8 6 -0.006870302180349341 
8 7 -0.013045510154968465 
