3 6 6 
K 
0 1 12.767385230028847 
0 2 10.075651609084687 
1 0 47.15952919341904 
1 2 33.785908916838096 
2 0 79.13236014576812 
2 1 71.8371485274963 
P 
0 1.0 -1.6148479943857839 -1.6148479943857839 
1 1.0 34.30685187494786 34.30685187494786 
2 1.0 35.00160986436098 35.00160986436098 
Alfa 
0 1.0575296108291032 
1 3.90625 
2 8.305647840531561 
Gamma 
0 1 -0.20317108820787766 
0 2 -0.18368795320552622 
1 0 -0.20317108820787788 
1 2 -0.2052574830700975 
2 0 -0.18368795320552622 
2 1 -0.2052574830700975 
