9 72 72 
K 
0 1 29.561298288981586 
0 2 19.935865327795646 
0 3 4.173344892349355 
0 4 20.79616020357756 
0 5 14.30109433371385 
0 6 3.57445628524297 
0 7 16.77659017709355 
0 8 3.683924714047984 
1 0 109.19204555492576 
1 2 42.55404357984177 
1 3 6.924828943566434 
1 4 39.945833208438394 
1 5 25.901613002746245 
1 6 8.95649239477858 
1 7 39.40679966482341 
1 8 7.863510825782054 
2 0 156.57270975052793 
2 1 90.48035844218853 
2 3 9.929654003117736 
2 4 53.87190170513192 
2 5 39.64367492375298 
2 6 10.940591403093597 
2 7 55.24278498380279 
2 8 13.302270207396964 
3 0 986.5787325513872 
3 1 443.18905238825175 
3 2 298.8825854938438 
3 4 311.78030287570755 
3 5 214.40494202638055 
3 6 53.58898240442059 
3 7 251.51808388819896 
3 8 55.230155561101874 
4 0 98.32424544251472 
4 1 51.13066650680114 
4 2 32.43088482648941 
4 3 6.23560605751415 
4 5 21.973972239984867 
4 6 6.18255431399708 
4 7 28.288716024503536 
4 8 5.992864425311532 
5 0 93.91051945805431 
5 1 46.04731200488222 
5 2 33.1465170890268 
5 3 5.955692834066127 
5 4 30.51940588886787 
5 6 5.567891579232317 
5 7 26.876025910954255 
5 8 6.1251052553323815 
6 0 845.0014658314382 
6 1 573.2155132658294 
6 2 329.31180123311725 
6 3 53.58898240442059 
6 4 309.1277156998539 
6 5 200.44409685236346 
6 7 304.95631171001054 
6 8 60.853133949439695 
7 0 99.14964794662289 
7 1 63.05087946371748 
7 2 41.5701957003116 
7 3 6.2879520972049745 
7 4 35.360895030629415 
7 5 24.18842331985883 
7 6 7.623907792750265 
7 8 7.6817067526369796 
8 0 870.8798024009438 
8 1 503.26469285005146 
8 2 400.3983332426485 
8 3 55.2301555611019 
8 4 299.64322126557664 
8 5 220.5037891919657 
8 6 60.85313394943969 
8 7 307.26827010547913 
P 
0 1.0 4.936688951323432 4.936688951323432 
1 1.0 46.368968042302264 46.368968042302264 
2 1.0 51.0090852529165 51.0090852529165 
3 0.0 -0.6888996134841316 -0.6888996134841316 
4 0.0 -47.79152849127386 -47.79152849127386 
5 0.0 -47.858587915728016 -47.858587915728016 
6 0.0 -1.5331970906036443 -1.5331970906036443 
7 0.0 -48.09943190004242 -48.09943190004242 
8 0.0 -2.2823375267670434 -2.2823375267670434 
Alfa 
0 1.0575296108291032 
1 3.90625 
2 8.305647840531561 
3 250.0 
4 5.0 
5 6.944444444444445 
6 250.0 
7 6.25 
8 250.0 
Gamma 
0 1 0.015915530399262856 
0 2 0.014786254569502555 
0 3 -0.011010699727698636 
0 4 -0.003268506502567492 
0 5 -0.0030683941972686757 
0 6 0.015915530399262856 
0 7 0.01678929605871815 
0 8 0.014786254569502555 
1 0 0.015915530399262856 
1 2 -0.007750070743474113 
1 3 0.015915530399262856 
1 4 0.007597273245539382 
1 5 0.00923278336284783 
1 6 -0.022122234349376324 
1 7 -0.015256832334041182 
1 8 -0.007750070743474113 
2 0 0.014786254569502555 
2 1 -0.007750070743474113 
2 3 0.014786254569502555 
2 4 0.010537223356836378 
2 5 -0.00024148797581524661 
2 6 -0.007750070743474113 
2 7 -0.01709588545985752 
2 8 -0.03085182458631852 
3 0 -0.011010699727698414 
3 1 0.015915530399262856 
3 2 0.014786254569502555 
3 4 -0.003268506502567492 
3 5 -0.0030683941972686757 
3 6 0.015915530399262856 
3 7 0.01678929605871815 
3 8 0.014786254569502555 
4 0 -0.003268506502567714 
4 1 0.007597273245539382 
4 2 0.010537223356836378 
4 3 -0.003268506502567714 
4 5 0.0019244775064324315 
4 6 0.00759727324553916 
4 7 0.010145551235089423 
4 8 0.010537223356836378 
5 0 -0.0030683941972686757 
5 1 0.00923278336284783 
5 2 -0.00024148797581524661 
5 3 -0.0030683941972688977 
5 4 0.0019244775064324315 
5 6 0.009232783362847607 
5 7 0.006431343123169508 
5 8 -0.00024148797581524661 
6 0 0.015915530399262856 
6 1 -0.022122234349376324 
6 2 -0.007750070743474113 
6 3 0.015915530399262856 
6 4 0.007597273245539382 
6 5 0.00923278336284783 
6 7 -0.015256832334041182 
6 8 -0.007750070743474113 
7 0 0.01678929605871815 
7 1 -0.015256832334041182 
7 2 -0.01709588545985752 
7 3 0.01678929605871815 
7 4 0.010145551235089423 
7 5 0.006431343123169508 
7 6 -0.015256832334041182 
7 8 -0.01709588545985752 
8 0 0.014786254569502555 
8 1 -0.007750070743474113 
8 2 -0.03085182458631852 
8 3 0.014786254569502555 
8 4 0.010537223356836378 
8 5 -0.00024148797581524661 
8 6 -0.007750070743474113 
8 7 -0.01709588545985752 
