12 24 12 
K 
0 3 134.92557115253808 
1 4 254.13587518077813 
2 5 350.097707534246 
3 0 127.58562008184002 
3 6 633.0745847889272 
4 1 65.0587840462792 
4 9 588.867088291459 
5 2 42.15176398712322 
5 11 632.5910502293891 
6 3 633.0745847889272 
6 7 408.00663662017 
6 8 380.2014639373644 
7 6 408.00663662017 
7 9 214.7098088740663 
8 6 380.2014639373644 
8 11 207.323629421533 
9 4 588.867088291459 
9 7 214.7098088740663 
9 10 500.3567513713354 
10 9 500.3567513713354 
10 11 359.9772775347718 
11 5 632.5910502293891 
11 8 207.323629421533 
11 10 359.97727753477176 
P 
0 1.0 5.661245644793789 5.661245644793789 
1 1.0 48.007462737669016 48.007462737669016 
2 1.0 53.22964296780048 53.22964296780048 
3 0.0 -0.0 -0.0 
4 0.0 -0.0 -0.0 
5 0.0 -0.0 -0.0 
6 0.0 -119.03686746979481 -119.03686746979481 
7 0.0 -95.91360348375304 -95.91360348375304 
8 0.0 -120.13256967488941 -120.13256967488941 
9 0.0 -102.83192774025713 -102.83192774025713 
10 0.0 -107.04009142639983 -107.04009142639983 
11 0.0 -90.64771716353711 -90.64771716353711 
Alfa 
0 1.0575296108291032 
1 3.90625 
2 8.305647840531561 
3 0.0 
4 0.0 
5 0.0 
6 0.0 
7 0.0 
8 0.0 
9 0.0 
10 0.0 
11 0.0 
Gamma 
6 7 0.11710874456686438 
6 8 0.18272156076209756 
7 6 0.11710874456686438 
7 9 0.19620081728811645 
8 6 0.18272156076209756 
8 11 0.22550963518842404 
9 7 0.19620081728811645 
9 10 0.11751164543144554 
10 9 0.11751164543144554 
10 11 0.11751164543144554 
11 8 0.22550963518842404 
11 10 0.11751164543144554 
