3 6 6 
K 
0 1 70.43207466783929 
0 2 47.094372678989515 
1 0 260.15847580433126 
1 2 97.51019420293697 
2 0 369.8707541964492 
2 1 207.3306454813278 
P 
0 1.0 -27.459887318039158 -27.459887318039158 
1 1.0 9.865360612620425 9.865360612620425 
2 1.0 16.354121193756935 16.354121193756935 
Alfa 
0 1.0575296108291032 
1 3.90625 
2 8.305647840531561 
Gamma 
0 1 -0.2500457914602825 
0 2 -0.2505105973188375 
1 0 -0.2500457914602825 
1 2 -0.2568842264261517 
2 0 -0.2505105973188373 
2 1 -0.2568842264261515 
