3 6 6 
K 
0 1 31.155131232782747 
0 2 21.833223897782716 
1 0 115.07926599109123 
1 2 53.426928068418015 
2 0 171.47422356929675 
2 1 113.59878393284892 
P 
0 1.0 -5.371473525381995 -5.371473525381995 
1 1.0 32.18981727266026 32.18981727266026 
2 1.0 35.95762528110882 35.95762528110882 
Alfa 
0 1.0575296108291032 
1 3.90625 
2 8.305647840531561 
Gamma 
0 1 -0.15315233806079043 
0 2 -0.150197773430784 
1 0 -0.15315233806079043 
1 2 -0.17070941098979175 
2 0 -0.15019777343078422 
2 1 -0.17070941098979198 
