3 6 6 
K 
0 1 108.22780986343503 
0 2 71.92288749642314 
1 0 399.7664726830631 
1 2 145.30433194422335 
2 0 564.8694552875224 
2 1 308.9527323730994 
P 
0 1.0 -68.05268885002305 -68.05268885002305 
1 1.0 -33.26834115747964 -33.26834115747964 
2 1.0 -23.784447884010582 -23.784447884010582 
Alfa 
0 1.0575296108291032 
1 3.90625 
2 8.305647840531561 
Gamma 
0 1 -0.37272129848675495 
0 2 -0.3735317727591503 
1 0 -0.3727212984867547 
1 2 -0.37715256508025363 
2 0 -0.37353177275915006 
2 1 -0.37715256508025363 
