12 24 12 
K 
0 3 134.92557115253808 
1 4 254.13587518077813 
2 5 350.097707534246 
3 0 127.58562008184002 
3 6 852.7127060422278 
4 1 65.0587840462792 
4 9 793.1679148415565 
5 2 42.15176398712322 
5 11 852.0614145946868 
6 3 852.7127060422278 
6 7 549.5599595292081 
6 8 512.1080942829802 
7 6 549.5599595292081 
7 9 289.2009670548647 
8 6 512.1080942829802 
8 11 279.25223554737073 
9 4 793.1679148415565 
9 7 289.2009670548647 
9 10 673.9499100103696 
10 9 673.9499100103698 
10 11 484.86735341418205 
11 5 852.0614145946868 
11 8 279.25223554737073 
11 10 484.86735341418205 
P 
0 1.0 5.661245644793789 5.661245644793789 
1 1.0 48.007462737669016 48.007462737669016 
2 1.0 53.22964296780048 53.22964296780048 
3 0.0 -0.0 -0.0 
4 0.0 -0.0 -0.0 
5 0.0 -0.0 -0.0 
6 0.0 -160.33537251033576 -160.33537251033576 
7 0.0 -125.9199307060126 -125.9199307060126 
8 0.0 -159.45694523067093 -159.45694523067093 
9 0.0 -138.50831083381559 -138.50831083381559 
10 0.0 -141.56059293624324 -141.56059293624324 
11 0.0 -122.09692515904986 -122.09692515904986 
Alfa 
0 1.0575296108291032 
1 3.90625 
2 8.305647840531561 
3 0.0 
4 0.0 
5 0.0 
6 0.0 
7 0.0 
8 0.0 
9 0.0 
10 0.0 
11 0.0 
Gamma 
6 7 0.11710874456686438 
6 8 0.18272156076209756 
7 6 0.11710874456686438 
7 9 0.19620081728811645 
8 6 0.18272156076209756 
8 11 0.22550963518842404 
9 7 0.19620081728811645 
9 10 0.11751164543144554 
10 9 0.11751164543144554 
10 11 0.11751164543144554 
11 8 0.22550963518842404 
11 10 0.11751164543144554 
