9 72 72 
K 
0 1 9.223879631534572 
0 2 7.106713398305847 
0 3 3.6133477873777573 
0 4 12.965031726729917 
0 5 9.300532004393416 
0 6 1.3730310321139438 
0 7 6.036711733357944 
0 8 1.5061824479624835 
1 0 34.07070538898085 
1 2 22.21348952536443 
1 3 3.0471740111880137 
1 4 24.26725924798135 
1 5 11.692353740514246 
1 6 9.72653917207864 
1 7 32.29967345634781 
1 8 4.707881992128494 
2 0 55.81485207174425 
2 1 47.23133985459545 
2 3 4.99190036512508 
2 4 25.935476935757602 
2 5 29.314786991472705 
2 6 7.03067449915221 
2 7 46.9148724909967 
2 8 16.853123022182398 
3 0 854.1954169361019 
3 1 195.01913671603276 
3 2 150.25620099026497 
3 4 274.117767777309 
3 5 196.63978661383283 
3 6 29.02979410656473 
3 7 127.63331243158791 
3 8 31.844994999096276 
4 0 61.298670003979076 
4 1 31.06209183741612 
4 2 15.613157115326079 
4 3 5.48235535554618 
4 5 15.257436170784182 
4 6 4.62378280277385 
4 7 17.234605663136513 
4 8 3.309020905499114 
5 0 61.073493495516786 
5 1 20.786406649803094 
5 2 24.510419123425788 
5 3 5.46221629482869 
5 4 21.19088357053358 
5 6 3.094184065319489 
5 7 16.75631144096836 
5 8 5.194688600318191 
6 0 324.58453599173623 
6 1 622.4985070130328 
6 2 211.62330242448158 
6 3 29.02979410656472 
6 4 231.18914013869244 
6 5 111.39062635150162 
6 7 307.7122824966219 
6 8 44.85101422094707 
7 0 35.67696634414545 
7 1 51.6794775301565 
7 2 35.30344154947501 
7 3 3.190832810789698 
7 4 21.543257078920654 
7 5 15.080680296871527 
7 6 7.692807062415554 
7 8 7.482139919581481 
8 0 356.0615306983311 
8 1 301.3044474962236 
8 2 507.27900296769013 
8 3 31.844994999096276 
8 4 165.45104527495573 
8 5 187.0087896114549 
8 6 44.85101422094708 
8 7 299.2855967832592 
P 
0 1.0 4.023709019806102 4.023709019806102 
1 1.0 44.52305353234014 44.52305353234014 
2 1.0 47.805173159000574 47.805173159000574 
3 0.0 -3.096497654315313 -3.096497654315313 
4 0.0 -50.10586891311739 -50.10586891311739 
5 0.0 -50.31506723181727 -50.31506723181727 
6 0.0 -4.941315433458197 -4.941315433458197 
7 0.0 -50.00129900111573 -50.00129900111573 
8 0.0 -7.334007567233879 -7.334007567233879 
Alfa 
0 1.0575296108291032 
1 3.90625 
2 8.305647840531561 
3 250.0 
4 5.0 
5 6.944444444444445 
6 250.0 
7 6.25 
8 250.0 
Gamma 
0 1 0.0784473201107978 
0 2 0.08242188464421041 
0 3 -0.04054304581870971 
0 4 -0.014307563024819947 
0 5 -0.005467473763613784 
0 6 0.07844732011079758 
0 7 0.09180343730897 
0 8 0.08242188464421041 
1 0 0.07844732011079758 
1 2 0.0010709989664920982 
1 3 0.07844732011079758 
1 4 0.03948877359164604 
1 5 0.0681772731915602 
1 6 -0.05335112514858431 
1 7 -0.027829592853715113 
1 8 0.0010709989664923203 
2 0 0.08242188464421041 
2 1 0.0010709989664923203 
2 3 0.08242188464421041 
2 4 0.07532268329322145 
2 5 0.018563389225765725 
2 6 0.0010709989664920982 
2 7 -0.030973162544284394 
2 8 -0.068268928656672 
3 0 -0.04054304581870971 
3 1 0.0784473201107978 
3 2 0.08242188464421041 
3 4 -0.014307563024819947 
3 5 -0.005467473763613784 
3 6 0.07844732011079758 
3 7 0.09180343730897 
3 8 0.08242188464421041 
4 0 -0.014307563024819947 
4 1 0.03948877359164604 
4 2 0.07532268329322145 
4 3 -0.014307563024819947 
4 5 0.0229049226286846 
4 6 0.03948877359164582 
4 7 0.0631690146992323 
4 8 0.07532268329322145 
5 0 -0.005467473763613784 
5 1 0.0681772731915602 
5 2 0.018563389225765725 
5 3 -0.005467473763613562 
5 4 0.0229049226286846 
5 6 0.06817727319156042 
5 7 0.05282863890177758 
5 8 0.018563389225765725 
6 0 0.07844732011079758 
6 1 -0.05335112514858431 
6 2 0.0010709989664920982 
6 3 0.07844732011079758 
6 4 0.03948877359164604 
6 5 0.0681772731915602 
6 7 -0.027829592853715113 
6 8 0.0010709989664923203 
7 0 0.09180343730897 
7 1 -0.027829592853715113 
7 2 -0.030973162544284394 
7 3 0.09180343730897 
7 4 0.0631690146992323 
7 5 0.05282863890177758 
7 6 -0.027829592853715113 
7 8 -0.030973162544284394 
8 0 0.08242188464421041 
8 1 0.0010709989664923203 
8 2 -0.068268928656672 
8 3 0.08242188464421041 
8 4 0.07532268329322145 
8 5 0.018563389225765725 
8 6 0.0010709989664920982 
8 7 -0.030973162544284394 
