12 24 12 
K 
0 3 134.92557115253808 
1 4 254.13587518077813 
2 5 350.097707534246 
3 0 127.58562008184002 
3 6 1524.5469592876177 
4 1 65.0587840462792 
4 9 1418.0880901712662 
5 2 42.15176398712322 
5 11 1523.3825291238325 
6 3 1524.5469592876177 
6 7 982.5465943097953 
6 8 915.5871988695696 
7 6 982.546594309795 
7 9 517.0562744314241 
8 6 915.5871988695696 
8 11 499.26914840287446 
9 4 1418.0880901712662 
9 7 517.0562744314241 
9 10 1204.9407482003564 
10 9 1204.9407482003564 
10 11 866.8840561041426 
11 5 1523.3825291238325 
11 8 499.26914840287446 
11 10 866.8840561041426 
P 
0 1.0 5.661245644793789 5.661245644793789 
1 1.0 48.007462737669016 48.007462737669016 
2 1.0 53.22964296780048 53.22964296780048 
3 0.0 -0.0 -0.0 
4 0.0 -0.0 -0.0 
5 0.0 -0.0 -0.0 
6 0.0 -286.66021145787266 -286.66021145787266 
7 0.0 -217.70399044468883 -217.70399044468883 
8 0.0 -279.74327046012036 -279.74327046012036 
9 0.0 -247.63607088470033 -247.63607088470033 
10 0.0 -247.15271520164666 -247.15271520164666 
11 0.0 -218.29450255708892 -218.29450255708892 
Alfa 
0 1.0575296108291032 
1 3.90625 
2 8.305647840531561 
3 0.0 
4 0.0 
5 0.0 
6 0.0 
7 0.0 
8 0.0 
9 0.0 
10 0.0 
11 0.0 
Gamma 
6 7 0.11710874456686438 
6 8 0.18272156076209756 
7 6 0.11710874456686438 
7 9 0.19620081728811667 
8 6 0.18272156076209756 
8 11 0.22550963518842404 
9 7 0.19620081728811667 
9 10 0.11751164543144554 
10 9 0.11751164543144554 
10 11 0.11751164543144554 
11 8 0.22550963518842404 
11 10 0.11751164543144554 
