9 72 72 
K 
0 1 38.47550780055047 
0 2 25.69360226479504 
0 3 4.989931509453871 
0 4 25.653895970775025 
0 5 17.581487668024046 
0 6 4.5922414382710155 
0 7 21.624022780989492 
0 8 4.708895999979148 
1 0 142.1189069382833 
1 2 52.83115210158717 
1 3 8.80631042953465 
1 4 49.46695353005324 
1 5 32.740207638551205 
1 6 10.41607409995969 
1 7 47.11696339470967 
1 8 9.682425930065994 
2 0 201.79294270423748 
2 1 112.33201775752755 
2 3 12.5039752572437 
2 4 67.7391744571827 
2 5 48.322551344640985 
2 6 13.407379818475928 
2 7 65.98412095791572 
2 8 15.223696786775456 
3 0 1179.6198088348956 
3 1 563.6038674902176 
3 2 376.3696552430354 
3 4 375.7880223510307 
3 5 257.5403162265256 
3 6 67.2688986582096 
3 7 316.7569076213176 
3 8 68.9776990327206 
4 0 121.29162014982425 
4 1 63.31770051846814 
4 2 40.77898302322397 
4 3 7.51576044702061 
4 5 26.95634870405714 
4 6 7.557279545321128 
4 7 35.05291911948818 
4 8 7.473611059371973 
5 0 115.45176902002463 
5 1 58.20481357964663 
5 2 40.40302209649148 
5 3 7.1538976729590456 
5 4 37.43937320007937 
5 6 6.947031296191717 
5 7 33.25582477048957 
5 8 7.4047082684828665 
6 0 1085.605876007268 
6 1 666.6287423974201 
6 2 403.56213253612526 
6 3 67.2688986582096 
6 4 377.86397726605634 
6 5 250.0931266629017 
6 7 359.9130715459893 
6 8 73.96129558081545 
7 0 127.79797463564798 
7 1 75.38714143153544 
7 2 49.65305102083156 
7 3 7.918922690532943 
7 4 43.81614889936023 
7 5 29.930242293440614 
7 6 8.997826788649732 
7 8 9.099971694475803 
8 0 1113.1830143950704 
8 1 619.6752595242234 
8 2 458.233273281941 
8 3 68.97769903272055 
8 4 373.6805529685986 
8 5 266.5694976653831 
8 6 73.96129558081545 
8 7 363.99886777903214 
P 
0 1.0 5.189520387773221 5.189520387773221 
1 1.0 46.64964398112836 46.64964398112836 
2 1.0 51.364024498445836 51.364024498445836 
3 0.0 -0.4281745658521783 -0.4281745658521783 
4 0.0 -47.60295656220561 -47.60295656220561 
5 0.0 -47.690866748609366 -47.690866748609366 
6 0.0 -1.2379482297216815 -1.2379482297216815 
7 0.0 -47.932806115735175 -47.932806115735175 
8 0.0 -1.886155662373083 -1.886155662373083 
Alfa 
0 1.0575296108291032 
1 3.90625 
2 8.305647840531561 
3 250.0 
4 5.0 
5 6.944444444444445 
6 250.0 
7 6.25 
8 250.0 
Gamma 
0 1 0.009684418335122125 
0 2 0.008330926201234101 
0 3 -0.005857862331970498 
0 4 -0.0013432384751441706 
0 5 -0.001956622224868587 
0 6 0.009684418335122125 
0 7 0.009832482420492061 
0 8 0.00833092620123388 
1 0 0.009684418335122125 
1 2 -0.006885184040465342 
1 3 0.009684418335122125 
1 4 0.004138181307273392 
1 5 0.004273888895716338 
1 6 -0.015559499369228957 
1 7 -0.011395230704563719 
1 8 -0.006885184040465342 
2 0 0.008330926201234101 
2 1 -0.006885184040465342 
2 3 0.008330926201234101 
2 4 0.0051294575236764395 
2 5 -0.0020133618953654953 
2 6 -0.006885184040465342 
2 7 -0.01311504844522493 
2 8 -0.0224612192383129 
3 0 -0.005857862331970498 
3 1 0.009684418335122125 
3 2 0.008330926201234101 
3 4 -0.0013432384751441706 
3 5 -0.001956622224868587 
3 6 0.009684418335122125 
3 7 0.009832482420492061 
3 8 0.00833092620123388 
4 0 -0.0013432384751441706 
4 1 0.004138181307273392 
4 2 0.0051294575236764395 
4 3 -0.0013432384751441706 
4 5 0.0005711015387250828 
4 6 0.004138181307273392 
4 7 0.005264719059718592 
4 8 0.0051294575236764395 
5 0 -0.001956622224868587 
5 1 0.004273888895716338 
5 2 -0.0020133618953654953 
5 3 -0.001956622224868587 
5 4 0.0005711015387250828 
5 6 0.00427388889571656 
5 7 0.002285221604772625 
5 8 -0.0020133618953654953 
6 0 0.009684418335122125 
6 1 -0.015559499369228957 
6 2 -0.006885184040465342 
6 3 0.009684418335122125 
6 4 0.004138181307273392 
6 5 0.004273888895716338 
6 7 -0.011395230704563719 
6 8 -0.006885184040465342 
7 0 0.009832482420492061 
7 1 -0.011395230704563719 
7 2 -0.01311504844522493 
7 3 0.009832482420492283 
7 4 0.005264719059718592 
7 5 0.0022852216047724028 
7 6 -0.011395230704563719 
7 8 -0.01311504844522493 
8 0 0.008330926201234101 
8 1 -0.006885184040465342 
8 2 -0.0224612192383129 
8 3 0.008330926201234101 
8 4 0.0051294575236764395 
8 5 -0.0020133618953654953 
8 6 -0.006885184040465342 
8 7 -0.01311504844522493 
