9 72 72 
K 
0 1 18.04712839624505 
0 2 12.692012670618638 
0 3 3.585193599910975 
0 4 15.878698050532359 
0 5 11.070697081240338 
0 6 2.3144369654236647 
0 7 10.689144427276613 
0 8 2.4357097958595597 
1 0 66.66158051363014 
1 2 31.231813730924337 
1 3 4.682456302351045 
1 4 30.111973298896157 
1 5 17.852527133267984 
1 6 8.451527628871053 
1 7 33.589021850255946 
1 8 5.993662047231913 
2 0 99.680790542666 
2 1 66.40651424515478 
2 3 7.001798371768361 
2 4 37.93722190779842 
2 5 31.904768597532875 
2 6 8.516240807922522 
2 7 47.47209459373701 
2 8 13.309004353164646 
3 0 847.5397670189544 
3 1 299.67720335046687 
3 2 210.75413099022757 
3 4 263.6698603873243 
3 5 183.83176911051183 
3 6 38.43182039273432 
3 7 177.49598927006988 
3 8 40.445586897270644 
4 0 75.074484382917 
4 1 38.543325822587086 
4 2 22.838207588494637 
4 3 5.273397207746488 
4 5 17.250110975269635 
4 6 4.9429524795049735 
4 7 21.292236358275048 
4 8 4.382854586329302 
5 0 72.69757750014487 
5 1 31.737826014698648 
5 2 26.675931521826094 
5 3 5.106438030847553 
5 4 23.95848746565227 
5 6 4.070187573214516 
5 7 20.364418073904073 
5 8 5.119347845578819 
6 0 547.1328986261543 
6 1 540.8977682477473 
6 2 256.33884831846785 
6 3 38.43182039273434 
6 4 247.1476239752486 
6 5 146.52675263572252 
6 7 275.6859160155996 
6 8 49.19369843949394 
7 0 63.172843565204786 
7 1 53.742434960409504 
7 2 35.722751181787096 
7 3 4.437399731751747 
7 4 26.615295447843803 
7 5 18.327976266513666 
7 6 6.892147900389991 
7 8 6.855512773790145 
8 0 575.8017957411997 
8 1 383.59437102284244 
8 2 400.6010310302558 
8 3 40.44558689727064 
8 4 219.14272931646502 
8 5 184.29652244083746 
8 6 49.19369843949397 
8 7 274.2205109516058 
P 
0 1.0 4.306720328194851 4.306720328194851 
1 1.0 45.3733646013049 45.3733646013049 
2 1.0 49.54586183363835 49.54586183363835 
3 0.0 -1.5799045591806609 -1.5799045591806609 
4 0.0 -48.57868932191333 -48.57868932191333 
5 0.0 -48.63532101084866 -48.63532101084866 
6 0.0 -2.7725949188199506 -2.7725949188199506 
7 0.0 -48.82175907741687 -48.82175907741687 
8 0.0 -4.083667808017907 -4.083667808017907 
Alfa 
0 1.0575296108291032 
1 3.90625 
2 8.305647840531561 
3 250.0 
4 5.0 
5 6.944444444444445 
6 250.0 
7 6.25 
8 250.0 
Gamma 
0 1 0.03905041528675968 
0 2 0.03912055879185128 
0 3 -0.02654138804180195 
0 4 -0.009765326065862556 
0 5 -0.006395886813231888 
0 6 0.03905041528675968 
0 7 0.043310446465285146 
0 8 0.03912055879185128 
1 0 0.03905041528675968 
1 2 -0.008423105369886441 
1 3 0.03905041528675968 
1 4 0.019719914211547174 
1 5 0.028708624234757174 
1 6 -0.03998063525812179 
1 7 -0.025190806347318295 
1 8 -0.008423105369886441 
2 0 0.03912055879185128 
2 1 -0.008423105369886441 
2 3 0.03912055879185128 
2 4 0.03193395669870647 
2 5 0.005893182937187547 
2 6 -0.008423105369886441 
2 7 -0.027701607064786193 
2 8 -0.053143204645928144 
3 0 -0.02654138804180195 
3 1 0.03905041528675968 
3 2 0.03912055879185128 
3 4 -0.009765326065862556 
3 5 -0.006395886813231888 
3 6 0.03905041528675968 
3 7 0.043310446465285146 
3 8 0.03912055879185128 
4 0 -0.009765326065862556 
4 1 0.019719914211547174 
4 2 0.03193395669870647 
4 3 -0.009765326065862334 
4 5 0.007529685045682966 
4 6 0.019719914211547174 
4 7 0.028665240751739818 
4 8 0.03193395669870647 
5 0 -0.006395886813231888 
5 1 0.028708624234757174 
5 2 0.005893182937187547 
5 3 -0.006395886813231888 
5 4 0.007529685045682966 
5 6 0.028708624234757174 
5 7 0.02218237631577602 
5 8 0.005893182937187547 
6 0 0.03905041528675968 
6 1 -0.03998063525812201 
6 2 -0.008423105369886441 
6 3 0.03905041528675968 
6 4 0.019719914211547174 
6 5 0.028708624234757174 
6 7 -0.025190806347318295 
6 8 -0.008423105369886441 
7 0 0.043310446465285146 
7 1 -0.025190806347318517 
7 2 -0.027701607064786193 
7 3 0.043310446465285146 
7 4 0.028665240751739818 
7 5 0.02218237631577602 
7 6 -0.025190806347318517 
7 8 -0.027701607064786193 
8 0 0.03912055879185128 
8 1 -0.008423105369886441 
8 2 -0.053143204645928144 
8 3 0.03912055879185128 
8 4 0.03193395669870647 
8 5 0.005893182937187547 
8 6 -0.008423105369886441 
8 7 -0.027701607064786193 
