3 6 6 
K 
0 1 24.730490163147895 
0 2 17.826067134591387 
1 0 91.34824804012753 
1 2 47.54619595811384 
2 0 140.00273324310317 
2 1 101.09490170495968 
P 
0 1.0 -3.9128935443645427 -3.9128935443645427 
1 1.0 33.06864645609145 33.06864645609145 
2 1.0 35.973070960216155 35.973070960216155 
Alfa 
0 1.0575296108291032 
1 3.90625 
2 8.305647840531561 
Gamma 
0 1 -0.15331274130935713 
0 2 -0.14757523471654954 
1 0 -0.15331274130935713 
1 2 -0.17208135399230318 
2 0 -0.14757523471654954 
2 1 -0.17208135399230318 
