12 24 12 
K 
0 3 134.92557115253808 
1 4 254.13587518077813 
2 5 350.097707534246 
3 0 127.58562008184002 
3 6 2403.0994443008253 
4 1 65.0587840462792 
4 9 2235.291396371661 
5 2 42.15176398712322 
5 11 2401.2639865850283 
6 3 2403.0994443008253 
6 7 1548.759885945951 
6 8 1443.2137202520364 
7 6 1548.759885945951 
7 9 815.0209071546191 
8 6 1443.2137202520364 
8 11 786.9835729062274 
9 4 2235.291396371661 
9 7 815.0209071546191 
9 10 1899.3133827564977 
10 9 1899.3133827564977 
10 11 1366.4443596217868 
11 5 2401.2639865850283 
11 8 786.9835729062274 
11 10 1366.4443596217868 
P 
0 1.0 5.661245644793789 5.661245644793789 
1 1.0 48.007462737669016 48.007462737669016 
2 1.0 53.22964296780048 53.22964296780048 
3 0.0 -0.0 -0.0 
4 0.0 -0.0 -0.0 
5 0.0 -0.0 -0.0 
6 0.0 -451.85423162003747 -451.85423162003747 
7 0.0 -337.7292993337278 -337.7292993337278 
8 0.0 -437.04077268324767 -437.04077268324767 
9 0.0 -390.3416032589352 -390.3416032589352 
10 0.0 -385.23472124102125 -385.23472124102125 
11 0.0 -344.0913345391408 -344.0913345391408 
Alfa 
0 1.0575296108291032 
1 3.90625 
2 8.305647840531561 
3 0.0 
4 0.0 
5 0.0 
6 0.0 
7 0.0 
8 0.0 
9 0.0 
10 0.0 
11 0.0 
Gamma 
6 7 0.11710874456686438 
6 8 0.18272156076209756 
7 6 0.11710874456686438 
7 9 0.19620081728811645 
8 6 0.18272156076209756 
8 11 0.22550963518842404 
9 7 0.19620081728811645 
9 10 0.11751164543144554 
10 9 0.11751164543144554 
10 11 0.11751164543144554 
11 8 0.22550963518842404 
11 10 0.11751164543144554 
