3 6 6 
K 
0 1 6.739291690919109 
0 2 5.746521959951153 
1 0 24.89325868333246 
1 2 22.601482871270154 
2 0 45.13215253596188 
2 1 48.05630909505948 
P 
0 1.0 0.060497502317497225 0.060497502317497225 
1 1.0 36.11262142885176 36.11262142885176 
2 1.0 35.867718663442155 35.867718663442155 
Alfa 
0 1.0575296108291032 
1 3.90625 
2 8.305647840531561 
Gamma 
0 1 -0.30409658938250206 
0 2 -0.26448931090822114 
1 0 -0.30409658938250206 
1 2 -0.26747999104796305 
2 0 -0.26448931090822114 
2 1 -0.26747999104796305 
