3 6 6 
K 
0 1 17.363297344191476 
0 2 13.139033376731703 
1 0 64.13567956510721 
1 2 39.923698429857204 
2 0 103.19161097207221 
2 1 84.88759799039406 
P 
0 1.0 -2.539417287507906 -2.539417287507906 
1 1.0 33.707578070224265 33.707578070224265 
2 1.0 35.307785721750875 35.307785721750875 
Alfa 
0 1.0575296108291032 
1 3.90625 
2 8.305647840531561 
Gamma 
0 1 -0.1719961926454543 
0 2 -0.15991764113966012 
1 0 -0.17199619264545452 
1 2 -0.18551730256744792 
2 0 -0.15991764113966034 
2 1 -0.18551730256744792 
