12 24 12 
K 
0 3 134.92557115253808 
1 4 254.13587518077813 
2 5 350.097707534246 
3 0 127.58562008184002 
3 6 1317.8287275198052 
4 1 65.0587840462792 
4 9 1225.8049593005862 
5 2 42.15176398712322 
5 11 1316.8221861917875 
6 3 1317.8287275198052 
6 7 849.3199374542302 
6 8 791.439782073696 
7 6 849.31993745423 
7 9 446.9469490847904 
8 6 791.439782073696 
8 11 431.5716367550272 
9 4 1225.8049593005862 
9 7 446.9469490847904 
9 10 1041.5589518342067 
10 9 1041.5589518342067 
10 11 749.3404552764624 
11 5 1316.8221861917875 
11 8 431.5716367550272 
11 10 749.3404552764625 
P 
0 1.0 5.661245644793789 5.661245644793789 
1 1.0 48.007462737669016 48.007462737669016 
2 1.0 53.22964296780048 53.22964296780048 
3 0.0 -0.0 -0.0 
4 0.0 -0.0 -0.0 
5 0.0 -0.0 -0.0 
6 0.0 -247.79103024324593 -247.79103024324593 
7 0.0 -189.4627412943269 -189.4627412943269 
8 0.0 -242.7320934664437 -242.7320934664437 
9 0.0 -214.05829856135117 -214.05829856135117 
10 0.0 -214.66283142767637 -214.66283142767637 
11 0.0 -188.69524797307693 -188.69524797307693 
Alfa 
0 1.0575296108291032 
1 3.90625 
2 8.305647840531561 
3 0.0 
4 0.0 
5 0.0 
6 0.0 
7 0.0 
8 0.0 
9 0.0 
10 0.0 
11 0.0 
Gamma 
6 7 0.11710874456686438 
6 8 0.18272156076209756 
7 6 0.11710874456686438 
7 9 0.19620081728811645 
8 6 0.18272156076209756 
8 11 0.22550963518842404 
9 7 0.19620081728811645 
9 10 0.11751164543144554 
10 9 0.11751164543144554 
10 11 0.11751164543144554 
11 8 0.22550963518842404 
11 10 0.11751164543144554 
