9 72 72 
K 
0 1 42.51677483274513 
0 2 28.32524118791151 
0 3 5.400844355366511 
0 4 27.98297118865515 
0 5 19.161643799637297 
0 6 5.058962122597833 
0 7 23.839786861660404 
0 8 5.181084674425267 
1 0 157.0463370384523 
1 2 57.70562240892777 
1 3 9.67753556026722 
1 4 54.010936951284044 
1 5 35.92358642644776 
1 6 11.193955856600319 
1 7 50.990228578034305 
1 8 10.555169289031971 
2 0 222.46136268512564 
2 1 122.69634000569367 
2 3 13.708551175209397 
2 4 74.23091777478538 
2 5 52.55974387967438 
2 6 14.599323187424192 
2 7 71.39585076349653 
2 8 16.29470374576136 
3 0 1276.7596056086431 
3 1 619.3622758571021 
3 2 412.6273903738027 
3 4 407.64137893406024 
3 5 279.13686679183655 
3 6 73.69633059076422 
3 7 347.2856232550902 
3 8 75.47534844738355 
4 0 132.3034877799615 
4 1 69.13399929764358 
4 2 44.68701250042079 
4 3 8.152827578681201 
4 5 29.365971480701806 
4 6 8.226077476627417 
4 7 38.27900677607524 
4 8 8.173882583234292 
5 0 125.82812761761818 
5 1 63.864153647018256 
5 2 43.945785854949946 
5 3 7.753801855328791 
5 4 40.786071500974714 
5 6 7.59903204236466 
5 7 36.30470726043844 
5 8 8.038301813148436 
6 0 1195.9386457821272 
6 1 716.4131748224204 
6 2 439.439627941468 
6 3 73.69633059076422 
6 4 411.3038738313707 
6 5 273.56515352512776 
6 7 388.3005873534282 
6 8 80.37968349707648 
7 0 140.89314035241296 
7 1 81.58436572485489 
7 2 53.725377699531116 
7 3 8.682140581377256 
7 4 47.848758470094054 
7 5 32.6742365343946 
7 6 9.707514683835706 
7 8 9.827126596385165 
8 0 1224.8084170341333 
8 1 675.5308344980461 
8 2 490.47058274741687 
8 3 75.47534844738355 
8 4 408.69412916171467 
8 5 289.3788652733438 
8 6 80.37968349707648 
8 7 393.08506385540664 
P 
0 1.0 5.262339112292318 5.262339112292318 
1 1.0 46.70658418023297 46.70658418023297 
2 1.0 51.42839433198434 51.42839433198434 
3 0.0 -0.35809029391313274 -0.35809029391313274 
4 0.0 -47.55908719638389 -47.55908719638389 
5 0.0 -47.65592025317396 -47.65592025317396 
6 0.0 -1.1787425436140588 -1.1787425436140588 
7 0.0 -47.90216697021778 -47.90216697021778 
8 0.0 -1.8139875726225128 -1.8139875726225128 
Alfa 
0 1.0575296108291032 
1 3.90625 
2 8.305647840531561 
3 250.0 
4 5.0 
5 6.944444444444445 
6 250.0 
7 6.25 
8 250.0 
Gamma 
0 1 0.008081755596550444 
0 2 0.0066776493819133975 
0 3 -0.0045514308680563165 
0 4 -0.0009050701401807082 
0 5 -0.0017180211045646487 
0 6 0.008081755596550444 
0 7 0.008059062632421066 
0 8 0.0066776493819133975 
1 0 0.008081755596550444 
1 2 -0.006674362136623646 
1 3 0.008081755596550444 
1 4 0.0032131365783916177 
1 5 0.0030029030871243645 
1 6 -0.013828278611206946 
1 7 -0.010393443876906217 
1 8 -0.006674362136623646 
2 0 0.0066776493819133975 
2 1 -0.006674362136623646 
2 3 0.0066776493819133975 
2 4 0.003750984695364945 
2 5 -0.0025161083752855973 
2 6 -0.006674362136623646 
2 7 -0.012091438794022746 
2 8 -0.020221057603319048 
3 0 -0.0045514308680563165 
3 1 0.008081755596550444 
3 2 0.0066776493819133975 
3 4 -0.0009050701401807082 
3 5 -0.0017180211045646487 
3 6 0.008081755596550444 
3 7 0.008059062632421066 
3 8 0.0066776493819133975 
4 0 -0.0009050701401807082 
4 1 0.0032131365783918397 
4 2 0.003750984695364945 
4 3 -0.0009050701401807082 
4 5 0.0001904081224073373 
4 6 0.0032131365783916177 
4 7 0.0040035148522417074 
4 8 0.003750984695364945 
5 0 -0.0017180211045646487 
5 1 0.0030029030871243645 
5 2 -0.0025161083752855973 
5 3 -0.0017180211045646487 
5 4 0.0001904081224073373 
5 6 0.0030029030871243645 
5 7 0.0012053679806842688 
5 8 -0.0025161083752855973 
6 0 0.008081755596550444 
6 1 -0.013828278611206946 
6 2 -0.006674362136623646 
6 3 0.008081755596550444 
6 4 0.0032131365783916177 
6 5 0.0030029030871243645 
6 7 -0.010393443876906217 
6 8 -0.006674362136623646 
7 0 0.008059062632421066 
7 1 -0.010393443876906217 
7 2 -0.012091438794022746 
7 3 0.008059062632421066 
7 4 0.0040035148522417074 
7 5 0.0012053679806842688 
7 6 -0.010393443876906217 
7 8 -0.012091438794022746 
8 0 0.0066776493819133975 
8 1 -0.006674362136623646 
8 2 -0.020221057603319048 
8 3 0.0066776493819133975 
8 4 0.003750984695364945 
8 5 -0.0025161083752855973 
8 6 -0.006674362136623646 
8 7 -0.012091438794022746 
