3 6 6 
K 
0 1 180.65096730797302 
0 2 119.63712947108853 
1 0 667.2795104938253 
1 2 238.30614336138075 
2 0 939.6085517264228 
2 1 506.6974476786834 
P 
0 1.0 -194.16895459124416 -194.16895459124416 
1 1.0 -166.3856468009385 -166.3856468009385 
2 1.0 -147.56165066169487 -147.56165066169487 
Alfa 
0 1.0575296108291032 
1 3.90625 
2 8.305647840531561 
Gamma 
0 1 -0.6336153206534612 
0 2 -0.6346105231933374 
1 0 -0.6336153206534614 
1 2 -0.636569476891108 
2 0 -0.6346105231933376 
2 1 -0.6365694768911079 
