3 6 6 
K 
0 1 22.354702696749992 
0 2 16.333406520631616 
1 0 82.5726830861203 
1 2 45.27222602360499 
2 0 128.2796445673526 
2 1 96.25988257510699 
P 
0 1.0 -3.457448885746328 -3.457448885746328 
1 1.0 33.28116114773597 33.28116114773597 
2 1.0 35.79844039809682 35.79844039809682 
Alfa 
0 1.0575296108291032 
1 3.90625 
2 8.305647840531561 
Gamma 
0 1 -0.15656181225693633 
0 2 -0.1492653824381862 
1 0 -0.1565618122569361 
1 2 -0.1747558418729689 
2 0 -0.1492653824381862 
2 1 -0.1747558418729689 
