12 24 12 
K 
0 3 134.92557115253808 
1 4 254.13587518077813 
2 5 350.097707534246 
3 0 127.58562008184002 
3 6 968.9917114116221 
4 1 65.0587840462792 
4 9 901.3271759563139 
5 2 42.15176398712322 
5 11 968.251607493962 
6 3 968.9917114116221 
6 7 624.4999540104634 
6 8 581.9410162306592 
7 6 624.4999540104636 
7 9 328.6374625623461 
8 6 581.9410162306592 
8 11 317.3320858492849 
9 4 901.3271759563139 
9 7 328.637462562346 
9 10 765.8521704663289 
10 9 765.8521704663289 
10 11 550.9856288797521 
11 5 968.251607493962 
11 8 317.3320858492849 
11 10 550.9856288797521 
P 
0 1.0 5.661245644793789 5.661245644793789 
1 1.0 48.007462737669016 48.007462737669016 
2 1.0 53.22964296780048 53.22964296780048 
3 0.0 -0.0 -0.0 
4 0.0 -0.0 -0.0 
5 0.0 -0.0 -0.0 
6 0.0 -182.1992869435633 -182.1992869435633 
7 0.0 -141.80563335309117 -141.80563335309117 
8 0.0 -180.27573228961413 -180.27573228961413 
9 0.0 -157.3958077656995 -157.3958077656995 
10 0.0 -159.83615255910152 -159.83615255910152 
11 0.0 -138.74650586255663 -138.74650586255663 
Alfa 
0 1.0575296108291032 
1 3.90625 
2 8.305647840531561 
3 0.0 
4 0.0 
5 0.0 
6 0.0 
7 0.0 
8 0.0 
9 0.0 
10 0.0 
11 0.0 
Gamma 
6 7 0.11710874456686438 
6 8 0.18272156076209756 
7 6 0.11710874456686438 
7 9 0.19620081728811645 
8 6 0.18272156076209756 
8 11 0.22550963518842404 
9 7 0.19620081728811645 
9 10 0.11751164543144554 
10 9 0.11751164543144554 
10 11 0.11751164543144554 
11 8 0.22550963518842404 
11 10 0.11751164543144554 
