9 72 72 
K 
0 1 23.809330207251133 
0 2 16.2851665182831 
0 3 3.783589618022029 
0 4 18.075557449097985 
0 5 12.489468690707769 
0 6 2.9347260981797754 
0 7 13.705061539734304 
0 8 3.046389356019766 
1 0 87.94571345303383 
1 2 36.57401455185025 
1 3 5.769277074316201 
1 4 34.54910929294671 
1 5 21.744861311660216 
1 6 8.412961354708083 
1 7 35.67855201015351 
1 8 6.841728545580459 
2 0 127.90077624325998 
2 1 77.76534655542909 
2 3 8.390346580809178 
2 4 45.56169533383093 
2 5 35.06453358966525 
2 6 9.585317607998402 
2 7 50.12421754880516 
2 8 12.763858969400879 
3 0 894.4405857004076 
3 1 369.233732756237 
3 2 252.54943208235622 
3 4 280.31471236211667 
3 5 193.68596699993438 
3 6 45.51156468559772 
3 7 212.5373114624159 
3 8 47.2432321094644 
4 0 85.46123561933524 
4 1 44.22285989497179 
4 2 27.42814059096623 
4 3 5.606294247242332 
4 5 19.264948429587985 
4 6 5.450887527713666 
4 7 24.449235170631308 
4 8 5.130853004046679 
5 0 82.0141777356477 
5 1 38.657531220729275 
5 2 29.317846140247887 
5 3 5.380165749998177 
5 4 26.756872818872203 
5 6 4.764907906990292 
5 7 23.27791095874645 
5 8 5.484351315831214 
6 0 693.7692496096987 
6 1 538.4295267013173 
6 2 288.51806000075203 
6 3 45.51156468559771 
6 4 272.5443763856834 
6 5 171.53668465165046 
6 7 281.45410712329533 
6 8 53.97171383043537 
7 0 80.99691369982976 
7 1 57.08568321624564 
7 2 37.718473705475894 
7 3 5.313432786560397 
7 4 30.561543963289143 
7 5 20.950119862871805 
7 6 7.036352678082384 
7 8 7.055817126135676 
8 0 720.1664437630726 
8 1 437.8706269171493 
8 2 384.1921549789664 
8 3 47.2432321094644 
8 4 256.5426502023338 
8 5 197.43664736992366 
8 6 53.971713830435355 
8 7 282.2326850454269 
P 
0 1.0 4.662030272462197 4.662030272462197 
1 1.0 45.97954154963636 45.97954154963636 
2 1.0 50.47176825457272 50.47176825457272 
3 0.0 -1.0165295777600918 -1.0165295777600918 
4 0.0 -48.061565801661125 -48.061565801661125 
5 0.0 -48.116787550626796 -48.116787550626796 
6 0.0 -1.9718407559007045 -1.9718407559007045 
7 0.0 -48.355207619754395 -48.355207619754395 
8 0.0 -2.904874938265302 -2.904874938265302 
Alfa 
0 1.0575296108291032 
1 3.90625 
2 8.305647840531561 
3 250.0 
4 5.0 
5 6.944444444444445 
6 250.0 
7 6.25 
8 250.0 
Gamma 
0 1 0.024201701157084088 
0 2 0.02343283626768855 
0 3 -0.017325410336528346 
0 4 -0.005834676842332298 
0 5 -0.0045129954194231825 
0 6 0.024201701157084088 
0 7 0.02616266518833643 
0 8 0.02343283626768855 
1 0 0.024201701157084088 
1 2 -0.008536354285821002 
1 3 0.024201701157084088 
1 4 0.0120291386402549 
1 5 0.015979604825979044 
1 6 -0.029715736058649078 
1 7 -0.019682031423750912 
1 8 -0.00853635428582078 
2 0 0.02343283626768855 
2 1 -0.008536354285821002 
2 3 0.02343283626768855 
2 4 0.01793192192063242 
2 5 0.0019585127853509743 
2 6 -0.008536354285821002 
2 7 -0.021739596977799147 
2 8 -0.040430029979620974 
3 0 -0.017325410336528346 
3 1 0.024201701157084088 
3 2 0.02343283626768855 
3 4 -0.005834676842332298 
3 5 -0.0045129954194231825 
3 6 0.024201701157084088 
3 7 0.02616266518833643 
3 8 0.02343283626768855 
4 0 -0.005834676842332298 
4 1 0.012029138640254677 
4 2 0.01793192192063242 
4 3 -0.005834676842332298 
4 5 0.003744678696077086 
4 6 0.0120291386402549 
4 7 0.016679057209221693 
4 8 0.01793192192063242 
5 0 -0.0045129954194234045 
5 1 0.015979604825979044 
5 2 0.0019585127853509743 
5 3 -0.0045129954194234045 
5 4 0.003744678696076864 
5 6 0.015979604825979044 
5 7 0.011965330541988894 
5 8 0.0019585127853509743 
6 0 0.024201701157084088 
6 1 -0.0297157360586493 
6 2 -0.008536354285821002 
6 3 0.024201701157084088 
6 4 0.0120291386402549 
6 5 0.015979604825979044 
6 7 -0.019682031423750912 
6 8 -0.00853635428582078 
7 0 0.02616266518833643 
7 1 -0.019682031423750912 
7 2 -0.021739596977799147 
7 3 0.02616266518833643 
7 4 0.016679057209221693 
7 5 0.011965330541988894 
7 6 -0.01968203142375069 
7 8 -0.021739596977799147 
8 0 0.02343283626768855 
8 1 -0.008536354285821002 
8 2 -0.040430029979620974 
8 3 0.02343283626768855 
8 4 0.01793192192063242 
8 5 0.0019585127853509743 
8 6 -0.008536354285821002 
8 7 -0.021739596977799147 
