3 6 6 
K 
0 1 37.050623289603635 
0 2 25.52779139109587 
1 0 136.85573977597352 
1 2 59.029865108495244 
2 0 200.4906938490055 
2 1 125.51200554630215 
P 
0 1.0 -7.1802705557004485 -7.1802705557004485 
1 1.0 30.731606102427193 30.731606102427193 
2 1.0 35.0828269910362 35.0828269910362 
Alfa 
0 1.0575296108291032 
1 3.90625 
2 8.305647840531561 
Gamma 
0 1 -0.160569904195075 
0 2 -0.15901720317523527 
1 0 -0.16056990419507478 
1 2 -0.1756501273497293 
2 0 -0.15901720317523527 
2 1 -0.1756501273497293 
