3 6 6 
K 
0 1 34.16968623788431 
0 2 23.71751879992737 
1 0 126.2142785411851 
1 2 56.23974350189518 
2 0 186.2731376844794 
2 1 119.57952106715257 
P 
0 1.0 -6.23014789065195 -6.23014789065195 
1 1.0 31.53527345595108 31.53527345595108 
2 1.0 35.62249949672954 35.62249949672954 
Alfa 
0 1.0575296108291032 
1 3.90625 
2 8.305647840531561 
Gamma 
0 1 -0.15624792647679464 
0 2 -0.15410871974035656 
1 0 -0.15624792647679464 
1 2 -0.17258218459363261 
2 0 -0.15410871974035656 
2 1 -0.17258218459363261 
