9 72 72 
K 
0 1 23.984290491964043 
0 2 16.395178831721232 
0 3 3.792916194375039 
0 4 18.150972049750983 
0 5 12.539127490227541 
0 6 2.9538903749588363 
0 7 13.797556127634708 
0 8 3.0653738260754286 
1 0 88.59197300469216 
1 2 36.74547141223141 
1 3 5.80341236660426 
1 4 34.69992941394286 
1 5 21.867092402827293 
1 6 8.422002713897774 
1 7 35.769541789833646 
1 8 6.870227366835729 
2 0 128.76479321657476 
2 1 78.1299059927844 
2 3 8.435021458397047 
2 4 45.8038432414868 
2 5 35.1849826339419 
2 6 9.622430873485714 
2 7 50.246825700719796 
2 8 12.766704735525046 
3 0 896.6453883502595 
3 1 371.4183914626728 
3 2 253.8941458977511 
3 4 281.0841890220278 
3 5 194.17970960308853 
3 6 45.7436592502862 
3 7 213.66761317200732 
3 8 47.47008113890973 
4 0 85.81779585122266 
4 1 44.41590964984688 
4 2 27.57391363137506 
4 3 5.621683780440557 
4 5 19.33807420089767 
4 6 5.470235946887092 
4 7 24.556605235500346 
4 8 5.1554395347335085 
5 0 82.34027051916087 
5 1 38.874830938359615 
5 2 29.41855492449031 
5 3 5.393880822308016 
5 4 26.858436390135648 
5 6 4.787800121727473 
5 7 23.377995316982112 
5 8 5.500328431429965 
6 0 698.2996846402691 
6 1 539.0081736894576 
6 2 289.63516929191996 
6 3 45.743659250286214 
6 4 273.51179734435465 
6 5 172.36080438218906 
6 7 281.9426964364463 
6 8 54.1525088668501 
7 0 81.54355671432113 
7 1 57.231266863733865 
7 2 37.81073633979165 
7 3 5.341690329300185 
7 4 30.695756544375435 
7 5 21.040195785283906 
7 6 7.04856741091116 
7 8 7.0693978217783355 
8 0 724.6543724842313 
8 1 439.69455147748675 
8 2 384.27781253930385 
8 3 47.47008113890975 
8 4 257.77197673667536 
8 5 198.01182353147877 
8 6 54.1525088668501 
8 7 282.7759128711334 
P 
0 1.0 4.671941145580634 4.671941145580634 
1 1.0 45.99473860191649 45.99473860191649 
2 1.0 50.493520805686536 50.493520805686536 
3 0.0 -1.0035882556803 -1.0035882556803 
4 0.0 -48.0503964933444 -48.0503964933444 
5 0.0 -48.10588665069829 -48.10588665069829 
6 0.0 -1.953886016114606 -1.953886016114606 
7 0.0 -48.344699639579154 -48.344699639579154 
8 0.0 -2.8789661114906666 -2.8789661114906666 
Alfa 
0 1.0575296108291032 
1 3.90625 
2 8.305647840531561 
3 250.0 
4 5.0 
5 6.944444444444445 
6 250.0 
7 6.25 
8 250.0 
Gamma 
0 1 0.02386774139526482 
0 2 0.023082953625757963 
0 3 -0.017087043605759522 
0 4 -0.005735160436174835 
0 5 -0.0044591349069111885 
0 6 0.02386774139526482 
0 7 0.025782302961200987 
0 8 0.023082953625757963 
1 0 0.02386774139526482 
1 2 -0.008515876668376166 
1 3 0.02386774139526482 
1 4 0.01185292151044437 
1 5 0.015703315510324556 
1 6 -0.02943737640244004 
1 7 -0.019522733940164905 
1 8 -0.008515876668376166 
2 0 0.023082953625757963 
2 1 -0.008515876668376166 
2 3 0.023082953625757963 
2 4 0.01762858827425129 
2 5 0.0018709054117482804 
2 6 -0.008515876668376166 
2 7 -0.02157061829598428 
2 8 -0.04008115655534539 
3 0 -0.017087043605759522 
3 1 0.02386774139526482 
3 2 0.023082953625757963 
3 4 -0.005735160436174835 
3 5 -0.0044591349069111885 
3 6 0.02386774139526482 
3 7 0.025782302961200987 
3 8 0.023082953625757963 
4 0 -0.005735160436174835 
4 1 0.01185292151044437 
4 2 0.01762858827425129 
4 3 -0.005735160436174835 
4 5 0.003668257907226913 
4 6 0.01185292151044437 
4 7 0.016413961839318647 
4 8 0.01762858827425129 
5 0 -0.0044591349069111885 
5 1 0.015703315510324778 
5 2 0.0018709054117482804 
5 3 -0.0044591349069111885 
5 4 0.003668257907226913 
5 6 0.015703315510324778 
5 7 0.01174057640513193 
5 8 0.0018709054117482804 
6 0 0.02386774139526482 
6 1 -0.02943737640244004 
6 2 -0.008515876668376166 
6 3 0.02386774139526482 
6 4 0.01185292151044437 
6 5 0.015703315510324556 
6 7 -0.019522733940164905 
6 8 -0.008515876668376166 
7 0 0.025782302961200987 
7 1 -0.019522733940165127 
7 2 -0.02157061829598428 
7 3 0.025782302961200987 
7 4 0.016413961839318647 
7 5 0.011740576405131709 
7 6 -0.019522733940165127 
7 8 -0.02157061829598428 
8 0 0.023082953625757963 
8 1 -0.008515876668376166 
8 2 -0.04008115655534539 
8 3 0.023082953625757963 
8 4 0.01762858827425129 
8 5 0.0018709054117482804 
8 6 -0.008515876668376166 
8 7 -0.02157061829598428 
