12 24 12 
K 
0 3 134.92557115253808 
1 4 254.13587518077813 
2 5 350.097707534246 
3 0 127.58562008184002 
3 6 1033.5911588390634 
4 1 65.0587840462792 
4 9 961.4156543534014 
5 2 42.15176398712322 
5 11 1032.8017146602258 
6 3 1033.5911588390634 
6 7 666.1332842778277 
6 8 620.7370839793697 
7 6 666.1332842778278 
7 9 350.54662673316915 
8 6 620.7370839793697 
8 11 338.48755823923716 
9 4 961.4156543534014 
9 7 350.54662673316915 
9 10 816.9089818307507 
10 9 816.9089818307507 
10 11 587.7180041384022 
11 5 1032.8017146602258 
11 8 338.48755823923716 
11 10 587.7180041384022 
P 
0 1.0 5.661245644793789 5.661245644793789 
1 1.0 48.007462737669016 48.007462737669016 
2 1.0 53.22964296780048 53.22964296780048 
3 0.0 -0.0 -0.0 
4 0.0 -0.0 -0.0 
5 0.0 -0.0 -0.0 
6 0.0 -194.34590607313413 -194.34590607313413 
7 0.0 -150.63102371257926 -150.63102371257926 
8 0.0 -191.84172510013812 -191.84172510013812 
9 0.0 -167.88886161674608 -167.88886161674608 
10 0.0 -169.98924123846723 -169.98924123846723 
11 0.0 -147.99627292006036 -147.99627292006036 
Alfa 
0 1.0575296108291032 
1 3.90625 
2 8.305647840531561 
3 0.0 
4 0.0 
5 0.0 
6 0.0 
7 0.0 
8 0.0 
9 0.0 
10 0.0 
11 0.0 
Gamma 
6 7 0.11710874456686438 
6 8 0.18272156076209756 
7 6 0.11710874456686438 
7 9 0.19620081728811645 
8 6 0.18272156076209756 
8 11 0.22550963518842404 
9 7 0.19620081728811645 
9 10 0.11751164543144554 
10 9 0.11751164543144554 
10 11 0.11751164543144554 
11 8 0.22550963518842404 
11 10 0.11751164543144554 
