3 6 6 
K 
0 1 141.37312007741662 
0 2 93.75305279254678 
1 0 522.1969622859575 
1 2 187.7977930964012 
2 0 736.3196571481084 
2 1 399.30427768005575 
P 
0 1.0 -117.95748138798025 -117.95748138798025 
1 1.0 -86.09501604629634 -86.09501604629634 
2 1.0 -72.94788923753357 -72.94788923753357 
Alfa 
0 1.0575296108291032 
1 3.90625 
2 8.305647840531561 
Gamma 
0 1 -0.48735369264484296 
0 2 -0.48827683850468606 
1 0 -0.48735369264484296 
1 2 -0.4909015663089904 
2 0 -0.48827683850468606 
2 1 -0.4909015663089906 
