9 72 72 
K 
0 1 41.18980302046203 
0 2 27.460191472641053 
0 3 5.264203551582161 
0 4 27.21279995345774 
0 5 18.638833967321087 
0 6 4.905484046265678 
0 7 23.11143894563916 
0 8 5.02571498141396 
1 0 152.1448349068316 
1 2 56.09562582228145 
1 3 9.390680439792455 
1 4 52.50921288264138 
1 5 34.874687829118216 
1 6 10.933672640321728 
1 7 49.70237635882468 
1 8 10.266520805862292 
2 0 215.66741741303474 
2 1 119.27309144936926 
2 3 13.311419999511276 
2 4 72.09042337553771 
2 5 51.15570030110177 
2 6 14.20478381416413 
2 7 69.59597649325644 
2 8 15.934744972932464 
3 0 1244.4577195940226 
3 1 601.0035481467169 
3 2 400.6737419852894 
3 4 397.0640335160181 
3 5 271.96064380576564 
3 6 71.57629075619006 
3 7 337.22076316327934 
3 8 73.33058947389011 
4 0 128.66211817994818 
4 1 67.21179248978092 
4 2 43.39843487207368 
4 3 7.941280670320362 
4 5 28.56839172884099 
4 6 8.004563061778907 
4 7 37.21292285834936 
4 8 7.942703696141473 
5 0 122.39500971874186 
5 1 61.9994450295435 
5 2 42.77184941842119 
5 3 7.5544623279379355 
5 4 39.678321845612494 
5 6 7.383800508069048 
5 7 35.29694937390472 
5 8 7.828027150470087 
6 0 1159.6564285372058 
6 1 699.7550489805908 
6 2 427.5639928063402 
6 3 71.57629075619009 
6 4 400.22815308894553 
6 5 265.8168182904856 
6 7 378.8342883501899 
6 8 78.25199493968884 
7 0 136.58860416872741 
7 1 79.5238021741195 
7 2 52.37097231117548 
7 3 8.430519079081986 
7 4 46.51615357293671 
7 5 31.767254436514236 
7 6 9.47085720875475 
7 8 9.584841402060922 
8 0 1188.0790216062594 
8 1 657.0573315751867 
8 2 479.63582368526704 
8 3 73.33058947389011 
8 4 397.1351848070737 
8 5 281.808977416923 
8 6 78.25199493968884 
8 7 383.3936560824369 
P 
0 1.0 5.2404044391577855 5.2404044391577855 
1 1.0 46.691059729553906 46.691059729553906 
2 1.0 51.4114678197154 51.4114678197154 
3 0.0 -0.37900542437317714 -0.37900542437317714 
4 0.0 -47.57174706534389 -47.57174706534389 
5 0.0 -47.66569901254833 -47.66569901254833 
6 0.0 -1.1949593868636572 -1.1949593868636572 
7 0.0 -47.91028658291994 -47.91028658291994 
8 0.0 -1.8331196002938723 -1.8331196002938723 
Alfa 
0 1.0575296108291032 
1 3.90625 
2 8.305647840531561 
3 250.0 
4 5.0 
5 6.944444444444445 
6 250.0 
7 6.25 
8 250.0 
Gamma 
0 1 0.008557201531866676 
0 2 0.007167768339872316 
0 3 -0.004934318663784687 
0 4 -0.0010299309763937003 
0 5 -0.0017843458336090912 
0 6 0.008557201531866676 
0 7 0.008584310977348908 
0 8 0.007167768339872316 
1 0 0.008557201531866676 
1 2 -0.006733942439581586 
1 3 0.008557201531866676 
1 4 0.0034899122694058704 
1 5 0.003380267725090036 
1 6 -0.014339362207631545 
1 7 -0.01068751478094887 
1 8 -0.006733942439581586 
2 0 0.007167768339872316 
2 1 -0.006733942439581586 
2 3 0.007167768339872316 
2 4 0.0041597709209775235 
2 5 -0.0023635365292808963 
2 6 -0.006733942439581586 
2 7 -0.0123915562801169 
2 8 -0.020884133656146053 
3 0 -0.004934318663784687 
3 1 0.008557201531866676 
3 2 0.007167768339872316 
3 4 -0.0010299309763937003 
3 5 -0.0017843458336090912 
3 6 0.008557201531866676 
3 7 0.008584310977348908 
3 8 0.007167768339872316 
4 0 -0.0010299309763937003 
4 1 0.0034899122694058704 
4 2 0.0041597709209775235 
4 3 -0.0010299309763937003 
4 5 0.0003063668879865755 
4 6 0.0034899122694058704 
4 7 0.004378385582243016 
4 8 0.0041597709209773015 
5 0 -0.0017843458336093132 
5 1 0.003380267725090036 
5 2 -0.0023635365292808963 
5 3 -0.0017843458336090912 
5 4 0.0003063668879865755 
5 6 0.003380267725090036 
5 7 0.0015270020063387069 
5 8 -0.0023635365292808963 
6 0 0.008557201531866676 
6 1 -0.014339362207631545 
6 2 -0.006733942439581586 
6 3 0.008557201531866676 
6 4 0.0034899122694058704 
6 5 0.003380267725090036 
6 7 -0.01068751478094887 
6 8 -0.006733942439581586 
7 0 0.008584310977348908 
7 1 -0.01068751478094887 
7 2 -0.0123915562801169 
7 3 0.008584310977348908 
7 4 0.004378385582242794 
7 5 0.0015270020063387069 
7 6 -0.01068751478094887 
7 8 -0.0123915562801169 
8 0 0.007167768339872316 
8 1 -0.006733942439581586 
8 2 -0.020884133656146053 
8 3 0.007167768339872316 
8 4 0.0041597709209775235 
8 5 -0.0023635365292808963 
8 6 -0.006733942439581586 
8 7 -0.0123915562801169 
