3 6 6 
K 
0 1 46.52524298155937 
0 2 31.557883792533072 
1 0 171.85261626313493 
1 2 69.00857494530626 
2 0 247.8499577592963 
2 1 146.7291958969967 
P 
0 1.0 -11.256637397562514 -11.256637397562514 
1 1.0 26.830176270569687 26.830176270569687 
2 1.0 31.867122349225262 31.867122349225262 
Alfa 
0 1.0575296108291032 
1 3.90625 
2 8.305647840531561 
Gamma 
0 1 -0.18102594603746347 
0 2 -0.18059708437639066 
1 0 -0.18102594603746347 
1 2 -0.1924781114733034 
2 0 -0.18059708437639066 
2 1 -0.1924781114733034 
