12 24 12 
K 
0 3 134.92557115253808 
1 4 254.13587518077813 
2 5 350.097707534246 
3 0 127.58562008184002 
3 6 788.1132586147863 
4 1 65.0587840462792 
4 9 733.0794364444689 
5 2 42.15176398712322 
5 11 787.5113074284228 
6 3 788.1132586147863 
6 7 507.92662926184386 
6 8 473.3120265342697 
7 6 507.92662926184386 
7 9 267.29180288404154 
8 6 473.3120265342697 
8 11 258.0967631574185 
9 4 733.0794364444689 
9 7 267.29180288404154 
9 10 622.8930986459478 
10 9 622.8930986459478 
10 11 448.1349781555319 
11 5 787.5113074284228 
11 8 258.0967631574185 
11 10 448.13497815553194 
P 
0 1.0 5.661245644793789 5.661245644793789 
1 1.0 48.007462737669016 48.007462737669016 
2 1.0 53.22964296780048 53.22964296780048 
3 0.0 -0.0 -0.0 
4 0.0 -0.0 -0.0 
5 0.0 -0.0 -0.0 
6 0.0 -148.18875338076487 -148.18875338076487 
7 0.0 -117.09454034652448 -117.09454034652448 
8 0.0 -147.89095242014696 -147.89095242014696 
9 0.0 -128.015256982769 -128.015256982769 
10 0.0 -131.40750425687753 -131.40750425687753 
11 0.0 -112.84715810154611 -112.84715810154611 
Alfa 
0 1.0575296108291032 
1 3.90625 
2 8.305647840531561 
3 0.0 
4 0.0 
5 0.0 
6 0.0 
7 0.0 
8 0.0 
9 0.0 
10 0.0 
11 0.0 
Gamma 
6 7 0.11710874456686438 
6 8 0.18272156076209756 
7 6 0.11710874456686438 
7 9 0.19620081728811645 
8 6 0.18272156076209756 
8 11 0.22550963518842404 
9 7 0.19620081728811645 
9 10 0.11751164543144554 
10 9 0.11751164543144554 
10 11 0.11751164543144554 
11 8 0.22550963518842404 
11 10 0.11751164543144554 
