3 6 6 
K 
0 1 62.580938068953294 
0 2 41.9634294537543 
1 0 231.15833999219618 
1 2 87.85486836060971 
2 0 329.5732466068943 
2 1 186.80104900594768 
P 
0 1.0 -21.277400578378227 -21.277400578378227 
1 1.0 16.41362894049385 16.41362894049385 
2 1.0 22.412421315461405 22.412421315461405 
Alfa 
0 1.0575296108291032 
1 3.90625 
2 8.305647840531561 
Gamma 
0 1 -0.22605622790407187 
0 2 -0.2263541842416379 
1 0 -0.22605622790407187 
1 2 -0.2339141053028171 
2 0 -0.2263541842416379 
2 1 -0.2339141053028171 
