3 6 6 
K 
0 1 11.697823647657765 
0 2 9.338229707840075 
1 0 43.20883609853587 
1 2 32.11205481240962 
2 0 73.34078082835194 
2 1 68.27812318917657 
P 
0 1.0 -1.3704564210566632 -1.3704564210566632 
1 1.0 34.51137853850093 34.51137853850093 
2 1.0 35.002089044536326 35.002089044536326 
Alfa 
0 1.0575296108291032 
1 3.90625 
2 8.305647840531561 
Gamma 
0 1 -0.21428725949761396 
0 2 -0.19240349646362875 
1 0 -0.21428725949761396 
1 2 -0.2121228902620047 
2 0 -0.19240349646362875 
2 1 -0.2121228902620047 
