12 24 12 
K 
0 3 134.92557115253808 
1 4 254.13587518077813 
2 5 350.097707534246 
3 0 127.58562008184002 
3 6 1989.6629807651955 
4 1 65.0587840462792 
4 9 1850.725134630296 
5 2 42.15176398712322 
5 11 1988.143300720933 
6 3 1989.6629807651955 
6 7 1282.3065722348172 
6 8 1194.9188866602856 
7 6 1282.3065722348172 
7 9 674.8022564613498 
8 6 1194.9188866602856 
8 11 651.5885496105309 
9 4 1850.725134630296 
9 7 674.8022564613499 
9 10 1572.5497900241935 
10 9 1572.5497900241935 
10 11 1131.3571579664233 
11 5 1988.143300720933 
11 8 651.5885496105309 
11 10 1131.3571579664233 
P 
0 1.0 5.661245644793789 5.661245644793789 
1 1.0 48.007462737669016 48.007462737669016 
2 1.0 53.22964296780048 53.22964296780048 
3 0.0 -0.0 -0.0 
4 0.0 -0.0 -0.0 
5 0.0 -0.0 -0.0 
6 0.0 -374.1158691907828 -374.1158691907828 
7 0.0 -281.2468010330032 -281.2468010330032 
8 0.0 -363.0184186958931 -363.0184186958931 
9 0.0 -323.18605861223597 -323.18605861223597 
10 0.0 -320.2549536930798 -320.2549536930798 
11 0.0 -284.89282537111603 -284.89282537111603 
Alfa 
0 1.0575296108291032 
1 3.90625 
2 8.305647840531561 
3 0.0 
4 0.0 
5 0.0 
6 0.0 
7 0.0 
8 0.0 
9 0.0 
10 0.0 
11 0.0 
Gamma 
6 7 0.11710874456686438 
6 8 0.18272156076209756 
7 6 0.11710874456686438 
7 9 0.19620081728811645 
8 6 0.18272156076209756 
8 11 0.22550963518842404 
9 7 0.19620081728811645 
9 10 0.11751164543144554 
10 9 0.11751164543144554 
10 11 0.11751164543144554 
11 8 0.22550963518842404 
11 10 0.11751164543144554 
