3 6 6 
K 
0 1 55.909487835425395 
0 2 37.62075074176278 
1 0 206.51567069210265 
1 2 79.82827686885351 
2 0 295.4666270881302 
2 1 169.7345421796221 
P 
0 1.0 -16.669231027637895 -16.669231027637895 
1 1.0 21.25841951222258 21.25841951222258 
2 1.0 26.86038688132394 26.86038688132394 
Alfa 
0 1.0575296108291032 
1 3.90625 
2 8.305647840531561 
Gamma 
0 1 -0.2064564469529726 
0 2 -0.2065425814117301 
1 0 -0.2064564469529726 
1 2 -0.21549374953433298 
2 0 -0.2065425814117301 
2 1 -0.21549374953433298 
