12 24 12 
K 
0 3 134.92557115253808 
1 4 254.13587518077813 
2 5 350.097707534246 
3 0 127.58562008184002 
3 6 2054.2624281926364 
4 1 65.0587840462792 
4 9 1910.8136130273833 
5 2 42.15176398712322 
5 11 2052.6934078871973 
6 3 2054.2624281926364 
6 7 1323.9399025021812 
6 8 1233.714954408996 
7 6 1323.9399025021812 
7 9 696.7114206321728 
8 6 1233.714954408996 
8 11 672.7440220004831 
9 4 1910.8136130273833 
9 7 696.7114206321728 
9 10 1623.606601388615 
10 9 1623.6066013886154 
10 11 1168.089533225073 
11 5 2052.6934078871973 
11 8 672.7440220004831 
11 10 1168.0895332250727 
P 
0 1.0 5.661245644793789 5.661245644793789 
1 1.0 48.007462737669016 48.007462737669016 
2 1.0 53.22964296780048 53.22964296780048 
3 0.0 -0.0 -0.0 
4 0.0 -0.0 -0.0 
5 0.0 -0.0 -0.0 
6 0.0 -386.26248832035367 -386.26248832035367 
7 0.0 -290.0721913924913 -290.0721913924913 
8 0.0 -374.5844115064171 -374.5844115064171 
9 0.0 -333.6791124632826 -333.6791124632826 
10 0.0 -330.4080423724455 -330.4080423724455 
11 0.0 -294.1425924286197 -294.1425924286197 
Alfa 
0 1.0575296108291032 
1 3.90625 
2 8.305647840531561 
3 0.0 
4 0.0 
5 0.0 
6 0.0 
7 0.0 
8 0.0 
9 0.0 
10 0.0 
11 0.0 
Gamma 
6 7 0.11710874456686438 
6 8 0.18272156076209756 
7 6 0.11710874456686438 
7 9 0.19620081728811645 
8 6 0.18272156076209756 
8 11 0.22550963518842404 
9 7 0.19620081728811645 
9 10 0.11751164543144554 
10 9 0.11751164543144554 
10 11 0.11751164543144554 
11 8 0.22550963518842404 
11 10 0.11751164543144554 
