3 6 6 
K 
0 1 139.10106886442864 
0 2 92.25605336205332 
1 0 513.8045731179831 
1 2 184.87898956780992 
2 0 724.5624921856946 
2 1 393.09818379866573 
P 
0 1.0 -114.11443908617233 -114.11443908617233 
1 1.0 -82.03511229274964 -82.03511229274964 
2 1.0 -69.17161758055765 -69.17161758055765 
Alfa 
0 1.0575296108291032 
1 3.90625 
2 8.305647840531561 
Gamma 
0 1 -0.47927372611959407 
0 2 -0.48019125685614705 
1 0 -0.47927372611959407 
1 2 -0.4828668992034466 
2 0 -0.48019125685614683 
2 1 -0.4828668992034466 
