9 72 72 
K 
0 1 43.625842499318615 
0 2 29.048829205126793 
0 3 5.516115991916999 
0 4 28.630050079872756 
0 5 19.60107382390229 
0 6 5.187379928627876 
0 7 24.449027471928993 
0 8 5.311143871145599 
1 0 161.1429557318582 
1 2 59.05717626046561 
1 3 9.917776279407722 
1 4 55.27210809186239 
1 5 36.802516953425055 
1 6 11.414521629902186 
1 7 52.07661691316948 
1 8 10.7977212275247 
2 0 228.1442931592019 
2 1 125.57007576976068 
2 3 14.041470498665038 
2 4 76.02550075109882 
2 5 53.74116253304272 
2 6 14.931051261520324 
2 7 72.91444504100916 
2 8 16.600696389256356 
3 0 1304.0098204891788 
3 1 634.7376818820939 
3 2 422.64826200981753 
3 4 416.5552016594412 
3 5 285.1873900562 
3 6 75.4741988304383 
3 7 355.7230790911653 
3 8 77.27491220291967 
4 0 135.36287677763843 
4 1 70.74829835758383 
4 2 45.767351452161485 
4 3 8.331104033188828 
4 5 30.03654842544745 
4 6 8.412406084545852 
4 7 39.174261448646405 
4 8 8.36787556728151 
5 0 128.71371811029175 
5 1 65.42669680608898 
5 2 44.933583117905165 
5 3 7.92187194600556 
5 4 41.717428368677005 
5 6 7.779635059509243 
5 7 37.1511241175717 
5 8 8.215433499920692 
6 0 1226.29661512763 
6 1 730.5293843137398 
6 2 449.4246429717616 
6 3 75.47419883043833 
6 4 420.6203042272926 
6 5 280.06686214233275 
6 7 396.30264170022616 
6 8 82.17057290694517 
7 0 144.4937523591004 
7 1 83.32258706107113 
7 2 54.868119893359406 
7 3 8.893076977279136 
7 4 48.96782681080801 
7 5 33.43601170581453 
7 6 9.907566042505653 
7 8 10.031814935986008 
8 0 1255.5544111388194 
8 1 691.0541585615805 
8 2 499.6809613166162 
8 3 77.27491220291964 
8 4 418.3937783640753 
8 5 295.7556059971449 
8 6 82.17057290694517 
8 7 401.2725974394403 
P 
0 1.0 5.279390985569691 5.279390985569691 
1 1.0 46.7175334937285 46.7175334937285 
2 1.0 51.43988128836079 51.43988128836079 
3 0.0 -0.34194127796002427 -0.34194127796002427 
4 0.0 -47.54960005452962 -47.54960005452962 
5 0.0 -47.648803925597775 -47.648803925597775 
6 0.0 -1.1672243072652912 -1.1672243072652912 
7 0.0 -47.89660591378878 -47.89660591378878 
8 0.0 -1.8008625489603844 -1.8008625489603844 
Alfa 
0 1.0575296108291032 
1 3.90625 
2 8.305647840531561 
3 250.0 
4 5.0 
5 6.944444444444445 
6 250.0 
7 6.25 
8 250.0 
Gamma 
0 1 0.007715929001167687 
0 2 0.006300741372550656 
0 3 -0.004260582706106408 
0 4 -0.0008126698148127609 
0 5 -0.0016702092509410793 
0 6 0.007715929001167687 
0 7 0.00765545611560059 
0 8 0.0063007413725504335 
1 0 0.007715929001167687 
1 2 -0.0066308960367438274 
1 3 0.007715929001167687 
1 4 0.002998596691829336 
1 5 0.0027122303050446384 
1 6 -0.013437716483369 
1 7 -0.010169941810753702 
1 8 -0.0066308960367438274 
2 0 0.006300741372550656 
2 1 -0.0066308960367438274 
2 3 0.006300741372550656 
2 4 0.0034364361075074346 
2 5 -0.002635851677853074 
2 6 -0.0066308960367438274 
2 7 -0.011863536211994985 
2 8 -0.019713169678314824 
3 0 -0.004260582706106186 
3 1 0.007715929001167687 
3 2 0.006300741372550656 
3 4 -0.0008126698148127609 
3 5 -0.0016702092509410793 
3 6 0.007715929001167687 
3 7 0.00765545611560059 
3 8 0.0063007413725504335 
4 0 -0.0008126698148127609 
4 1 0.002998596691829336 
4 2 0.0034364361075074346 
4 3 -0.0008126698148127609 
4 5 9.901010073032346e-05 
4 6 0.002998596691829336 
4 7 0.0037145337221915486 
4 8 0.0034364361075074346 
5 0 -0.0016702092509410793 
5 1 0.0027122303050446384 
5 2 -0.002635851677853074 
5 3 -0.0016702092509410793 
5 4 9.901010073032346e-05 
5 6 0.0027122303050446384 
5 7 0.0009569628822772014 
5 8 -0.002635851677853074 
6 0 0.007715929001167687 
6 1 -0.013437716483369 
6 2 -0.0066308960367438274 
6 3 0.007715929001167687 
6 4 0.002998596691829336 
6 5 0.0027122303050446384 
6 7 -0.010169941810753702 
6 8 -0.0066308960367438274 
7 0 0.00765545611560059 
7 1 -0.010169941810753702 
7 2 -0.011863536211994985 
7 3 0.00765545611560059 
7 4 0.0037145337221915486 
7 5 0.0009569628822769793 
7 6 -0.010169941810753702 
7 8 -0.011863536211994985 
8 0 0.006300741372550656 
8 1 -0.0066308960367438274 
8 2 -0.019713169678314824 
8 3 0.0063007413725504335 
8 4 0.0034364361075074346 
8 5 -0.002635851677853074 
8 6 -0.0066308960367438274 
8 7 -0.011863536211994985 
