12 24 12 
K 
0 3 134.92557115253808 
1 4 254.13587518077813 
2 5 350.097707534246 
3 0 127.58562008184002 
3 6 1395.348064432735 
4 1 65.0587840462792 
4 9 1297.9111333770911 
5 2 42.15176398712322 
5 11 1394.282314791304 
6 3 1395.348064432735 
6 7 899.279933775067 
6 8 837.9950633721487 
7 6 899.279933775067 
7 9 473.237946089778 
8 6 837.9950633721487 
8 11 456.95820362296996 
9 4 1297.9111333770911 
9 7 473.237946089778 
9 10 1102.827125471513 
10 9 1102.827125471513 
10 11 793.4193055868425 
11 5 1394.282314791304 
11 8 456.95820362296996 
11 10 793.4193055868425 
P 
0 1.0 5.661245644793789 5.661245644793789 
1 1.0 48.007462737669016 48.007462737669016 
2 1.0 53.22964296780048 53.22964296780048 
3 0.0 -0.0 -0.0 
4 0.0 -0.0 -0.0 
5 0.0 -0.0 -0.0 
6 0.0 -262.36697319873093 -262.36697319873093 
7 0.0 -200.05320972571263 -200.05320972571263 
8 0.0 -256.6112848390724 -256.6112848390724 
9 0.0 -226.6499631826071 -226.6499631826071 
10 0.0 -226.84653784291524 -226.84653784291524 
11 0.0 -199.7949684420814 -199.7949684420814 
Alfa 
0 1.0575296108291032 
1 3.90625 
2 8.305647840531561 
3 0.0 
4 0.0 
5 0.0 
6 0.0 
7 0.0 
8 0.0 
9 0.0 
10 0.0 
11 0.0 
Gamma 
6 7 0.11710874456686438 
6 8 0.18272156076209756 
7 6 0.11710874456686438 
7 9 0.19620081728811645 
8 6 0.18272156076209756 
8 11 0.22550963518842404 
9 7 0.19620081728811645 
9 10 0.11751164543144554 
10 9 0.11751164543144554 
10 11 0.11751164543144554 
11 8 0.22550963518842404 
11 10 0.11751164543144554 
