3 6 6 
K 
0 1 202.57808374833883 
0 2 134.08772773284284 
1 0 748.2727968454266 
1 2 266.5094731023214 
2 0 1053.1009580081081 
2 1 566.664660416896 
P 
0 1.0 -244.72807289779178 -244.72807289779178 
1 1.0 -219.45520050444554 -219.45520050444554 
2 1.0 -196.8156506516564 -196.8156506516564 
Alfa 
0 1.0575296108291032 
1 3.90625 
2 8.305647840531561 
Gamma 
0 1 -0.7223140785643565 
0 2 -0.7233368373853915 
1 0 -0.7223140785643567 
1 2 -0.7250349367284605 
2 0 -0.7233368373853915 
2 1 -0.7250349367284608 
