12 24 12 
K 
0 3 134.92557115253808 
1 4 254.13587518077813 
2 5 350.097707534246 
3 0 127.58562008184002 
3 6 1808.7845279683597 
4 1 65.0587840462792 
4 9 1682.477395118451 
5 2 42.15176398712322 
5 11 1807.403000655394 
6 3 1808.7845279683597 
6 7 1165.7332474861978 
6 8 1086.2898969638961 
7 6 1165.7332474861978 
7 9 613.4565967830454 
8 6 1086.2898969638964 
8 11 592.3532269186645 
9 4 1682.477395118451 
9 7 613.4565967830454 
9 10 1429.590718203813 
10 9 1429.590718203813 
10 11 1028.5065072422028 
11 5 1807.403000655394 
11 8 592.3532269186645 
11 10 1028.5065072422033 
P 
0 1.0 5.661245644793789 5.661245644793789 
1 1.0 48.007462737669016 48.007462737669016 
2 1.0 53.22964296780048 53.22964296780048 
3 0.0 -0.0 -0.0 
4 0.0 -0.0 -0.0 
5 0.0 -0.0 -0.0 
6 0.0 -340.10533562798446 -340.10533562798446 
7 0.0 -256.53570802643645 -256.53570802643645 
8 0.0 -330.6336388264259 -330.6336388264259 
9 0.0 -293.80550782930544 -293.80550782930544 
10 0.0 -291.8263053908558 -291.8263053908558 
11 0.0 -258.99347761010546 -258.99347761010546 
Alfa 
0 1.0575296108291032 
1 3.90625 
2 8.305647840531561 
3 0.0 
4 0.0 
5 0.0 
6 0.0 
7 0.0 
8 0.0 
9 0.0 
10 0.0 
11 0.0 
Gamma 
6 7 0.11710874456686438 
6 8 0.18272156076209756 
7 6 0.11710874456686438 
7 9 0.19620081728811645 
8 6 0.18272156076209756 
8 11 0.22550963518842404 
9 7 0.19620081728811645 
9 10 0.11751164543144554 
10 9 0.11751164543144554 
10 11 0.11751164543144554 
11 8 0.22550963518842404 
11 10 0.11751164543144554 
