3 6 6 
K 
0 1 219.0434114339218 
0 2 144.93770543859537 
1 0 809.091600984049 
1 2 287.6760485414295 
2 0 1138.3147364014599 
2 1 611.6700035432385 
P 
0 1.0 -286.45352982725285 -286.45352982725285 
1 1.0 -263.1496640520196 -263.1496640520196 
2 1.0 -237.33398435435765 -237.33398435435765 
Alfa 
0 1.0575296108291032 
1 3.90625 
2 8.305647840531561 
Gamma 
0 1 -0.79364339795101 
0 2 -0.7946835586013111 
1 0 -0.7936433979510097 
1 2 -0.7962150954547357 
2 0 -0.7946835586013112 
2 1 -0.7962150954547358 
