9 72 72 
K 
0 1 21.284008494150015 
0 2 14.704342448433074 
0 3 3.670222215258737 
0 4 17.045561093179728 
0 5 11.816548712988064 
0 6 2.6603917319190464 
0 7 12.376771983182973 
0 8 2.7754677431236283 
1 0 78.61780637526665 
1 2 34.170765006650704 
1 3 5.284410496994257 
1 4 32.47952124398171 
1 5 20.01063447553736 
1 6 8.34697874818433 
1 7 34.54735224295987 
1 8 6.4497855899651615 
2 0 115.48526760164711 
2 1 72.65544719022076 
2 3 7.762510663924193 
2 4 42.144036802339585 
2 5 33.48412805281347 
2 6 9.081557688575025 
2 7 48.628649855875985 
2 8 12.842806014807419 
3 0 867.6405316871657 
3 1 338.2022718076324 
3 2 233.6515709841182 
3 4 270.85346670170986 
3 5 187.76461307824312 
3 6 42.27354672784323 
3 7 196.66654443912816 
3 8 44.10210117662797 
4 0 80.59141284855374 
4 1 41.573787192296614 
4 2 25.370710155008435 
4 3 5.417069334034196 
4 5 18.286838579296838 
4 6 5.196509846411089 
4 7 22.975774833406035 
4 8 4.788761408563947 
5 0 77.59533654862166 
5 1 35.57446128984421 
5 2 27.996451510824595 
5 3 5.215683696617866 
5 4 25.39838691569005 
5 6 4.446624925421747 
5 7 21.909817639943885 
5 8 5.284374215488888 
6 0 628.9166054256627 
6 1 534.2066398837972 
6 2 273.3548864261082 
6 3 42.27354672784323 
6 4 259.82549232055425 
6 5 160.07849731518291 
6 7 276.36746051365884 
6 8 51.596164354954475 
7 0 73.14672242061137 
7 1 55.27576358873581 
7 2 36.593059016546675 
7 3 4.916663610978204 
7 4 28.71971854175753 
7 5 19.718835875949495 
7 6 6.909186512841471 
7 8 6.906997390656345 
8 0 656.120574474426 
8 1 412.7862777577705 
8 2 386.56846104570326 
8 3 44.10210117662797 
8 4 239.43807042819728 
8 5 190.2374717575999 
8 6 51.596164354954475 
8 7 276.27989562625385 
P 
0 1.0 4.510382116267468 4.510382116267468 
1 1.0 45.73650300125341 45.73650300125341 
2 1.0 50.11494833975319 50.11494833975319 
3 0.0 -1.2291999927504336 -1.2291999927504336 
4 0.0 -48.2500729558623 -48.2500729558623 
5 0.0 -48.3028590097643 -48.3028590097643 
6 0.0 -2.270773095944911 -2.270773095944911 
7 0.0 -48.53005709417588 -48.53005709417588 
8 0.0 -3.3401280847332853 -3.3401280847332853 
Alfa 
0 1.0575296108291032 
1 3.90625 
2 8.305647840531561 
3 250.0 
4 5.0 
5 6.944444444444445 
6 250.0 
7 6.25 
8 250.0 
Gamma 
0 1 0.029745987577962874 
0 2 0.029259566298428963 
0 3 -0.021078478180840854 
0 4 -0.007421086406839805 
0 5 -0.005338059212318225 
0 6 0.029745987577962874 
0 7 0.032510082863093315 
0 8 0.029259566298428963 
1 0 0.02974598757796265 
1 2 -0.008729111777282972 
1 3 0.029745987577962874 
1 4 0.014931405560341116 
1 5 0.020626977806126323 
1 6 -0.034013869257012885 
1 7 -0.02209238839146299 
1 8 -0.008729111777282972 
2 0 0.02925956629842874 
2 1 -0.008729111777282972 
2 3 0.029259566298428963 
2 4 0.023038820690218786 
2 5 0.0034129332480292707 
2 6 -0.008729111777282972 
2 7 -0.024316688995435598 
2 8 -0.04579287626387085 
3 0 -0.021078478180840632 
3 1 0.029745987577962874 
3 2 0.029259566298428963 
3 4 -0.007421086406839805 
3 5 -0.005338059212318225 
3 6 0.029745987577962874 
3 7 0.032510082863093315 
3 8 0.029259566298428963 
4 0 -0.007421086406839805 
4 1 0.014931405560341116 
4 2 0.023038820690218786 
4 3 -0.007421086406839805 
4 5 0.005064070672562648 
4 6 0.014931405560341338 
4 7 0.021106635297510445 
4 8 0.023038820690218786 
5 0 -0.005338059212318225 
5 1 0.020626977806126545 
5 2 0.0034129332480292707 
5 3 -0.005338059212318225 
5 4 0.005064070672562648 
5 6 0.020626977806126545 
5 7 0.0157252605506637 
5 8 0.0034129332480292707 
6 0 0.02974598757796265 
6 1 -0.034013869257012885 
6 2 -0.008729111777282972 
6 3 0.029745987577962874 
6 4 0.014931405560341116 
6 5 0.020626977806126323 
6 7 -0.02209238839146299 
6 8 -0.008729111777282972 
7 0 0.032510082863093315 
7 1 -0.02209238839146299 
7 2 -0.024316688995435598 
7 3 0.032510082863093315 
7 4 0.021106635297510445 
7 5 0.0157252605506637 
7 6 -0.02209238839146299 
7 8 -0.024316688995435598 
8 0 0.02925956629842874 
8 1 -0.008729111777282972 
8 2 -0.04579287626387085 
8 3 0.029259566298428963 
8 4 0.023038820690218786 
8 5 0.0034129332480292707 
8 6 -0.008729111777282972 
8 7 -0.024316688995435598 
