9 72 72 
K 
0 1 35.99920197988285 
0 2 24.086112459928575 
0 3 4.74752172423418 
0 4 24.256199048496125 
0 5 16.634808842708786 
0 6 4.307494555509762 
0 7 20.27058021340512 
0 8 4.42131919346448 
1 0 132.97205231319222 
1 2 49.89527649898472 
1 3 8.276723013542954 
1 4 46.73538813120623 
1 5 30.80916321749409 
1 6 9.966061732521805 
1 7 44.83111872787042 
1 8 9.158926913390015 
2 0 189.1680061636916 
2 1 106.0896244496686 
2 3 11.774588440233687 
2 4 63.80952527465036 
2 5 45.795863705182995 
2 6 12.694183609080943 
2 7 62.793185784603324 
2 8 14.61297872452101 
3 0 1122.3141356089604 
3 1 529.7102728667494 
3 2 354.41511205103393 
3 4 356.91785123095906 
3 5 244.77290180159056 
3 6 63.38263047181414 
3 7 298.2714611843488 
3 8 65.05750315548214 
4 0 114.68330910128967 
4 1 59.82129680794399 
4 2 38.41333421533949 
4 3 7.13835702461918 
4 5 25.514635590317113 
4 6 7.157933957751331 
4 7 33.113092357185025 
4 8 7.0512670790606276 
5 0 109.23524473378778 
5 1 54.771845719989535 
5 2 38.29043048683356 
5 3 6.799247272266406 
5 4 35.436993875440436 
5 6 6.553740479189464 
5 7 31.423844803736884 
5 8 7.028706501271428 
6 0 1018.291712922508 
6 1 637.8279508813955 
6 2 382.09492663333623 
6 3 63.38263047181412 
6 4 357.8966978875665 
6 5 235.9346572508205 
6 7 343.31392113970116 
6 8 70.138493111328 
7 0 119.79912906122429 
7 1 71.72978996459268 
7 2 47.251872302913995 
7 3 7.456786529608721 
7 4 41.39136544648128 
7 5 28.281460323363184 
7 6 8.58284802849253 
7 8 8.673695694461848 
8 0 1045.1998573350033 
8 1 586.1713224569613 
8 2 439.8506596080824 
8 3 65.05750315548214 
8 4 352.5633539530314 
8 5 253.03343404577132 
8 6 70.13849311132802 
8 7 346.947827778474 
P 
0 1.0 5.13454564117661 5.13454564117661 
1 1.0 46.5978501271647 46.5978501271647 
2 1.0 51.30187973779954 51.30187973779954 
3 0.0 -0.48239954879080027 -0.48239954879080027 
4 0.0 -47.63935448268319 -47.63935448268319 
5 0.0 -47.721588613426064 -47.721588613426064 
6 0.0 -1.2916459233082216 -1.2916459233082216 
7 0.0 -47.96206846137773 -47.96206846137773 
8 0.0 -1.9551969338093695 -1.9551969338093695 
Alfa 
0 1.0575296108291032 
1 3.90625 
2 8.305647840531561 
3 250.0 
4 5.0 
5 6.944444444444445 
6 250.0 
7 6.25 
8 250.0 
Gamma 
0 1 0.010945379488891849 
0 2 0.009633885869792636 
0 3 -0.006905543446463991 
0 4 -0.0017144886832483053 
0 5 -0.0021671126632951676 
0 6 0.010945379488891849 
0 7 0.011233012780806018 
0 8 0.009633885869792636 
1 0 0.010945379488891849 
1 2 -0.0070635976135418055 
1 3 0.010945379488891849 
1 4 0.004852662502687899 
1 5 0.005273257537706799 
1 6 -0.01692500483910009 
1 7 -0.012193826192132384 
1 8 -0.0070635976135418055 
2 0 0.009633885869792636 
2 1 -0.0070635976135418055 
2 3 0.009633885869792636 
2 4 0.006216158373841596 
2 5 -0.00163668254160787 
2 6 -0.0070635976135418055 
2 7 -0.013933590364894277 
2 8 -0.024218238673649806 
3 0 -0.006905543446463991 
3 1 0.010945379488891849 
3 2 0.009633885869792636 
3 4 -0.0017144886832483053 
3 5 -0.0021671126632951676 
3 6 0.010945379488891849 
3 7 0.011233012780806018 
3 8 0.009633885869792636 
4 0 -0.0017144886832483053 
4 1 0.004852662502687677 
4 2 0.006216158373841596 
4 3 -0.0017144886832483053 
4 5 0.0008551173155091352 
4 6 0.004852662502687899 
4 7 0.00625356023565482 
4 8 0.006216158373841596 
5 0 -0.0021671126632951676 
5 1 0.005273257537706799 
5 2 -0.00163668254160787 
5 3 -0.0021671126632949456 
5 4 0.0008551173155091352 
5 6 0.005273257537706799 
5 7 0.0031282874627291957 
5 8 -0.00163668254160787 
6 0 0.010945379488891849 
6 1 -0.01692500483910031 
6 2 -0.0070635976135418055 
6 3 0.010945379488891849 
6 4 0.004852662502687899 
6 5 0.005273257537706799 
6 7 -0.012193826192132384 
6 8 -0.0070635976135418055 
7 0 0.011233012780806018 
7 1 -0.012193826192132384 
7 2 -0.013933590364894277 
7 3 0.011233012780806018 
7 4 0.00625356023565482 
7 5 0.0031282874627291957 
7 6 -0.012193826192132384 
7 8 -0.013933590364894055 
8 0 0.009633885869792636 
8 1 -0.0070635976135418055 
8 2 -0.024218238673649806 
8 3 0.009633885869792636 
8 4 0.006216158373841596 
8 5 -0.00163668254160787 
8 6 -0.0070635976135418055 
8 7 -0.013933590364894277 
