9 72 72 
K 
0 1 27.445377011589134 
0 2 18.585131455566394 
0 3 4.012002258238592 
0 4 19.7423615571805 
0 5 13.595453252944084 
0 6 3.336976650201964 
0 7 15.6397621993234 
0 8 3.4464124287898485 
1 0 101.37636133655734 
1 2 40.275554742465005 
1 3 6.49235783248294 
1 4 37.864575989251 
1 5 24.341150259148623 
1 6 8.703749944410145 
1 7 37.87439694733092 
1 8 7.468667777394913 
2 0 145.96428824238856 
2 1 85.6357310138791 
2 3 9.347863521035015 
2 4 50.73613833410736 
2 5 37.8253579700929 
2 6 10.412115479252599 
2 7 53.12379372160923 
2 8 13.009798722585996 
3 0 948.4373338476025 
3 1 415.51090127890825 
3 2 281.37069198315385 
3 4 298.89064524543625 
3 5 205.82916503718207 
3 6 50.52035448034119 
3 7 236.7791007018996 
3 8 52.17716389396339 
4 0 93.3418854423494 
4 1 48.46665726624129 
4 2 30.54315527713263 
4 3 5.977812904908726 
4 5 20.911372027674748 
4 6 5.892872360343065 
4 7 26.808642041805825 
4 8 5.663899134274925 
5 0 89.27680969433284 
5 1 43.27315601626423 
5 2 31.6262020805499 
5 3 5.717476806588391 
5 4 29.043572260659356 
5 6 5.261414741937963 
5 7 25.485329259079585 
5 8 5.864738497353008 
6 0 788.8612801077439 
6 1 557.039996442249 
6 2 313.4046759255031 
6 3 50.52035448034117 
6 4 294.64361801715313 
6 5 189.41093070976663 
6 7 294.7200399113765 
6 8 58.11752114494751 
7 0 92.43099459800126 
7 1 60.599035115729485 
7 2 39.97565477551095 
7 3 5.919477517547489 
7 4 33.51080255225728 
7 5 22.93679633317163 
7 6 7.368000997784411 
7 8 7.413054559055551 
8 0 814.73189816592 
8 1 477.99473775327436 
8 2 391.5949415498384 
8 3 52.17716389396339 
8 4 283.1949567137462 
8 5 211.13058590470823 
8 6 58.1175211449475 
8 7 296.522182362222 
P 
0 1.0 4.8480372692268405 4.8480372692268405 
1 1.0 46.25083415247821 46.25083415247821 
2 1.0 50.850592705022606 50.850592705022606 
3 0.0 -0.7884620838872842 -0.7884620838872842 
4 0.0 -47.870529372173394 -47.870529372173394 
5 0.0 -47.93275867950715 -47.93275867950715 
6 0.0 -1.6619878832898591 -1.6619878832898591 
7 0.0 -48.17417252153257 -48.17417252153257 
8 0.0 -2.4624835288468434 -2.4624835288468434 
Alfa 
0 1.0575296108291032 
1 3.90625 
2 8.305647840531561 
3 250.0 
4 5.0 
5 6.944444444444445 
6 250.0 
7 6.25 
8 250.0 
Gamma 
0 1 0.018391247494331076 
0 2 0.01736221072801003 
0 3 -0.012981312979566617 
0 4 -0.004051611487979612 
0 5 -0.0035193978018079886 
0 6 0.018391247494331076 
0 7 0.019575885354901956 
0 8 0.01736221072801003 
1 0 0.018391247494331076 
1 2 -0.008042501220660192 
1 3 0.018391247494331076 
1 4 0.008936021027997398 
1 5 0.01122637738787513 
1 6 -0.024541499947721146 
1 7 -0.0166800167000698 
1 8 -0.008042501220660192 
2 0 0.01736221072801003 
2 1 -0.008042501220660192 
2 3 0.01736221072801003 
2 4 0.012719102955989658 
2 5 0.0004246778826784148 
2 6 -0.008042501220660192 
2 7 -0.018578729873522493 
2 8 -0.03391703815705016 
3 0 -0.012981312979566617 
3 1 0.018391247494331076 
3 2 0.01736221072801003 
3 4 -0.004051611487979612 
3 5 -0.0035193978018079886 
3 6 0.018391247494331076 
3 7 0.019575885354901956 
3 8 0.01736221072801003 
4 0 -0.004051611487979612 
4 1 0.008936021027997398 
4 2 0.012719102955989658 
4 3 -0.004051611487979612 
4 5 0.0024550060124914896 
4 6 0.008936021027997398 
4 7 0.012089114388693645 
4 8 0.01271910295598988 
5 0 -0.0035193978018077665 
5 1 0.01122637738787513 
5 2 0.0004246778826784148 
5 3 -0.0035193978018079886 
5 4 0.0024550060124914896 
5 6 0.01122637738787513 
5 7 0.008077199700679216 
5 8 0.0004246778826784148 
6 0 0.018391247494331076 
6 1 -0.024541499947720924 
6 2 -0.008042501220660192 
6 3 0.018391247494331076 
6 4 0.008936021027997398 
6 5 0.01122637738787513 
6 7 -0.0166800167000698 
6 8 -0.008042501220660192 
7 0 0.019575885354901734 
7 1 -0.0166800167000698 
7 2 -0.018578729873522493 
7 3 0.019575885354901734 
7 4 0.012089114388693645 
7 5 0.008077199700679216 
7 6 -0.0166800167000698 
7 8 -0.018578729873522493 
8 0 0.01736221072801003 
8 1 -0.008042501220660192 
8 2 -0.03391703815705016 
8 3 0.01736221072801003 
8 4 0.012719102955989658 
8 5 0.0004246778826784148 
8 6 -0.008042501220660192 
8 7 -0.018578729873522493 
