12 24 12 
K 
0 3 134.92557115253808 
1 4 254.13587518077813 
2 5 350.097707534246 
3 0 127.58562008184002 
3 6 1963.8232017942184 
4 1 65.0587840462792 
4 9 1826.6897432714607 
5 2 42.15176398712322 
5 11 1962.3232578544278 
6 3 1963.8232017942184 
6 7 1265.6532401278716 
6 8 1179.4004595608012 
7 6 1265.6532401278716 
7 9 666.0385907930207 
8 6 1179.4004595608012 
8 11 643.12636065455 
9 4 1826.6897432714607 
9 7 666.0385907930206 
9 10 1552.127065478425 
10 9 1552.1270654784246 
10 11 1116.664207862963 
11 5 1962.3232578544278 
11 8 643.12636065455 
11 10 1116.664207862963 
P 
0 1.0 5.661245644793789 5.661245644793789 
1 1.0 48.007462737669016 48.007462737669016 
2 1.0 53.22964296780048 53.22964296780048 
3 0.0 -0.0 -0.0 
4 0.0 -0.0 -0.0 
5 0.0 -0.0 -0.0 
6 0.0 -369.2572215389545 -369.2572215389545 
7 0.0 -277.7166448892079 -277.7166448892079 
8 0.0 -358.39202157168353 -358.39202157168353 
9 0.0 -318.98883707181733 -318.98883707181733 
10 0.0 -316.1937182213335 -316.1937182213335 
11 0.0 -281.19291854811445 -281.19291854811445 
Alfa 
0 1.0575296108291032 
1 3.90625 
2 8.305647840531561 
3 0.0 
4 0.0 
5 0.0 
6 0.0 
7 0.0 
8 0.0 
9 0.0 
10 0.0 
11 0.0 
Gamma 
6 7 0.11710874456686438 
6 8 0.18272156076209756 
7 6 0.11710874456686438 
7 9 0.19620081728811645 
8 6 0.18272156076209756 
8 11 0.22550963518842404 
9 7 0.19620081728811645 
9 10 0.11751164543144554 
10 9 0.11751164543144554 
10 11 0.11751164543144554 
11 8 0.22550963518842404 
11 10 0.11751164543144554 
