3 6 6 
K 
0 1 90.61739717364956 
0 2 60.33881834930845 
1 0 334.7180108101681 
1 2 122.87575621383817 
2 0 473.8902544111801 
2 1 261.26406636829387 
P 
0 1.0 -46.948298779384544 -46.948298779384544 
1 1.0 -10.851966322951911 -10.851966322951911 
2 1.0 -2.910542592570073 -2.910542592570073 
Alfa 
0 1.0575296108291032 
1 3.90625 
2 8.305647840531561 
Gamma 
0 1 -0.31441489869995887 
0 2 -0.3151168744224324 
1 0 -0.31441489869995887 
1 2 -0.3196484754728355 
2 0 -0.3151168744224322 
2 1 -0.3196484754728355 
