12 24 12 
K 
0 3 134.92557115253808 
1 4 254.13587518077813 
2 5 350.097707534246 
3 0 127.58562008184002 
3 6 594.3149163324623 
4 1 65.0587840462792 
4 9 552.8140012532067 
5 2 42.15176398712322 
5 11 593.8609859296307 
6 3 594.3149163324623 
6 7 383.0266384597515 
6 8 356.9238232881381 
7 6 383.0266384597515 
7 9 201.56431037157253 
8 6 356.92382328813807 
8 11 194.63034598756164 
9 4 552.8140012532067 
9 7 201.5643103715725 
9 10 469.7226645526824 
10 9 469.7226645526823 
10 11 337.9378523795818 
11 5 593.8609859296307 
11 8 194.63034598756164 
11 10 337.9378523795818 
P 
0 1.0 5.661245644793789 5.661245644793789 
1 1.0 48.007462737669016 48.007462737669016 
2 1.0 53.22964296780048 53.22964296780048 
3 0.0 -0.0 -0.0 
4 0.0 -0.0 -0.0 
5 0.0 -0.0 -0.0 
6 0.0 -111.7488959920523 -111.7488959920523 
7 0.0 -90.61836926806018 -90.61836926806018 
8 0.0 -113.192973988575 -113.192973988575 
9 0.0 -96.53609542962916 -96.53609542962916 
10 0.0 -100.94823821878039 -100.94823821878039 
11 0.0 -85.09785692903485 -85.09785692903485 
Alfa 
0 1.0575296108291032 
1 3.90625 
2 8.305647840531561 
3 0.0 
4 0.0 
5 0.0 
6 0.0 
7 0.0 
8 0.0 
9 0.0 
10 0.0 
11 0.0 
Gamma 
6 7 0.11710874456686438 
6 8 0.18272156076209756 
7 6 0.11710874456686438 
7 9 0.19620081728811645 
8 6 0.18272156076209756 
8 11 0.22550963518842404 
9 7 0.19620081728811645 
9 10 0.11751164543144554 
10 9 0.11751164543144554 
10 11 0.11751164543144554 
11 8 0.22550963518842404 
11 10 0.11751164543144554 
