12 24 12 
K 
0 3 134.92557115253808 
1 4 254.13587518077813 
2 5 350.097707534246 
3 0 127.58562008184002 
3 6 1976.743091279707 
4 1 65.0587840462792 
4 9 1838.7074389508782 
5 2 42.15176398712322 
5 11 1975.23327928768 
6 3 1976.743091279707 
6 7 1273.9799061813442 
6 8 1187.1596731105433 
7 6 1273.9799061813442 
7 9 670.4204236271852 
8 6 1187.1596731105433 
8 11 647.3574551325405 
9 4 1838.7074389508782 
9 7 670.4204236271852 
9 10 1562.3384277513092 
10 9 1562.3384277513092 
10 11 1124.010682914693 
11 5 1975.23327928768 
11 8 647.3574551325405 
11 10 1124.010682914693 
P 
0 1.0 5.661245644793789 5.661245644793789 
1 1.0 48.007462737669016 48.007462737669016 
2 1.0 53.22964296780048 53.22964296780048 
3 0.0 -0.0 -0.0 
4 0.0 -0.0 -0.0 
5 0.0 -0.0 -0.0 
6 0.0 -371.6865453648687 -371.6865453648687 
7 0.0 -279.48172296110556 -279.48172296110556 
8 0.0 -360.70522013378826 -360.70522013378826 
9 0.0 -321.0874478420267 -321.0874478420267 
10 0.0 -318.2243359572066 -318.2243359572066 
11 0.0 -283.04287195961524 -283.04287195961524 
Alfa 
0 1.0575296108291032 
1 3.90625 
2 8.305647840531561 
3 0.0 
4 0.0 
5 0.0 
6 0.0 
7 0.0 
8 0.0 
9 0.0 
10 0.0 
11 0.0 
Gamma 
6 7 0.11710874456686438 
6 8 0.18272156076209756 
7 6 0.11710874456686438 
7 9 0.19620081728811645 
8 6 0.18272156076209756 
8 11 0.22550963518842404 
9 7 0.19620081728811645 
9 10 0.11751164543144554 
10 9 0.11751164543144554 
10 11 0.11751164543144554 
11 8 0.22550963518842404 
11 10 0.11751164543144554 
