3 6 6 
K 
0 1 65.04734971180271 
0 2 43.573370285856576 
1 0 240.2686479979713 
1 2 90.86822806368251 
2 0 342.21743307563094 
2 1 193.2081925606538 
P 
0 1.0 -23.13273803911059 -23.13273803911059 
1 1.0 14.452218301019506 14.452218301019506 
2 1.0 20.601487964996018 20.601487964996018 
Alfa 
0 1.0575296108291032 
1 3.90625 
2 8.305647840531561 
Gamma 
0 1 -0.23350369410760252 
0 2 -0.23386151247025433 
1 0 -0.2335036941076023 
1 2 -0.24100549035618024 
2 0 -0.23386151247025433 
2 1 -0.24100549035618024 
