9 72 72 
K 
0 1 22.206485674478326 
0 2 15.280346965520529 
0 3 3.706917351968669 
0 4 17.409042774313566 
0 5 12.052764182697855 
0 6 2.7601120852745615 
0 7 12.860561837562484 
0 8 2.8737690215649048 
1 0 82.02520646010431 
1 2 35.033889927846694 
1 3 5.459837213286499 
1 4 33.21204006283981 
1 5 20.637835617102972 
1 6 8.356651213222946 
1 7 34.920582054241216 
1 8 6.588810306908557 
2 0 120.00910374249351 
2 1 74.49066296950795 
2 3 7.988156309793854 
2 4 43.37611051128048 
2 5 34.02636141656558 
2 6 9.258672539011881 
2 7 49.11440622965162 
2 8 12.786886689900982 
3 0 876.3152620053935 
3 1 349.42958165033593 
3 2 240.44350492479495 
3 4 273.9395428315156 
3 5 189.65595942678144 
3 6 43.431672413342525 
3 7 202.36703855632948 
3 8 45.22011819813582 
4 0 82.30995423695454 
4 1 42.511411280434956 
4 2 26.11241852779084 
4 3 5.478790856630311 
4 5 18.627001987758447 
4 6 5.283873448379952 
4 7 23.497282360858808 
4 8 4.910952585869274 
5 0 79.14648479971592 
5 1 36.68948554151639 
5 2 28.449818851072877 
5 3 5.268221095188373 
5 4 25.870836094108952 
5 6 4.560248475607774 
5 7 22.392743629717177 
5 8 5.350546572524205 
6 0 652.4904969589063 
6 1 534.8256776462686 
6 2 278.6860434242574 
6 3 43.431672413342525 
6 4 264.19367241899766 
6 5 164.16894512187994 
6 7 277.7847069455233 
6 8 52.41237781722325 
7 0 76.00592045999426 
7 1 55.87293128678595 
7 2 36.95859068781283 
7 3 5.059175963908236 
7 4 29.371602951073505 
7 5 20.153469266745457 
7 6 6.944617673638084 
7 8 6.950788044210852 
8 0 679.3589966979436 
8 1 421.68385964214775 
8 2 384.88528936601944 
8 3 45.22011819813582 
8 4 245.54762929346376 
8 5 192.61967661087135 
8 6 52.41237781722326 
8 7 278.0315217684341 
P 
0 1.0 4.567397357605342 4.567397357605342 
1 1.0 45.83024838852682 45.83024838852682 
2 1.0 50.25462678399191 50.25462678399191 
3 0.0 -1.14569571149882 -1.14569571149882 
4 0.0 -48.1749829636636 -48.1749829636636 
5 0.0 -48.228290872919914 -48.228290872919914 
6 0.0 -2.1526574737010544 -2.1526574737010544 
7 0.0 -48.461014614747214 -48.461014614747214 
8 0.0 -3.167328542985251 -3.167328542985251 
Alfa 
0 1.0575296108291032 
1 3.90625 
2 8.305647840531561 
3 250.0 
4 5.0 
5 6.944444444444445 
6 250.0 
7 6.25 
8 250.0 
Gamma 
0 1 0.02755747045375423 
0 2 0.026955412484968244 
0 3 -0.019642849013092878 
0 4 -0.0068103585414682755 
0 5 -0.005028531456290564 
0 6 0.02755747045375423 
0 7 0.029997058148786504 
0 8 0.026955412484968244 
1 0 0.02755747045375423 
1 2 -0.008686409282320895 
1 3 0.02755747045375423 
1 4 0.013790761356243353 
1 5 0.01877851380650597 
1 6 -0.032388566715504385 
1 7 -0.021193279340623095 
1 8 -0.008686409282321117 
2 0 0.026955412484968244 
2 1 -0.008686409282321117 
2 3 0.026955412484968244 
2 4 0.021006626937130735 
2 5 0.0028382418896923944 
2 6 -0.008686409282321117 
2 7 -0.023350671193078876 
2 8 -0.043770533738590967 
3 0 -0.019642849013092878 
3 1 0.02755747045375423 
3 2 0.026955412484968244 
3 4 -0.0068103585414682755 
3 5 -0.005028531456290564 
3 6 0.02755747045375423 
3 7 0.029997058148786504 
3 8 0.026955412484968244 
4 0 -0.0068103585414682755 
4 1 0.013790761356243353 
4 2 0.021006626937130735 
4 3 -0.0068103585414682755 
4 5 0.004531282537693304 
4 6 0.013790761356243353 
4 7 0.019352711916790888 
4 8 0.021006626937130735 
5 0 -0.005028531456290564 
5 1 0.01877851380650597 
5 2 0.0028382418896923944 
5 3 -0.005028531456290564 
5 4 0.004531282537693304 
5 6 0.01877851380650597 
5 7 0.014234272080182464 
5 8 0.0028382418896923944 
6 0 0.02755747045375423 
6 1 -0.032388566715504385 
6 2 -0.008686409282320895 
6 3 0.02755747045375423 
6 4 0.013790761356243353 
6 5 0.01877851380650597 
6 7 -0.021193279340623095 
6 8 -0.008686409282321117 
7 0 0.029997058148786504 
7 1 -0.021193279340623095 
7 2 -0.023350671193078876 
7 3 0.029997058148786282 
7 4 0.019352711916790888 
7 5 0.014234272080182464 
7 6 -0.021193279340623095 
7 8 -0.023350671193078876 
8 0 0.026955412484968244 
8 1 -0.008686409282321117 
8 2 -0.043770533738590967 
8 3 0.026955412484968244 
8 4 0.021006626937130735 
8 5 0.0028382418896923944 
8 6 -0.008686409282321117 
8 7 -0.023350671193078876 
