3 6 6 
K 
0 1 111.22499261240972 
0 2 73.89582475756673 
1 0 410.8373164620883 
1 2 149.1358903340492 
2 0 580.3645505876669 
2 1 317.09956748767945 
P 
0 1.0 -72.0200795715392 -72.0200795715392 
1 1.0 -37.477138422640515 -37.477138422640515 
2 1.0 -27.703390232156902 -27.703390232156902 
Alfa 
0 1.0575296108291032 
1 3.90625 
2 8.305647840531561 
Gamma 
0 1 -0.3828190640165554 
0 2 -0.38364339049935814 
1 0 -0.38281906401655563 
1 2 -0.38714456167330225 
2 0 -0.3836433904993579 
2 1 -0.38714456167330225 
