3 6 6 
K 
0 1 28.853640221788226 
0 2 20.398736689371443 
1 0 106.5781335692302 
1 2 51.32588238441435 
2 0 160.20801838429935 
2 1 109.13144427250892 
P 
0 1.0 -4.798799036372132 -4.798799036372132 
1 1.0 32.57413921413345 32.57413921413345 
2 1.0 36.06301366464013 36.06301366464013 
Alfa 
0 1.0575296108291032 
1 3.90625 
2 8.305647840531561 
Gamma 
0 1 -0.15200444099310628 
0 2 -0.14824543885986818 
1 0 -0.15200444099310628 
1 2 -0.1703070603800012 
2 0 -0.14824543885986796 
2 1 -0.1703070603800012 
