12 24 12 
K 
0 3 134.92557115253808 
1 4 254.13587518077813 
2 5 350.097707534246 
3 0 127.58562008184002 
3 6 917.312153469669 
4 1 65.0587840462792 
4 9 853.2563932386438 
5 2 42.15176398712322 
5 11 916.6115217609507 
6 3 917.312153469669 
6 7 591.1932897965722 
6 8 550.9041620316907 
7 6 591.1932897965723 
7 9 311.11013122568767 
8 6 550.9041620316907 
8 11 300.4077079373231 
9 4 853.2563932386438 
9 7 311.11013122568767 
9 10 725.0067213747915 
10 9 725.0067213747914 
10 11 521.599728672832 
11 5 916.6115217609507 
11 8 300.4077079373231 
11 10 521.599728672832 
P 
0 1.0 5.661245644793789 5.661245644793789 
1 1.0 48.007462737669016 48.007462737669016 
2 1.0 53.22964296780048 53.22964296780048 
3 0.0 -0.0 -0.0 
4 0.0 -0.0 -0.0 
5 0.0 -0.0 -0.0 
6 0.0 -172.48199163990657 -172.48199163990657 
7 0.0 -134.7453210655007 -134.7453210655007 
8 0.0 -171.0229380411949 -171.0229380411949 
9 0.0 -149.00136468486224 -149.00136468486224 
10 0.0 -151.71368161560895 -151.71368161560895 
11 0.0 -131.3466922165536 -131.3466922165536 
Alfa 
0 1.0575296108291032 
1 3.90625 
2 8.305647840531561 
3 0.0 
4 0.0 
5 0.0 
6 0.0 
7 0.0 
8 0.0 
9 0.0 
10 0.0 
11 0.0 
Gamma 
6 7 0.11710874456686438 
6 8 0.18272156076209756 
7 6 0.11710874456686438 
7 9 0.19620081728811645 
8 6 0.18272156076209756 
8 11 0.22550963518842404 
9 7 0.19620081728811645 
9 10 0.11751164543144554 
10 9 0.11751164543144554 
10 11 0.11751164543144554 
11 8 0.22550963518842404 
11 10 0.11751164543144554 
