12 24 12 
K 
0 3 134.92557115253808 
1 4 254.13587518077813 
2 5 350.097707534246 
3 0 127.58562008184002 
3 6 1770.0248595118946 
4 1 65.0587840462792 
4 9 1646.4243080801984 
5 2 42.15176398712322 
5 11 1768.6729363556353 
6 3 1770.0248595118946 
6 7 1140.7532493257793 
6 8 1063.0122563146697 
7 6 1140.753249325779 
7 9 600.3110982805516 
8 6 1063.0122563146697 
8 11 579.6599434846933 
9 4 1646.4243080801984 
9 7 600.3110982805515 
9 10 1398.9566313851594 
10 9 1398.9566313851594 
10 11 1006.4670820870125 
11 5 1768.6729363556353 
11 8 579.6599434846931 
11 10 1006.4670820870125 
P 
0 1.0 5.661245644793789 5.661245644793789 
1 1.0 48.007462737669016 48.007462737669016 
2 1.0 53.22964296780048 53.22964296780048 
3 0.0 -0.0 -0.0 
4 0.0 -0.0 -0.0 
5 0.0 -0.0 -0.0 
6 0.0 -332.81736415024193 -332.81736415024193 
7 0.0 -251.24047381074362 -251.24047381074362 
8 0.0 -323.69404314011155 -323.69404314011155 
9 0.0 -287.50967551867745 -287.50967551867745 
10 0.0 -285.73445218323644 -285.73445218323644 
11 0.0 -253.44361737560322 -253.44361737560322 
Alfa 
0 1.0575296108291032 
1 3.90625 
2 8.305647840531561 
3 0.0 
4 0.0 
5 0.0 
6 0.0 
7 0.0 
8 0.0 
9 0.0 
10 0.0 
11 0.0 
Gamma 
6 7 0.11710874456686438 
6 8 0.18272156076209756 
7 6 0.11710874456686438 
7 9 0.19620081728811645 
8 6 0.18272156076209756 
8 11 0.22550963518842404 
9 7 0.19620081728811645 
9 10 0.11751164543144554 
10 9 0.11751164543144554 
10 11 0.11751164543144554 
11 8 0.22550963518842404 
11 10 0.11751164543144554 
