9 72 72 
K 
0 1 8.306695701936354 
0 2 6.49724788013493 
0 3 3.6258918617054943 
0 4 12.598495956474801 
0 5 9.081064726804627 
0 6 1.271189031527134 
0 7 5.531747281314892 
0 8 1.4033769273837164 
1 0 30.682857249027403 
1 2 20.98393114956512 
1 3 2.8634877907180667 
1 4 23.56246672323206 
1 5 10.950401744582189 
1 6 9.925717420524865 
1 7 32.06159289246946 
1 8 4.532436712341746 
2 0 51.02821923135874 
2 1 44.6169964641916 
2 3 4.762225420049895 
2 4 24.452017050196343 
2 5 29.045557652433793 
2 6 6.827821622470677 
2 7 46.79941863710729 
2 8 17.425875403663106 
3 0 857.160836107179 
3 1 183.26321860595615 
3 2 143.34298514350186 
3 4 277.9493798044737 
3 5 200.3474317489794 
3 6 28.045109840721103 
3 7 122.04200655288223 
3 8 30.961453489830475 
4 0 59.56568888221286 
4 1 30.159957405737035 
4 2 14.720114264218203 
4 3 5.558987596089476 
4 5 15.056317025481322 
4 6 4.615434153505992 
4 7 16.76553409827848 
4 8 3.1794798517717537 
5 0 59.632325039350384 
5 1 19.467380879257224 
5 2 24.285313481618253 
5 3 5.56520643747165 
5 4 20.91155142427962 
5 6 2.9791293595242916 
5 7 16.34496523493674 
5 8 5.245520756347683 
6 0 300.5090870530144 
6 1 635.2459149135914 
6 2 205.51743083636742 
6 3 28.045109840721107 
6 4 230.77170767529955 
6 5 107.24865694287452 
6 7 314.0124771100587 
6 8 44.39085993513719 
7 0 32.69262643257101 
7 1 51.298548627951135 
7 2 35.21656252442324 
7 3 3.0510501638220564 
7 4 20.956917622848103 
7 5 14.710468711443069 
7 6 7.8503119277514655 
7 8 7.606622406949823 
8 0 331.7583056335106 
8 1 290.07594958987175 
8 2 524.5188496502594 
8 3 30.961453489830483 
8 4 158.9739925885877 
8 5 188.83874722851658 
8 6 44.39085993513719 
8 7 304.26489627799293 
P 
0 1.0 4.0440540096917665 4.0440540096917665 
1 1.0 44.493375307428344 44.493375307428344 
2 1.0 47.67088635237256 47.67088635237256 
3 0.0 -3.3297224239187355 -3.3297224239187355 
4 0.0 -50.32766020330414 -50.32766020330414 
5 0.0 -50.582488339187776 -50.582488339187776 
6 0.0 -5.26691376443786 -5.26691376443786 
7 0.0 -50.158688291013014 -50.158688291013014 
8 0.0 -7.806097059911183 -7.806097059911183 
Alfa 
0 1.0575296108291032 
1 3.90625 
2 8.305647840531561 
3 250.0 
4 5.0 
5 6.944444444444445 
6 250.0 
7 6.25 
8 250.0 
Gamma 
0 1 0.08392428092477466 
0 2 0.08870929487865764 
0 3 -0.04163625528570658 
0 4 -0.014159406630734894 
0 5 -0.004546749300414321 
0 6 0.08392428092477466 
0 7 0.09902361577417262 
0 8 0.08870929487865764 
1 0 0.08392428092477466 
1 2 0.003354060612534626 
1 3 0.08392428092477466 
1 4 0.04226425346289542 
1 5 0.07453827794812895 
1 6 -0.05420572911510502 
1 7 -0.02713050910166026 
1 8 0.003354060612534626 
2 0 0.08870929487865764 
2 1 0.003354060612534626 
2 3 0.08870929487865764 
2 4 0.082268837492814 
2 5 0.020819134282383578 
2 6 0.003354060612534626 
2 7 -0.0302282494156485 
2 8 -0.06895601872341794 
3 0 -0.04163625528570658 
3 1 0.08392428092477466 
3 2 0.08870929487865764 
3 4 -0.014159406630734894 
3 5 -0.004546749300414321 
3 6 0.08392428092477466 
3 7 0.09902361577417262 
3 8 0.08870929487865764 
4 0 -0.014159406630734894 
4 1 0.04226425346289542 
4 2 0.082268837492814 
4 3 -0.014159406630734894 
4 5 0.02588025261525284 
4 6 0.04226425346289542 
4 7 0.06839095968846509 
4 8 0.082268837492814 
5 0 -0.004546749300414321 
5 1 0.07453827794812873 
5 2 0.020819134282383578 
5 3 -0.004546749300414321 
5 4 0.02588025261525284 
5 6 0.07453827794812895 
5 7 0.05770586069155925 
5 8 0.020819134282383578 
6 0 0.08392428092477466 
6 1 -0.05420572911510524 
6 2 0.003354060612534626 
6 3 0.08392428092477466 
6 4 0.04226425346289542 
6 5 0.07453827794812873 
6 7 -0.02713050910166026 
6 8 0.003354060612534626 
7 0 0.09902361577417262 
7 1 -0.02713050910166026 
7 2 -0.0302282494156485 
7 3 0.09902361577417262 
7 4 0.06839095968846509 
7 5 0.05770586069155925 
7 6 -0.02713050910166026 
7 8 -0.0302282494156485 
8 0 0.08870929487865764 
8 1 0.003354060612534626 
8 2 -0.06895601872341794 
8 3 0.08870929487865764 
8 4 0.082268837492814 
8 5 0.020819134282383578 
8 6 0.003354060612534626 
8 7 -0.0302282494156485 
