9 72 72 
K 
0 1 30.650949783693008 
0 2 20.63447903515214 
0 3 4.262830033267034 
0 4 21.358165036076905 
0 5 14.678723460415311 
0 6 3.6975470122607867 
0 7 17.364662555351956 
0 8 3.8073514241198696 
1 0 113.21694576351608 
1 2 43.757862969762286 
1 3 7.150273244938074 
1 4 41.0524960060112 
1 5 26.717175667544748 
1 6 9.105218540255466 
1 7 40.25414166611365 
1 8 8.073940786707059 
2 0 162.05949647541425 
2 1 93.03997442075702 
2 3 10.234949140534946 
2 4 55.51655070582643 
2 5 40.62769754324448 
2 6 11.223785294357057 
2 7 56.41858267346697 
2 8 13.485572627136204 
3 0 1007.7330198643269 
3 1 457.6174876760367 
3 2 308.0719691301018 
3 4 318.87657296608796 
3 5 219.15277013113234 
3 6 55.20423302559557 
3 7 259.2537363116218 
3 8 56.84360862228365 
4 0 100.98140429057163 
4 1 52.54719488769434 
4 2 33.42096352490752 
4 3 6.37753145932176 
4 5 22.544787445115496 
4 6 6.338978884205708 
4 7 29.075431093021077 
4 8 6.166637541720551 
5 0 96.39028405672724 
5 1 47.49720118674622 
5 2 33.96926933476829 
5 3 6.087576948087008 
5 4 31.312204784882624 
5 6 5.729777888717772 
5 7 27.61639999221881 
5 8 6.26780767072988 
6 0 874.1001136984503 
6 1 582.7339865763498 
6 2 337.83593736014734 
6 3 55.20423302559557 
6 4 316.9489442102854 
6 5 206.27200399383977 
6 7 310.78518829397814 
6 8 62.33547912868566 
7 0 102.62515570213006 
7 1 64.40662666578184 
7 2 42.45498346178389 
7 3 6.4813434077905425 
7 4 36.34428886627634 
7 5 24.854759992996925 
7 6 7.769629707349456 
7 8 7.8335412039646215 
8 0 900.0578766619374 
8 1 516.7322103492517 
8 2 405.91573607679965 
8 3 56.84360862228366 
8 4 308.3318770860274 
8 5 225.64107614627574 
8 6 62.335479128685655 
8 7 313.3416481585848 
P 
0 1.0 4.977164851293056 4.977164851293056 
1 1.0 46.42010880962316 46.42010880962316 
2 1.0 51.07634208223936 51.07634208223936 
3 0.0 -0.645026083290264 -0.645026083290264 
4 0.0 -47.757738867623196 -47.757738867623196 
5 0.0 -47.82736115512341 -47.82736115512341 
6 0.0 -1.4784045173073268 -1.4784045173073268 
7 0.0 -48.06783628983654 -48.06783628983654 
8 0.0 -2.2066330917515784 -2.2066330917515784 
Alfa 
0 1.0575296108291032 
1 3.90625 
2 8.305647840531561 
3 250.0 
4 5.0 
5 6.944444444444445 
6 250.0 
7 6.25 
8 250.0 
Gamma 
0 1 0.014839345636104673 
0 2 0.01366844353606056 
0 3 -0.01013509955812908 
0 4 -0.0029270902274074473 
0 5 -0.00287018531534855 
0 6 0.014839345636104673 
0 7 0.015581757367353566 
0 8 0.01366844353606056 
1 0 0.014839345636104673 
1 2 -0.007610234847723163 
1 3 0.014839345636104673 
1 4 0.007010351380501101 
1 5 0.00837120701710381 
1 6 -0.02103222330133714 
1 7 -0.01461386237580875 
1 8 -0.007610234847723163 
2 0 0.01366844353606056 
2 1 -0.007610234847723163 
2 3 0.01366844353606056 
2 4 0.00959536443439224 
2 5 -0.0005354397849035575 
2 6 -0.007610234847723163 
2 7 -0.01642890525225349 
2 8 -0.029466437464352957 
3 0 -0.01013509955812908 
3 1 0.014839345636104673 
3 2 0.01366844353606056 
3 4 -0.0029270902274074473 
3 5 -0.00287018531534855 
3 6 0.014839345636104673 
3 7 0.015581757367353566 
3 8 0.01366844353606056 
4 0 -0.0029270902274074473 
4 1 0.007010351380500879 
4 2 0.00959536443439224 
4 3 -0.0029270902274074473 
4 5 0.001695207565673984 
4 6 0.007010351380501101 
4 7 0.00930224873858454 
4 8 0.00959536443439224 
5 0 -0.002870185315348328 
5 1 0.00837120701710381 
5 2 -0.0005354397849035575 
5 3 -0.002870185315348328 
5 4 0.001695207565673984 
5 6 0.00837120701710381 
5 7 0.005716830636975256 
5 8 -0.0005354397849033354 
6 0 0.014839345636104673 
6 1 -0.02103222330133714 
6 2 -0.007610234847723163 
6 3 0.014839345636104673 
6 4 0.007010351380501101 
6 5 0.00837120701710381 
6 7 -0.01461386237580875 
6 8 -0.007610234847723163 
7 0 0.015581757367353566 
7 1 -0.014613862375808973 
7 2 -0.01642890525225349 
7 3 0.015581757367353566 
7 4 0.00930224873858454 
7 5 0.005716830636975256 
7 6 -0.01461386237580875 
7 8 -0.01642890525225349 
8 0 0.01366844353606056 
8 1 -0.007610234847723163 
8 2 -0.029466437464352957 
8 3 0.01366844353606056 
8 4 0.00959536443439224 
8 5 -0.0005354397849035575 
8 6 -0.007610234847723163 
8 7 -0.01642890525225349 
