3 6 6 
K 
0 1 187.58745828459817 
0 2 124.20857722179451 
1 0 692.9011740387347 
1 2 247.22909583685512 
2 0 975.5118822336284 
2 1 525.6698383242102 
P 
0 1.0 -209.54345448684055 -209.54345448684055 
1 1.0 -182.53855110403796 -182.53855110403796 
2 1.0 -162.55820663148006 -162.55820663148006 
Alfa 
0 1.0575296108291032 
1 3.90625 
2 8.305647840531561 
Gamma 
0 1 -0.661013225917721 
0 2 -0.6620178161719167 
1 0 -0.661013225917721 
1 2 -0.6638882994883628 
2 0 -0.6620178161719167 
2 1 -0.6638882994883627 
