12 24 12 
K 
0 3 134.92557115253808 
1 4 254.13587518077813 
2 5 350.097707534246 
3 0 127.58562008184002 
3 6 2067.182317678125 
4 1 65.0587840462792 
4 9 1922.8313087068007 
5 2 42.15176398712322 
5 11 2065.60342932045 
6 3 2067.182317678125 
6 7 1332.266568555654 
6 8 1241.474167958738 
7 6 1332.266568555654 
7 9 701.0932534663376 
8 6 1241.474167958738 
8 11 676.9751164784736 
9 4 1922.8313087068007 
9 7 701.0932534663376 
9 10 1633.8179636614998 
10 9 1633.8179636614993 
10 11 1175.436008276803 
11 5 2065.60342932045 
11 8 676.9751164784735 
11 10 1175.436008276803 
P 
0 1.0 5.661245644793789 5.661245644793789 
1 1.0 48.007462737669016 48.007462737669016 
2 1.0 53.22964296780048 53.22964296780048 
3 0.0 -0.0 -0.0 
4 0.0 -0.0 -0.0 
5 0.0 -0.0 -0.0 
6 0.0 -388.69181214626786 -388.69181214626786 
7 0.0 -291.8372694643889 -291.8372694643889 
8 0.0 -376.8976100685219 -376.8976100685219 
9 0.0 -335.7777232334919 -335.7777232334919 
10 0.0 -332.43866010831863 -332.43866010831863 
11 0.0 -295.99254584012044 -295.99254584012044 
Alfa 
0 1.0575296108291032 
1 3.90625 
2 8.305647840531561 
3 0.0 
4 0.0 
5 0.0 
6 0.0 
7 0.0 
8 0.0 
9 0.0 
10 0.0 
11 0.0 
Gamma 
6 7 0.11710874456686438 
6 8 0.18272156076209756 
7 6 0.11710874456686438 
7 9 0.19620081728811645 
8 6 0.18272156076209756 
8 11 0.22550963518842404 
9 7 0.19620081728811645 
9 10 0.11751164543144554 
10 9 0.11751164543144554 
10 11 0.11751164543144554 
11 8 0.22550963518842404 
11 10 0.11751164543144554 
