12 24 12 
K 
0 3 134.92557115253808 
1 4 254.13587518077813 
2 5 350.097707534246 
3 0 127.58562008184002 
3 6 2351.4198863588713 
4 1 65.0587840462792 
4 9 2187.22061365399 
5 2 42.15176398712322 
5 11 2349.623900852016 
6 3 2351.4198863588713 
6 7 1515.4532217320595 
6 8 1412.1768660530672 
7 6 1515.4532217320595 
7 9 797.4935758179604 
8 6 1412.1768660530672 
8 11 770.0591949942653 
9 4 2187.22061365399 
9 7 797.4935758179604 
9 10 1858.4679336649597 
10 9 1858.4679336649597 
10 11 1337.0584594148663 
11 5 2349.623900852016 
11 8 770.0591949942653 
11 10 1337.0584594148663 
P 
0 1.0 5.661245644793789 5.661245644793789 
1 1.0 48.007462737669016 48.007462737669016 
2 1.0 53.22964296780048 53.22964296780048 
3 0.0 -0.0 -0.0 
4 0.0 -0.0 -0.0 
5 0.0 -0.0 -0.0 
6 0.0 -442.13693631638057 -442.13693631638057 
7 0.0 -330.66898704613715 -330.66898704613715 
8 0.0 -427.7879784348283 -427.7879784348283 
9 0.0 -381.9471601780977 -381.9471601780977 
10 0.0 -377.1122502975285 -377.1122502975285 
11 0.0 -336.6915208931377 -336.6915208931377 
Alfa 
0 1.0575296108291032 
1 3.90625 
2 8.305647840531561 
3 0.0 
4 0.0 
5 0.0 
6 0.0 
7 0.0 
8 0.0 
9 0.0 
10 0.0 
11 0.0 
Gamma 
6 7 0.11710874456686438 
6 8 0.18272156076209756 
7 6 0.11710874456686438 
7 9 0.19620081728811645 
8 6 0.18272156076209756 
8 11 0.22550963518842404 
9 7 0.19620081728811645 
9 10 0.11751164543144554 
10 9 0.11751164543144554 
10 11 0.11751164543144554 
11 8 0.22550963518842404 
11 10 0.11751164543144554 
