3 6 6 
K 
0 1 8.092887284563952 
0 2 6.7599793447747905 
1 0 29.893102407358104 
1 2 25.533539190057358 
2 0 53.091665020091725 
2 1 54.29058166656717 
P 
0 1.0 -0.39633385421489614 -0.39633385421489614 
1 1.0 35.53008468360132 35.53008468360132 
2 1.0 35.42949051285358 35.42949051285358 
Alfa 
0 1.0575296108291032 
1 3.90625 
2 8.305647840531561 
Gamma 
0 1 -0.27082321257046216 
0 2 -0.23755477663403335 
1 0 -0.27082321257046216 
1 2 -0.24687995236249272 
2 0 -0.23755477663403335 
2 1 -0.24687995236249272 
