9 72 72 
K 
0 1 40.422978361986175 
0 2 26.96069000445386 
0 3 5.185952638362016 
0 4 26.769978974929685 
0 5 18.338355573172496 
0 6 4.816887354762736 
0 7 22.69087263913316 
0 8 4.936065139032648 
1 0 149.31237632458647 
1 2 55.16917322623538 
1 3 9.225239075260486 
1 4 51.645417648080496 
1 5 34.270059035991345 
1 6 10.785273433072431 
1 7 48.96480885330553 
1 8 10.100580981654671 
2 0 211.74442249345157 
2 1 117.30322546442075 
2 3 13.082592136291657 
2 4 70.8571795650763 
2 5 50.34961329801871 
2 6 13.978099741997525 
2 7 68.56536196811423 
2 8 15.730160339977413 
3 0 1225.9592037087807 
3 1 590.4153008166712 
3 2 393.78602330237885 
3 4 391.0005108431718 
3 5 267.8487870255418 
3 6 70.35513244706203 
3 7 331.42135829420164 
3 8 72.0958351414621 
4 0 126.56846059346758 
4 1 66.10613458954303 
4 2 42.656022098175924 
4 3 7.8200102168634364 
4 5 28.11012748713929 
4 6 7.877346417305592 
4 7 36.59966998657821 
4 8 7.809625926258917 
5 0 120.42186826383272 
5 1 60.924549397317946 
5 2 42.09787111862119 
5 3 7.440244084042826 
5 4 39.04184373213789 
5 6 7.259897797697529 
5 7 34.71734309326828 
5 8 7.707437533007785 
6 0 1138.7121706659107 
6 1 690.2574997166352 
6 2 420.7408022341253 
6 3 70.355132447062 
6 4 393.86732086527957 
6 5 261.35632071711103 
6 7 373.42399302774845 
6 8 77.03081805893734 
7 0 134.10305729727696 
7 1 78.34369416528881 
7 2 51.595434881005936 
7 3 8.285533957355039 
7 4 45.74958748322276 
7 5 31.245608783941464 
7 6 9.335599825693714 
7 8 9.44628744321047 
8 0 1166.8857988673183 
8 1 646.437182825899 
8 2 473.4778262333202 
8 3 72.0958351414621 
8 4 390.481296312946 
8 5 277.46775118828026 
8 6 77.03081805893738 
8 7 377.85149772841885 
P 
0 1.0 5.22689753992369 5.22689753992369 
1 1.0 46.68076176407934 46.68076176407934 
2 1.0 51.399933310100295 51.399933310100295 
3 0.0 -0.3919665877129214 -0.3919665877129214 
4 0.0 -47.57978693551323 -47.57978693551323 
5 0.0 -47.67205201474246 -47.67205201474246 
6 0.0 -1.205672579861177 -1.205672579861177 
7 0.0 -47.91578656336876 -47.91578656336876 
8 0.0 -1.8460711475396518 -1.8460711475396518 
Alfa 
0 1.0575296108291032 
1 3.90625 
2 8.305647840531561 
3 250.0 
4 5.0 
5 6.944444444444445 
6 250.0 
7 6.25 
8 250.0 
Gamma 
0 1 0.00885295930280705 
0 2 0.007472802696805836 
0 3 -0.005174794949006412 
0 4 -0.0011099914446051073 
0 5 -0.0018276895810844795 
0 6 0.00885295930280705 
0 7 0.008911426639398368 
0 8 0.007472802696805836 
1 0 0.00885295930280705 
1 2 -0.006772457935190657 
1 3 0.00885295930280705 
1 4 0.0036610187580510267 
1 5 0.0036148409525280645 
1 6 -0.014658705589705834 
1 7 -0.010872049654225169 
1 8 -0.006772457935190657 
2 0 0.007472802696805836 
2 1 -0.006772457935190657 
2 3 0.007472802696805836 
2 4 0.004414098148748602 
2 5 -0.0022701940830975875 
2 6 -0.006772457935190657 
2 7 -0.012580036547958695 
2 8 -0.0212976527974722 
3 0 -0.005174794949006412 
3 1 0.00885295930280705 
3 2 0.007472802696805836 
3 4 -0.0011099914446051073 
3 5 -0.0018276895810844795 
3 6 0.00885295930280705 
3 7 0.008911426639398368 
3 8 0.007472802696805836 
4 0 -0.0011099914446051073 
4 1 0.0036610187580510267 
4 2 0.004414098148748602 
4 3 -0.0011099914446051073 
4 5 0.00037708931698365866 
4 6 0.0036610187580510267 
4 7 0.004611235875998432 
4 8 0.004414098148748602 
5 0 -0.0018276895810844795 
5 1 0.0036148409525280645 
5 2 -0.0022701940830975875 
5 3 -0.0018276895810844795 
5 4 0.0003770893169838807 
5 6 0.0036148409525282865 
5 7 0.001726478134181697 
5 8 -0.0022701940830975875 
6 0 0.00885295930280705 
6 1 -0.014658705589705834 
6 2 -0.006772457935190657 
6 3 0.00885295930280705 
6 4 0.0036610187580510267 
6 5 0.0036148409525280645 
6 7 -0.010872049654225169 
6 8 -0.006772457935190657 
7 0 0.008911426639398368 
7 1 -0.010872049654225169 
7 2 -0.012580036547958695 
7 3 0.008911426639398368 
7 4 0.004611235875998432 
7 5 0.001726478134181697 
7 6 -0.010872049654225169 
7 8 -0.012580036547958695 
8 0 0.007472802696805836 
8 1 -0.006772457935190657 
8 2 -0.0212976527974722 
8 3 0.007472802696805836 
8 4 0.004414098148748602 
8 5 -0.0022701940830975875 
8 6 -0.006772457935190657 
8 7 -0.012580036547958695 
