9 72 72 
K 
0 1 24.50670175551746 
0 2 16.72406176204614 
0 3 3.821839417301774 
0 4 18.37919461609333 
0 5 12.689671416647704 
0 6 3.0112330831538507 
0 7 14.07410411570038 
0 8 3.122224417326596 
1 0 90.5216296094426 
1 2 37.26145790613054 
1 3 5.905750508744092 
1 4 35.15581464317358 
1 5 22.23371695676985 
1 6 8.452222820729467 
1 7 36.05060446779812 
1 8 6.956362357123599 
2 0 131.34778074909323 
2 1 79.22702013263637 
2 3 8.569302456530766 
2 4 46.531094247177144 
2 5 35.55263691797843 
2 6 9.73492991766543 
2 7 50.62689394699988 
2 8 12.781110545559159 
3 0 903.4828382501396 
3 1 377.96803255962175 
3 2 257.936003941576 
3 4 283.4631970624603 
3 5 195.7134088065751 
3 6 46.4423917739914 
3 7 217.06558049790993 
3 8 48.15421642616006 
4 0 86.89683214488926 
4 1 44.999442743262186 
4 2 28.011718736800635 
4 3 5.669263941249209 
4 5 19.560349122862462 
4 6 5.529255305907948 
4 7 24.881133969002327 
4 8 5.229523393043458 
5 0 83.32884230265329 
5 1 39.5266079231464 
5 2 29.725954756420858 
5 3 5.436483577960422 
5 4 27.167151559531195 
5 6 4.856786956907918 
5 7 23.680762919356752 
5 8 5.549555071571785 
6 0 711.8555008575701 
6 1 540.9422605266861 
6 2 293.0213905217294 
6 3 46.442391773991424 
6 4 276.4627652953974 
6 5 174.84433044868504 
6 7 283.49932729188976 
6 8 54.7043268138471 
7 0 83.17795532378919 
7 1 57.680967148476995 
7 2 38.09673769511742 
7 3 5.426639512447748 
7 4 31.10141746125291 
7 5 21.312686627421076 
7 6 7.087483182297245 
7 8 7.1123012067631475 
8 0 738.0938522560073 
8 1 445.2071908559104 
8 2 384.71142742133065 
8 3 48.154216426160076 
8 4 261.47616965217276 
8 5 199.78398257658418 
8 6 54.70432681384711 
8 7 284.49204827052586 
P 
0 1.0 4.700987670257942 4.700987670257942 
1 1.0 46.038804688288444 46.038804688288444 
2 1.0 50.55623694535421 50.55623694535421 
3 0.0 -0.9662307604347149 -0.9662307604347149 
4 0.0 -48.018362995018315 -48.018362995018315 
5 0.0 -48.07470957714364 -48.07470957714364 
6 0.0 -1.9022573739634867 -1.9022573739634867 
7 0.0 -48.314488276117686 -48.314488276117686 
8 0.0 -2.8046335427591687 -2.8046335427591687 
Alfa 
0 1.0575296108291032 
1 3.90625 
2 8.305647840531561 
3 250.0 
4 5.0 
5 6.944444444444445 
6 250.0 
7 6.25 
8 250.0 
Gamma 
0 1 0.022906271937172207 
0 2 0.022076313464673314 
0 3 -0.016392971014626445 
0 4 -0.005446386599703645 
0 5 -0.0043016428076332325 
0 6 0.022906271937172207 
0 7 0.024688465657141334 
0 8 0.022076313464673536 
1 0 0.022906271937172207 
1 2 -0.008451394753696384 
1 3 0.022906271937172207 
1 4 0.011344614209454873 
1 5 0.014910075830615988 
1 6 -0.0286231983864611 
1 7 -0.019055063326086863 
1 8 -0.008451394753696384 
2 0 0.022076313464673536 
2 1 -0.008451394753696384 
2 3 0.022076313464673536 
2 4 0.016757904076379004 
2 5 0.0016184830462675492 
2 6 -0.008451394753696384 
2 7 -0.021075390213789902 
2 8 -0.03905971954744425 
3 0 -0.016392971014626445 
3 1 0.022906271937172207 
3 2 0.022076313464673314 
3 4 -0.005446386599703645 
3 5 -0.0043016428076332325 
3 6 0.022906271937172207 
3 7 0.024688465657141334 
3 8 0.022076313464673536 
4 0 -0.005446386599703645 
4 1 0.011344614209454873 
4 2 0.016757904076379004 
4 3 -0.005446386599703645 
4 5 0.0034499838800887694 
4 6 0.011344614209454873 
4 7 0.015651691664284373 
4 8 0.016757904076379004 
5 0 -0.0043016428076332325 
5 1 0.014910075830615988 
5 2 0.0016184830462675492 
5 3 -0.0043016428076332325 
5 4 0.0034499838800887694 
5 6 0.014910075830615988 
5 7 0.011094482212453904 
5 8 0.0016184830462675492 
6 0 0.022906271937172207 
6 1 -0.028623198386461324 
6 2 -0.008451394753696384 
6 3 0.022906271937172207 
6 4 0.011344614209454873 
6 5 0.014910075830615988 
6 7 -0.019055063326086863 
6 8 -0.008451394753696384 
7 0 0.024688465657141334 
7 1 -0.019055063326086863 
7 2 -0.021075390213789902 
7 3 0.024688465657141334 
7 4 0.015651691664284373 
7 5 0.011094482212453904 
7 6 -0.019055063326086863 
7 8 -0.021075390213789902 
8 0 0.022076313464673536 
8 1 -0.008451394753696384 
8 2 -0.03905971954744425 
8 3 0.022076313464673536 
8 4 0.016757904076379004 
8 5 0.0016184830462675492 
8 6 -0.008451394753696384 
8 7 -0.021075390213789902 
