3 6 6 
K 
0 1 93.95941681260008 
0 2 62.53581544956672 
1 0 347.06259585154146 
1 2 127.11808185596686 
2 0 491.1450754909494 
2 1 270.2842936472386 
P 
0 1.0 -50.662275900878726 -50.662275900878726 
1 1.0 -14.799967711590856 -14.799967711590856 
2 1.0 -6.586527244910147 -6.586527244910147 
Alfa 
0 1.0575296108291032 
1 3.90625 
2 8.305647840531561 
Gamma 
0 1 -0.32534267743797973 
0 2 -0.3260697609736627 
1 0 -0.3253426774379795 
1 2 -0.33039462055473634 
2 0 -0.32606976097366247 
2 1 -0.33039462055473634 
