9 72 72 
K 
0 1 38.9498327679668 
0 2 26.00200311614538 
0 3 5.037285743885924 
0 4 25.92450690266283 
0 5 17.76493557560044 
0 6 4.646904686081901 
0 7 21.883686469428067 
0 8 4.764152167876918 
1 0 143.87094478667737 
1 2 53.39847942803638 
1 3 8.908167679366226 
1 4 49.99535038014829 
1 5 33.11200349299887 
1 6 10.50489319187361 
1 7 47.563395208547185 
1 8 9.783803209009204 
2 0 204.2150676630156 
2 1 113.53829512937965 
2 3 12.644541037056708 
2 4 68.49659185668042 
2 5 48.81337527288785 
2 6 13.545671398116383 
2 7 66.60762135418332 
2 8 15.345166710549542 
3 0 1190.8143498546326 
3 1 570.1227314794382 
3 2 380.60068521540677 
3 4 379.46634522547185 
3 5 260.0317607331867 
3 6 68.01841764857235 
3 7 320.3194010899787 
3 8 69.73461127071896 
4 0 122.57106863578981 
4 1 63.99404848658983 
4 2 41.23494829772161 
4 3 7.589326904509437 
4 5 27.23592070393664 
4 6 7.634801555252217 
4 7 35.42811189110496 
4 8 7.555170555413941 
5 0 116.65641027977631 
5 1 58.86578398755354 
5 2 40.8134054364979 
5 3 7.223104464810741 
5 4 37.82766764435646 
5 6 7.022974632297161 
5 7 33.61028920667269 
5 8 7.477934416060314 
6 0 1098.5282677897612 
6 1 672.313164279911 
6 2 407.7247090833032 
6 3 68.01841764857238 
6 4 381.74007776261084 
6 5 252.82708676269777 
6 7 363.17085583970936 
6 8 74.70434289233948 
7 0 129.33258703431986 
7 1 76.10143233367549 
7 2 50.12223506902296 
7 3 8.00798502724947 
7 4 44.285139863881184 
7 5 30.249260286005402 
7 6 9.079271395992732 
7 8 9.183521507796867 
8 0 1126.2455724861036 
8 1 626.163405376589 
8 2 461.8895179875412 
8 3 69.73461127071896 
8 4 377.75852777069696 
8 5 269.2056389781713 
8 6 74.70434289233948 
8 7 367.3408603118746 
P 
0 1.0 5.199057582818179 5.199057582818179 
1 1.0 46.65792786221786 46.65792786221786 
2 1.0 51.37371402881655 51.37371402881655 
3 0.0 -0.418886892736438 -0.418886892736438 
4 0.0 -47.59691928204126 -47.59691928204126 
5 0.0 -47.68589934910955 -47.68589934910955 
6 0.0 -1.2293638005197087 -1.2293638005197087 
7 0.0 -47.92822525384302 -47.92822525384302 
8 0.0 -1.8753635737057264 -1.8753635737057264 
Alfa 
0 1.0575296108291032 
1 3.90625 
2 8.305647840531561 
3 250.0 
4 5.0 
5 6.944444444444445 
6 250.0 
7 6.25 
8 250.0 
Gamma 
0 1 0.009470367767474785 
0 2 0.008109930509630159 
0 3 -0.005681195839572828 
0 4 -0.0012821564786591466 
0 5 -0.001922537997059548 
0 6 0.009470367767474785 
0 7 0.009595170820880572 
0 8 0.008109930509630159 
1 0 0.009470367767474785 
1 2 -0.0068556453885313395 
1 3 0.009470367767474785 
1 4 0.004015849144093364 
1 5 0.004104259060313531 
1 6 -0.015327370070615798 
1 7 -0.01126007844402177 
1 8 -0.0068556453885313395 
2 0 0.008109930509630159 
2 1 -0.0068556453885313395 
2 3 0.008109930509630159 
2 4 0.004945226759089483 
2 5 -0.002078755553369893 
2 6 -0.0068556453885313395 
2 7 -0.0129767476453031 
2 8 -0.022161752573588656 
3 0 -0.005681195839572828 
3 1 0.009470367767474785 
3 2 0.008109930509630159 
3 4 -0.0012821564786591466 
3 5 -0.001922537997059548 
3 6 0.009470367767474785 
3 7 0.009595170820880572 
3 8 0.008109930509630159 
4 0 -0.0012821564786591466 
4 1 0.004015849144093364 
4 2 0.004945226759089483 
4 3 -0.0012821564786591466 
4 5 0.0005217620904005571 
4 6 0.004015849144093364 
4 7 0.005096624692282559 
4 8 0.004945226759089483 
5 0 -0.001922537997059548 
5 1 0.004104259060313753 
5 2 -0.002078755553369893 
5 3 -0.001922537997059548 
5 4 0.0005217620904005571 
5 6 0.004104259060313531 
5 7 0.0021416358270673896 
5 8 -0.002078755553369893 
6 0 0.009470367767474785 
6 1 -0.015327370070615798 
6 2 -0.0068556453885313395 
6 3 0.009470367767474785 
6 4 0.004015849144093364 
6 5 0.004104259060313531 
6 7 -0.01126007844402177 
6 8 -0.0068556453885313395 
7 0 0.009595170820880794 
7 1 -0.01126007844402177 
7 2 -0.0129767476453031 
7 3 0.009595170820880572 
7 4 0.005096624692282559 
7 5 0.0021416358270673896 
7 6 -0.01126007844402177 
7 8 -0.0129767476453031 
8 0 0.008109930509630159 
8 1 -0.0068556453885313395 
8 2 -0.022161752573588656 
8 3 0.008109930509630159 
8 4 0.004945226759089483 
8 5 -0.002078755553369893 
8 6 -0.0068556453885313395 
8 7 -0.0129767476453031 
