3 6 6 
K 
0 1 43.98194466228486 
0 2 29.928340724514772 
1 0 162.45830809631468 
1 2 66.21688253431343 
2 0 235.0518188463551 
2 1 140.7933715015302 
P 
0 1.0 -10.019816003158835 -10.019816003158835 
1 1.0 28.06057529419638 28.06057529419638 
2 1.0 32.93211590594509 32.93211590594509 
Alfa 
0 1.0575296108291032 
1 3.90625 
2 8.305647840531561 
Gamma 
0 1 -0.17483483941755318 
0 2 -0.1741891077045985 
1 0 -0.17483483941755318 
1 2 -0.18714181106733685 
2 0 -0.1741891077045985 
2 1 -0.18714181106733685 
