12 24 12 
K 
0 3 134.92557115253808 
1 4 254.13587518077813 
2 5 350.097707534246 
3 0 127.58562008184002 
3 6 2416.0193337863143 
4 1 65.0587840462792 
4 9 2247.309092051079 
5 2 42.15176398712322 
5 11 2414.1740080182817 
6 3 2416.0193337863143 
6 7 1557.086551999424 
6 8 1450.9729338017783 
7 6 1557.0865519994245 
7 9 819.4027399887838 
8 6 1450.9729338017785 
8 11 791.2146673842178 
9 4 2247.309092051079 
9 7 819.4027399887839 
9 10 1909.5247450293823 
10 9 1909.5247450293823 
10 11 1373.7908346735169 
11 5 2414.1740080182817 
11 8 791.2146673842178 
11 10 1373.7908346735169 
P 
0 1.0 5.661245644793789 5.661245644793789 
1 1.0 48.007462737669016 48.007462737669016 
2 1.0 53.22964296780048 53.22964296780048 
3 0.0 -0.0 -0.0 
4 0.0 -0.0 -0.0 
5 0.0 -0.0 -0.0 
6 0.0 -454.2835554459516 -454.2835554459516 
7 0.0 -339.4943774056254 -339.4943774056254 
8 0.0 -439.3539712453525 -439.3539712453525 
9 0.0 -392.44021402914456 -392.44021402914456 
10 0.0 -387.2653389768945 -387.2653389768945 
11 0.0 -345.94128795064154 -345.94128795064154 
Alfa 
0 1.0575296108291032 
1 3.90625 
2 8.305647840531561 
3 0.0 
4 0.0 
5 0.0 
6 0.0 
7 0.0 
8 0.0 
9 0.0 
10 0.0 
11 0.0 
Gamma 
6 7 0.11710874456686438 
6 8 0.18272156076209756 
7 6 0.11710874456686438 
7 9 0.19620081728811645 
8 6 0.18272156076209756 
8 11 0.22550963518842404 
9 7 0.19620081728811645 
9 10 0.11751164543144554 
10 9 0.11751164543144554 
10 11 0.11751164543144554 
11 8 0.22550963518842404 
11 10 0.11751164543144554 
