12 24 12 
K 
0 3 134.92557115253808 
1 4 254.13587518077813 
2 5 350.097707534246 
3 0 127.58562008184002 
3 6 1162.790053693946 
4 1 65.0587840462792 
4 9 1081.5926111475762 
5 2 42.15176398712322 
5 11 1161.901928992754 
6 3 1162.790053693946 
6 7 749.3999448125562 
6 8 698.3292194767905 
7 6 749.3999448125562 
7 9 394.3649550748151 
8 6 698.3292194767906 
8 11 380.7985030191418 
9 4 1081.5926111475762 
9 7 394.3649550748151 
9 10 919.0226045595945 
10 9 919.0226045595945 
10 11 661.1827546557024 
11 5 1161.901928992754 
11 8 380.7985030191418 
11 10 661.1827546557023 
P 
0 1.0 5.661245644793789 5.661245644793789 
1 1.0 48.007462737669016 48.007462737669016 
2 1.0 53.22964296780048 53.22964296780048 
3 0.0 -0.0 -0.0 
4 0.0 -0.0 -0.0 
5 0.0 -0.0 -0.0 
6 0.0 -218.63914433227586 -218.63914433227586 
7 0.0 -168.28180443155546 -168.28180443155546 
8 0.0 -214.97371072118608 -214.97371072118608 
9 0.0 -188.87496931883933 -188.87496931883933 
10 0.0 -190.29541859719865 -190.29541859719865 
11 0.0 -166.49580703506788 -166.49580703506788 
Alfa 
0 1.0575296108291032 
1 3.90625 
2 8.305647840531561 
3 0.0 
4 0.0 
5 0.0 
6 0.0 
7 0.0 
8 0.0 
9 0.0 
10 0.0 
11 0.0 
Gamma 
6 7 0.11710874456686438 
6 8 0.18272156076209756 
7 6 0.11710874456686438 
7 9 0.19620081728811645 
8 6 0.18272156076209756 
8 11 0.22550963518842404 
9 7 0.19620081728811645 
9 10 0.11751164543144554 
10 9 0.11751164543144554 
10 11 0.11751164543144554 
11 8 0.22550963518842404 
11 10 0.11751164543144554 
