9 72 72 
K 
0 1 5.137008066712861 
0 2 4.302018309989399 
0 3 3.6556526950098474 
0 4 10.98833256875351 
0 5 8.102561877642565 
0 6 0.9019597302948829 
0 7 3.712353180279791 
0 8 1.0234791837624624 
1 0 18.974823546420627 
1 2 15.834227006735363 
1 3 2.1692688042754273 
1 4 20.540298793660277 
1 5 8.043924624493487 
1 6 10.68583867741981 
1 7 30.451086976132522 
1 8 3.7670694461556105 
2 0 33.787280015996465 
2 1 33.6674594163144 
2 3 3.8626811121964644 
2 4 18.487287444352727 
2 5 27.62790331392602 
2 6 5.91135778267997 
2 7 45.446096224849924 
2 8 19.78408085879289 
3 0 864.1962971003278 
3 1 138.83320347362735 
3 2 116.26670147711361 
3 4 296.97158181217907 
3 5 218.98050522942347 
3 6 24.3764380228385 
3 7 100.33036307329604 
3 8 27.660632789553 
4 0 51.952836385066604 
4 1 26.291582455885163 
4 2 11.129347041500345 
4 3 5.939431636243582 
4 5 14.169986121590075 
4 6 4.6162957723580655 
4 7 14.805147387770285 
4 8 2.6477467563061152 
5 0 53.20682299651951 
5 1 14.300310443543982 
5 2 23.099996937477034 
5 3 6.08279181192843 
5 4 19.680536279986214 
5 6 2.5108592362101474 
5 7 14.605984722296412 
5 8 5.495645138372886 
6 0 213.22328024171026 
6 1 683.8936753548678 
6 2 177.93186925866706 
6 3 24.376438022838503 
6 4 230.8147886179032 
6 5 90.3909325035653 
6 7 342.18398058312386 
6 8 42.331192289750746 
7 0 21.940007295453576 
7 1 48.72173916181206 
7 2 34.19818740919954 
7 3 2.508259076832402 
7 4 18.506434234712856 
7 5 13.145386250066771 
7 6 8.5545995145781 
7 8 8.135979536500287 
8 0 241.9504790414462 
8 1 241.09244455395907 
8 2 595.5008338496659 
8 3 27.660632789553 
8 4 132.38733781530578 
8 5 197.84322498142396 
8 6 42.33119228975075 
8 7 325.4391814600114 
P 
0 1.0 4.228975218386977 4.228975218386977 
1 1.0 44.58702348531078 44.58702348531078 
2 1.0 47.456343470716504 47.456343470716504 
3 0.0 -4.425310484480452 -4.425310484480452 
4 0.0 -51.196832256805045 -51.196832256805045 
5 0.0 -51.725573585998575 -51.725573585998575 
6 0.0 -6.7486305937689295 -6.7486305937689295 
7 0.0 -50.7754359652263 -50.7754359652263 
8 0.0 -9.835673473128011 -9.835673473128011 
Alfa 
0 1.0575296108291032 
1 3.90625 
2 8.305647840531561 
3 250.0 
4 5.0 
5 6.944444444444445 
6 250.0 
7 6.25 
8 250.0 
Gamma 
0 1 0.1060715748841341 
0 2 0.1151268444576321 
0 3 -0.04480650290667132 
0 4 -0.011354137091688754 
0 5 0.0015609831750542646 
0 6 0.10607157415729485 
0 7 0.12998564051038364 
0 8 0.11512684385734606 
1 0 0.10607157488413432 
1 2 0.01477735783556322 
1 3 0.10607157366662645 
1 4 0.05393863633655216 
1 5 0.10326825290968489 
1 6 -0.05623142199155007 
1 7 -0.022158931610020804 
1 8 0.014777357217159004 
2 0 0.1151268444576321 
2 1 0.01477735783556322 
2 3 0.11512684304615428 
2 4 0.11335316625576786 
2 5 0.031957512637238894 
2 6 0.014777356967492716 
2 7 -0.024635894153663074 
2 8 -0.06948074374130497 
3 0 -0.04480650290667132 
3 1 0.10607157366662645 
3 2 0.11512684304615428 
3 4 -0.011354137587383795 
3 5 0.0015609824800304484 
3 6 0.10607156748601909 
3 7 0.12998563899035642 
3 8 0.11512683794167988 
4 0 -0.011354137091688754 
4 1 0.05393863633655216 
4 2 0.11335316625576786 
4 3 -0.011354137587383795 
4 5 0.040857352033423666 
4 6 0.053938635741021645 
4 7 0.09099129850300192 
4 8 0.11335316528658512 
5 0 0.0015609831750542646 
5 1 0.10326825290968467 
5 2 0.03195751263723867 
5 3 0.0015609824800304484 
5 4 0.040857352033423666 
5 6 0.10326825134364359 
5 7 0.07977176315508627 
5 8 0.03195751196278329 
6 0 0.10607157415729485 
6 1 -0.05623142199155007 
6 2 0.014777356967492938 
6 3 0.10607156748601909 
6 4 0.053938635741021645 
6 5 0.10326825134364359 
6 7 -0.022158932030204248 
6 8 0.014777353578976138 
7 0 0.12998564051038342 
7 1 -0.022158931610020804 
7 2 -0.024635894153663074 
7 3 0.1299856389903562 
7 4 0.09099129850300192 
7 5 0.0797717631550865 
7 6 -0.022158932030204248 
7 8 -0.024635894568094008 
8 0 0.11512684385734606 
8 1 0.014777357217159004 
8 2 -0.06948074374130497 
8 3 0.11512683794167988 
8 4 0.11335316528658512 
8 5 0.03195751196278329 
8 6 0.014777353578975916 
8 7 -0.024635894568094008 
