3 6 6 
K 
0 1 174.0761896226129 
0 2 115.30405034824597 
1 0 642.9939254185267 
1 2 229.84833594259405 
2 0 905.5773256586497 
2 1 488.71406977827314 
P 
0 1.0 -180.12617717101492 -180.12617717101492 
1 1.0 -151.61981742930507 -151.61981742930507 
2 1.0 -133.8489028263163 -133.8489028263163 
Alfa 
0 1.0575296108291032 
1 3.90625 
2 8.305647840531561 
Gamma 
0 1 -0.6081409136951205 
0 2 -0.6091265171850995 
1 0 -0.6081409136951201 
1 2 -0.6111755136978142 
2 0 -0.6091265171850997 
2 1 -0.6111755136978143 
