12 24 12 
K 
0 3 134.92557115253808 
1 4 254.13587518077813 
2 5 350.097707534246 
3 0 127.58562008184002 
3 6 335.9171266226963 
4 1 65.0587840462792 
4 9 312.460087664856 
5 2 42.15176398712322 
5 11 335.66055726457404 
6 3 335.9171266226963 
6 7 216.49331739029444 
6 8 201.73955229329553 
7 6 216.49331739029444 
7 9 113.92765368828016 
8 6 201.73955229329553 
8 11 110.00845642775231 
9 4 312.460087664856 
9 7 113.92765368828016 
9 10 265.4954190949945 
10 9 265.49541909499453 
10 11 191.00835134498107 
11 5 335.66055726457404 
11 8 110.00845642775228 
11 10 191.00835134498107 
P 
0 1.0 5.661245644793789 5.661245644793789 
1 1.0 48.007462737669016 48.007462737669016 
2 1.0 53.22964296780048 53.22964296780048 
3 0.0 -0.0 -0.0 
4 0.0 -0.0 -0.0 
5 0.0 -0.0 -0.0 
6 0.0 -63.16241947376873 -63.16241947376873 
7 0.0 -55.31680783010768 -55.31680783010768 
8 0.0 -66.92900274647893 -66.92900274647893 
9 0.0 -54.56388002544259 -54.56388002544259 
10 0.0 -60.33588350131742 -60.33588350131742 
11 0.0 -48.09878869901972 -48.09878869901972 
Alfa 
0 1.0575296108291032 
1 3.90625 
2 8.305647840531561 
3 0.0 
4 0.0 
5 0.0 
6 0.0 
7 0.0 
8 0.0 
9 0.0 
10 0.0 
11 0.0 
Gamma 
6 7 0.11710874456686438 
6 8 0.18272156076209756 
7 6 0.11710874456686438 
7 9 0.19620081728811645 
8 6 0.18272156076209756 
8 11 0.22550963518842404 
9 7 0.19620081728811645 
9 10 0.11751164543144554 
10 9 0.11751164543144554 
10 11 0.11751164543144554 
11 8 0.22550963518842404 
11 10 0.11751164543144554 
