3 6 6 
K 
0 1 26.87640768819233 
0 2 19.16651792879423 
1 0 99.27473089826043 
1 2 49.52635320938944 
2 0 150.5303933012278 
2 1 105.30520283724005 
P 
0 1.0 -4.354889376134597 -4.354889376134597 
1 1.0 32.837369050189515 32.837369050189515 
2 1.0 36.059906383303584 36.059906383303584 
Alfa 
0 1.0575296108291032 
1 3.90625 
2 8.305647840531561 
Gamma 
0 1 -0.15203056789552694 
0 2 -0.1474212316951382 
1 0 -0.15203056789552694 
1 2 -0.17073624078911642 
2 0 -0.1474212316951382 
2 1 -0.17073624078911642 
