12 24 12 
K 
0 3 134.92557115253808 
1 4 254.13587518077813 
2 5 350.097707534246 
3 0 127.58562008184002 
3 6 142.11878434037143 
4 1 65.0587840462792 
4 9 132.1946524735929 
5 2 42.15176398712322 
5 11 142.01023576578126 
6 3 142.11878434037143 
6 7 91.59332658820145 
6 8 85.35134904716344 
7 6 91.59332658820145 
7 9 48.20016117581082 
8 6 85.35134904716345 
8 11 46.542039257895176 
9 4 132.1946524735929 
9 7 48.20016117581082 
9 10 112.32498500172838 
10 9 112.32498500172838 
10 11 80.8112255690304 
11 5 142.01023576578126 
11 8 46.542039257895176 
11 10 80.8112255690304 
P 
0 1.0 5.661245644793789 5.661245644793789 
1 1.0 48.007462737669016 48.007462737669016 
2 1.0 53.22964296780048 53.22964296780048 
3 0.0 -0.0 -0.0 
4 0.0 -0.0 -0.0 
5 0.0 -0.0 -0.0 
6 0.0 -26.72256208505598 -26.72256208505598 
7 0.0 -28.840636751643267 -28.840636751643267 
8 0.0 -32.23102431490681 -32.23102431490681 
9 0.0 -23.084718472302622 -23.084718472302622 
10 0.0 -29.876617463220146 -29.876617463220146 
11 0.0 -20.34948752650833 -20.34948752650833 
Alfa 
0 1.0575296108291032 
1 3.90625 
2 8.305647840531561 
3 0.0 
4 0.0 
5 0.0 
6 0.0 
7 0.0 
8 0.0 
9 0.0 
10 0.0 
11 0.0 
Gamma 
6 7 0.11710874456686438 
6 8 0.18272156076209756 
7 6 0.11710874456686438 
7 9 0.19620081728811645 
8 6 0.18272156076209756 
8 11 0.22550963518842404 
9 7 0.19620081728811645 
9 10 0.11751164543144554 
10 9 0.11751164543144554 
10 11 0.11751164543144554 
11 8 0.22550963518842404 
11 10 0.11751164543144554 
