12 24 12 
K 
0 3 134.92557115253808 
1 4 254.13587518077813 
2 5 350.097707534246 
3 0 127.58562008184002 
3 6 2454.7790022427794 
4 1 65.0587840462792 
4 9 2283.3621790893317 
5 2 42.15176398712322 
5 11 2452.9040723180406 
6 3 2454.7790022427794 
6 7 1582.066550159843 
6 8 1474.250574451005 
7 6 1582.066550159843 
7 9 832.5482384912779 
8 6 1474.250574451005 
8 11 803.9079508181895 
9 4 2283.3621790893317 
9 7 832.5482384912779 
9 10 1940.1588318480358 
10 9 1940.1588318480358 
10 11 1395.830259828707 
11 5 2452.9040723180406 
11 8 803.9079508181895 
11 10 1395.830259828707 
P 
0 1.0 5.661245644793789 5.661245644793789 
1 1.0 48.007462737669016 48.007462737669016 
2 1.0 53.22964296780048 53.22964296780048 
3 0.0 -0.0 -0.0 
4 0.0 -0.0 -0.0 
5 0.0 -0.0 -0.0 
6 0.0 -461.5715269236943 -461.5715269236943 
7 0.0 -344.78961162131833 -344.78961162131833 
8 0.0 -446.293566931667 -446.293566931667 
9 0.0 -398.7360463397726 -398.7360463397726 
10 0.0 -393.35719218451396 -393.35719218451396 
11 0.0 -351.4911481851439 -351.4911481851439 
Alfa 
0 1.0575296108291032 
1 3.90625 
2 8.305647840531561 
3 0.0 
4 0.0 
5 0.0 
6 0.0 
7 0.0 
8 0.0 
9 0.0 
10 0.0 
11 0.0 
Gamma 
6 7 0.11710874456686438 
6 8 0.18272156076209756 
7 6 0.11710874456686438 
7 9 0.19620081728811645 
8 6 0.18272156076209756 
8 11 0.22550963518842404 
9 7 0.19620081728811645 
9 10 0.11751164543144554 
10 9 0.11751164543144554 
10 11 0.11751164543144554 
11 8 0.22550963518842404 
11 10 0.11751164543144554 
