3 6 6 
K 
0 1 97.51709988027037 
0 2 64.8754022742306 
1 0 360.2037876827487 
1 2 131.6425286714068 
2 0 509.51977068531954 
2 1 279.90437989933685 
P 
0 1.0 -54.766209393167344 -54.766209393167344 
1 1.0 -19.16108351197111 -19.16108351197111 
2 1.0 -10.647563780980759 -10.647563780980759 
Alfa 
0 1.0575296108291032 
1 3.90625 
2 8.305647840531561 
Gamma 
0 1 -0.3370478666085006 
0 2 -0.3377989873118732 
1 0 -0.3370478666085006 
1 2 -0.341923678450996 
2 0 -0.3377989873118732 
2 1 -0.3419236784509958 
