3 6 6 
K 
0 1 91.70865605278124 
0 2 61.05610780075595 
1 0 338.74884829496057 
1 2 124.26007760147073 
2 0 479.52371707969155 
2 1 264.2074739699046 
P 
0 1.0 -48.14594510505014 -48.14594510505014 
1 1.0 -12.12519855060561 -12.12519855060561 
2 1.0 -4.095995599135466 -4.095995599135466 
Alfa 
0 1.0575296108291032 
1 3.90625 
2 8.305647840531561 
Gamma 
0 1 -0.31797574486547875 
0 2 -0.31868621316007717 
1 0 -0.31797574486547875 
1 2 -0.32314815053919865 
2 0 -0.31868621316007717 
2 1 -0.32314815053919865 
