9 72 72 
K 
0 1 19.73331845938711 
0 2 13.739090289482553 
0 3 3.6210821692111352 
0 4 16.46673153441923 
0 5 11.44391461216369 
0 6 2.4939590496548414 
0 7 11.56671002479383 
0 8 2.6118092869194975 
1 0 72.88994505936111 
1 2 32.750476514156766 
1 3 4.9936374105354995 
1 4 31.307921861117585 
1 5 18.970188772145146 
1 6 8.36995102951473 
1 7 34.022797535106534 
1 8 6.225885186604674 
2 0 107.90435031341119 
2 1 69.63556468126357 
2 3 7.392448986561228 
2 4 40.110012401655005 
2 5 32.66562195808172 
2 6 8.80076237922612 
2 7 47.9707637669996 
2 8 13.012264674984156 
3 0 856.0238248015124 
3 1 319.5927942742719 
3 2 222.51271449549293 
3 4 266.68848194389096 
3 5 185.34098336601608 
3 6 40.391145722661875 
3 7 187.32972789103343 
3 8 42.29980020015452 
4 0 77.85470669473415 
4 1 40.074139982230506 
4 2 24.146227465796308 
4 3 5.333769638877821 
4 5 17.760237008591837 
4 6 5.0646962532688375 
4 7 22.14203975765232 
4 8 4.59021229284116 
5 0 75.14837261987488 
5 1 33.72478003936916 
5 2 27.312089470507207 
5 3 5.148360649056001 
5 4 24.666995845266438 
5 6 4.262244110128042 
5 7 21.14153415464415 
5 8 5.192044554715095 
6 0 589.5719193384045 
6 1 535.6768658889428 
6 2 264.9029476147062 
6 3 40.3911457226619 
6 4 253.23481266344191 
6 5 153.44078796460954 
6 7 275.19414409900935 
6 8 50.35820888680516 
7 0 68.35925624653154 
7 1 54.43647605617046 
7 2 36.097999734667205 
7 3 4.683243197275837 
7 4 27.67754969706541 
7 5 19.027380739179737 
7 6 6.879853602475235 
7 8 6.862251354326912 
8 0 617.4317154277691 
8 1 398.4566519426991 
8 2 391.669166717023 
8 3 42.29980020015452 
8 4 229.51061464205802 
8 5 186.9136039697435 
8 6 50.35820888680514 
8 7 274.49005417307643 
P 
0 1.0 4.4123691012010315 4.4123691012010315 
1 1.0 45.567908701045624 45.567908701045624 
2 1.0 49.856697734751585 49.856697734751585 
3 0.0 -1.3856889221747322 -1.3856889221747322 
4 0.0 -48.39421169431038 -48.39421169431038 
5 0.0 -48.44749922400737 -48.44749922400737 
6 0.0 -2.493841244579857 -2.493841244579857 
7 0.0 -48.66012076407049 -48.66012076407049 
8 0.0 -3.6689581119869676 -3.6689581119869676 
Alfa 
0 1.0575296108291032 
1 3.90625 
2 8.305647840531561 
3 250.0 
4 5.0 
5 6.944444444444445 
6 250.0 
7 6.25 
8 250.0 
Gamma 
0 1 0.03387915178438017 
0 2 0.03362657076195763 
0 3 -0.02363039219272922 
0 4 -0.008514663412693357 
0 5 -0.005861092537157164 
0 6 0.03387915178438017 
0 7 0.03728382729100099 
0 8 0.03362657076195763 
1 0 0.03387915178438017 
1 2 -0.00869034028788751 
1 3 0.03387915178438017 
1 4 0.017069843320551392 
1 5 0.02417080415494488 
1 6 -0.03684469659518119 
1 7 -0.023609875976646766 
1 8 -0.00869034028788751 
2 0 0.03362657076195763 
2 1 -0.00869034028788751 
2 3 0.03362657076195763 
2 4 0.026937670896871158 
2 5 0.004505091310856857 
2 6 -0.00869034028788751 
2 7 -0.02596214247352946 
2 8 -0.04929646743992255 
3 0 -0.02363039219272922 
3 1 0.03387915178438017 
3 2 0.03362657076195763 
3 4 -0.008514663412693357 
3 5 -0.005861092537157164 
3 6 0.03387915178438017 
3 7 0.03728382729100099 
3 8 0.03362657076195763 
4 0 -0.008514663412693357 
4 1 0.017069843320551392 
4 2 0.026937670896871158 
4 3 -0.008514663412693357 
4 5 0.006117286469094374 
4 6 0.017069843320551392 
4 7 0.024443008848431536 
4 8 0.02693767089687138 
5 0 -0.005861092537157164 
5 1 0.02417080415494488 
5 2 0.004505091310857079 
5 3 -0.005861092537157164 
5 4 0.006117286469094374 
5 6 0.02417080415494488 
5 7 0.01856844001896052 
5 8 0.004505091310856857 
6 0 0.03387915178438017 
6 1 -0.03684469659518119 
6 2 -0.00869034028788751 
6 3 0.03387915178438017 
6 4 0.017069843320551392 
6 5 0.02417080415494488 
6 7 -0.023609875976646766 
6 8 -0.00869034028788751 
7 0 0.03728382729100099 
7 1 -0.023609875976646766 
7 2 -0.02596214247352946 
7 3 0.03728382729100077 
7 4 0.024443008848431536 
7 5 0.018568440018960297 
7 6 -0.023609875976646766 
7 8 -0.02596214247352946 
8 0 0.03362657076195763 
8 1 -0.00869034028788751 
8 2 -0.04929646743992255 
8 3 0.03362657076195763 
8 4 0.026937670896871158 
8 5 0.004505091310856857 
8 6 -0.00869034028788751 
8 7 -0.02596214247352946 
