9 72 72 
K 
0 1 17.82365094148564 
0 2 12.55328879552679 
0 3 3.5817510942973647 
0 4 15.803553884962477 
0 5 11.02344059167981 
0 6 2.2907344938112746 
0 7 10.572984762904571 
0 8 2.4124800781867477 
1 0 65.83611066511256 
1 2 31.031062741162376 
1 3 4.641524850709058 
1 4 29.958838256365368 
1 5 17.704952615422105 
1 6 8.466721648281016 
1 7 33.541149008452045 
1 8 5.963522538786282 
2 0 98.59127811503433 
2 1 65.97966828685688 
2 3 6.950803484759855 
2 4 37.651099413131035 
2 5 31.81350805733688 
2 6 8.479850875172657 
2 7 47.42176969111561 
2 8 13.357332857434228 
3 0 846.7259586918972 
3 1 297.05759044537973 
3 2 209.21918489127168 
3 4 263.38967549088295 
3 5 183.72199451911237 
3 6 38.17848943045866 
3 7 176.21447972669714 
3 8 40.207560245448946 
4 0 74.71920276810255 
4 1 38.347312968147676 
4 2 22.66596184670488 
4 3 5.267793509817658 
4 5 17.187115413871602 
4 6 4.928480301230045 
4 7 21.18358646810669 
4 8 4.355924753965783 
5 0 72.38725988536409 
5 1 31.475471316305974 
5 2 26.599627570162223 
5 3 5.103388736642009 
5 4 23.870993630377228 
5 6 4.0452962240978225 
5 7 20.26557039802993 
5 8 5.111893197507725 
6 0 541.5296343369854 
6 1 541.8701854899849 
6 2 255.243511342697 
6 3 38.17848943045866 
6 4 246.42401506150227 
6 5 145.6306640675216 
6 7 275.89002409606906 
6 8 49.05247511075438 
7 0 62.48633994876602 
7 1 53.66583841352327 
7 2 35.68488169256449 
7 3 4.405361993167428 
7 4 26.479483085133356 
7 5 18.239013358226934 
7 6 6.8972506024017255 
7 8 6.85788940077915 
8 0 570.3102904833471 
8 1 381.6654424823219 
8 2 402.0557190087702 
8 3 40.20756024544895 
8 4 217.79623769828913 
8 5 184.02815511027808 
8 6 49.052475110754365 
8 7 274.31557603116596 
P 
0 1.0 4.293096160030095 4.293096160030095 
1 1.0 45.34707301138604 45.34707301138604 
2 1.0 49.50264978399321 49.50264978399321 
3 0.0 -1.6075853888999918 -1.6075853888999918 
4 0.0 -48.605438775433626 -48.605438775433626 
5 0.0 -48.66280023120304 -48.66280023120304 
6 0.0 -2.812427981977639 -2.812427981977639 
7 0.0 -48.844754642945375 -48.844754642945375 
8 0.0 -4.143215523852816 -4.143215523852816 
Alfa 
0 1.0575296108291032 
1 3.90625 
2 8.305647840531561 
3 250.0 
4 5.0 
5 6.944444444444445 
6 250.0 
7 6.25 
8 250.0 
Gamma 
0 1 0.039790011651744006 
0 2 0.03990919543897742 
0 3 -0.026933151219556972 
0 4 -0.00993304024707542 
0 5 -0.006461104222750702 
0 6 0.039790011651744006 
0 7 0.04417751992628527 
0 8 0.03990919543897742 
1 0 0.039790011651744006 
1 2 -0.008365203254847575 
1 3 0.039790011651744006 
1 4 0.02009687054601783 
1 5 0.029367584475079367 
1 6 -0.04039486704949469 
1 7 -0.025389275214330986 
1 8 -0.008365203254847575 
2 0 0.03990919543897742 
2 1 -0.008365203254847575 
2 3 0.03990919543897742 
2 4 0.032659744015367975 
2 5 0.006094349785043196 
2 6 -0.008365203254847575 
2 7 -0.027922275049653944 
2 8 -0.05364798440499663 
3 0 -0.026933151219556972 
3 1 0.039790011651744006 
3 2 0.03990919543897742 
3 4 -0.009933040247075642 
3 5 -0.006461104222750702 
3 6 0.039790011651744006 
3 7 0.04417751992628527 
3 8 0.03990919543897742 
4 0 -0.00993304024707542 
4 1 0.02009687054601783 
4 2 0.032659744015367975 
4 3 -0.00993304024707542 
4 5 0.007740878173244425 
4 6 0.02009687054601783 
4 7 0.02927374379695169 
4 8 0.032659744015367975 
5 0 -0.006461104222750702 
5 1 0.029367584475079367 
5 2 0.006094349785043196 
5 3 -0.006461104222750702 
5 4 0.007740878173244425 
5 6 0.029367584475079367 
5 7 0.02270488111814961 
5 8 0.006094349785043196 
6 0 0.039790011651744006 
6 1 -0.04039486704949469 
6 2 -0.008365203254847575 
6 3 0.039790011651744006 
6 4 0.02009687054601783 
6 5 0.029367584475079367 
6 7 -0.025389275214330986 
6 8 -0.008365203254847575 
7 0 0.04417751992628527 
7 1 -0.025389275214330986 
7 2 -0.027922275049653944 
7 3 0.04417751992628527 
7 4 0.029273743796951468 
7 5 0.02270488111814961 
7 6 -0.025389275214330986 
7 8 -0.027922275049653944 
8 0 0.03990919543897742 
8 1 -0.008365203254847575 
8 2 -0.05364798440499663 
8 3 0.03990919543897742 
8 4 0.032659744015367975 
8 5 0.006094349785043196 
8 6 -0.008365203254847575 
8 7 -0.027922275049653944 
