12 24 12 
K 
0 3 134.92557115253808 
1 4 254.13587518077813 
2 5 350.097707534246 
3 0 127.58562008184002 
3 6 620.1546953034389 
4 1 65.0587840462792 
4 9 576.8493926120417 
5 2 42.15176398712322 
5 11 619.6810287961364 
6 3 620.1546953034389 
6 7 399.67997056669714 
6 8 372.4422503876223 
7 6 399.67997056669714 
7 9 210.32797603990176 
8 6 372.44225038762227 
8 11 203.09253494354255 
9 4 576.8493926120417 
9 7 210.3279760399017 
9 10 490.145389098451 
10 9 490.1453890984512 
10 11 352.63080248304163 
11 5 619.6810287961364 
11 8 203.09253494354255 
11 10 352.63080248304175 
P 
0 1.0 5.661245644793789 5.661245644793789 
1 1.0 48.007462737669016 48.007462737669016 
2 1.0 53.22964296780048 53.22964296780048 
3 0.0 -0.0 -0.0 
4 0.0 -0.0 -0.0 
5 0.0 -0.0 -0.0 
6 0.0 -116.60754364388063 -116.60754364388063 
7 0.0 -94.14852541185543 -94.14852541185543 
8 0.0 -117.81937111278461 -117.81937111278461 
9 0.0 -100.73331697004781 -100.73331697004781 
10 0.0 -105.00947369052668 -105.00947369052668 
11 0.0 -88.79776375203635 -88.79776375203635 
Alfa 
0 1.0575296108291032 
1 3.90625 
2 8.305647840531561 
3 0.0 
4 0.0 
5 0.0 
6 0.0 
7 0.0 
8 0.0 
9 0.0 
10 0.0 
11 0.0 
Gamma 
6 7 0.11710874456686438 
6 8 0.18272156076209756 
7 6 0.11710874456686438 
7 9 0.19620081728811645 
8 6 0.18272156076209756 
8 11 0.22550963518842404 
9 7 0.19620081728811645 
9 10 0.11751164543144554 
10 9 0.11751164543144554 
10 11 0.11751164543144554 
11 8 0.22550963518842404 
11 10 0.11751164543144554 
