9 72 72 
K 
0 1 24.680164597693224 
0 2 16.833397628761542 
0 3 3.831792728509418 
0 4 18.455969601700176 
0 5 12.740399573463419 
0 6 3.030312823468078 
0 7 14.166052132829776 
0 8 3.1411555556575665 
1 0 91.16235798272938 
1 2 37.43412998225136 
1 3 5.939867055396037 
1 4 35.30900255195285 
1 5 22.356000518169257 
1 6 8.463302390204476 
1 7 36.1469898889058 
1 8 6.9853055193116935 
2 0 132.2064850312036 
2 1 79.59416341741151 
2 3 8.61417982513493 
2 4 46.77396854164773 
2 5 35.6773175884003 
2 6 9.772836527173713 
2 7 50.75764365528875 
2 8 12.787803236273279 
3 0 905.8358010196263 
3 1 380.1514915453462 
3 2 259.2868127365614 
3 4 284.2794805613921 
3 5 196.24188005571472 
3 6 46.676266486409524 
3 7 218.20137488498403 
3 8 48.38359018767584 
4 0 87.25982427683847 
4 1 45.19552326649966 
4 2 28.157929062071936 
4 3 5.685589611227845 
4 5 19.63543267899315 
4 6 5.549256901253594 
4 7 24.990175777418646 
4 8 5.25434242449165 
5 0 83.66195719907647 
5 1 39.74400092118979 
5 2 29.830201650301365 
5 3 5.451163334880966 
5 4 27.27143427637936 
5 6 4.879900827673787 
5 7 23.782575609978643 
5 8 5.566392816630887 
6 0 716.3659514678536 
6 1 541.6513529730863 
6 2 294.16237946792876 
6 3 46.67626648640954 
6 4 277.46284506267966 
6 5 175.6764297962564 
6 7 284.0478611728162 
6 8 54.89146118382964 
7 0 83.721368105024 
7 1 57.835183822249284 
7 2 38.195126850604794 
7 3 5.455034372124603 
7 4 31.237719721773306 
7 5 21.404318048980784 
7 6 7.101196529320409 
7 8 7.12730950410334 
8 0 742.5691733574489 
8 1 447.05955323594833 
8 2 384.9128774118257 
8 3 48.38359018767586 
8 4 262.71712122458246 
8 5 200.39014139871193 
8 6 54.89146118382963 
8 7 285.0923801641335 
P 
0 1.0 4.710446417711907 4.710446417711907 
1 1.0 46.0530020679252 46.0530020679252 
2 1.0 50.57633005177273 50.57633005177273 
3 0.0 -0.9542422508637907 -0.9542422508637907 
4 0.0 -48.008150040244686 -48.008150040244686 
5 0.0 -48.064797633463506 -48.064797633463506 
6 0.0 -1.8857570200470268 -1.8857570200470268 
7 0.0 -48.304834869838935 -48.304834869838935 
8 0.0 -2.7809314925150623 -2.7809314925150623 
Alfa 
0 1.0575296108291032 
1 3.90625 
2 8.305647840531561 
3 250.0 
4 5.0 
5 6.944444444444445 
6 250.0 
7 6.25 
8 250.0 
Gamma 
0 1 0.022598562613859174 
0 2 0.021754356795196772 
0 3 -0.016168394904297667 
0 4 -0.005353279474078487 
0 5 -0.004250497683176535 
0 6 0.022598562613859174 
0 7 0.02433877568124676 
0 8 0.02175435679519655 
1 0 0.022598562613859174 
1 2 -0.008429036580122284 
1 3 0.022598562613859174 
1 4 0.0111816202751025 
1 5 0.014656886429555094 
1 6 -0.02835859440217625 
1 7 -0.018902549045451078 
1 8 -0.008429036580122284 
2 0 0.02175435679519655 
2 1 -0.008429036580122284 
2 3 0.02175435679519655 
2 4 0.016480060902425375 
2 5 0.0015376175131951442 
2 6 -0.008429036580122062 
2 7 -0.020914161645600338 
2 8 -0.038727436745944255 
3 0 -0.016168394904297445 
3 1 0.022598562613859174 
3 2 0.021754356795196772 
3 4 -0.005353279474078487 
3 5 -0.004250497683176535 
3 6 0.022598562613859174 
3 7 0.02433877568124676 
3 8 0.02175435679519655 
4 0 -0.005353279474078487 
4 1 0.0111816202751025 
4 2 0.016480060902425597 
4 3 -0.005353279474078487 
4 5 0.0033806561687199643 
4 6 0.0111816202751025 
4 7 0.015408022252568987 
4 8 0.016480060902425375 
5 0 -0.004250497683176535 
5 1 0.014656886429555094 
5 2 0.0015376175131951442 
5 3 -0.004250497683176535 
5 4 0.0033806561687199643 
5 6 0.014656886429555094 
5 7 0.010888000678937138 
5 8 0.0015376175131949221 
6 0 0.022598562613859174 
6 1 -0.02835859440217625 
6 2 -0.008429036580122284 
6 3 0.022598562613859174 
6 4 0.0111816202751025 
6 5 0.014656886429555094 
6 7 -0.018902549045451078 
6 8 -0.008429036580122284 
7 0 0.02433877568124676 
7 1 -0.018902549045451078 
7 2 -0.020914161645600338 
7 3 0.02433877568124676 
7 4 0.015408022252568987 
7 5 0.010888000678936915 
7 6 -0.018902549045451078 
7 8 -0.020914161645600338 
8 0 0.02175435679519655 
8 1 -0.008429036580122284 
8 2 -0.038727436745944255 
8 3 0.02175435679519655 
8 4 0.016480060902425375 
8 5 0.0015376175131951442 
8 6 -0.008429036580122062 
8 7 -0.020914161645600338 
