9 72 72 
K 
0 1 25.71677240587973 
0 2 17.48816198544052 
0 3 3.8947580766877294 
0 4 18.92480141752839 
0 5 13.05100148653081 
0 6 3.1447332256249565 
0 7 14.71678585809452 
0 8 3.254839920373732 
1 0 94.99132807421825 
1 2 38.47993959643247 
1 3 6.145124111373768 
1 4 36.24269419573291 
1 5 23.0924096157852 
1 6 8.539880504764373 
1 7 36.75370275792058 
1 8 7.1617614038747925 
2 0 137.3488868225295 
2 1 81.81781176650094 
2 3 8.885294828429197 
2 4 48.2396890813821 
2 5 36.448364256755156 
2 6 10.004956572669185 
2 7 51.584492262493306 
2 8 12.846621173760084 
3 0 920.7208093289795 
3 1 393.28794312792104 
3 2 267.4473743357188 
3 4 289.41797618049475 
3 5 199.58964715275113 
3 6 48.09256941237695 
3 7 225.0645745210526 
3 8 49.77643684406364 
4 0 89.47646110207423 
4 1 46.390648570538126 
4 2 29.040292826992044 
4 3 5.788359523609894 
4 5 20.096896295351787 
4 6 5.672804176806713 
4 7 25.65470440716921 
4 8 5.40488499999765 
5 0 85.70157642821898 
5 1 41.053172650284786 
5 2 30.47488233689807 
5 3 5.544156865354196 
5 4 27.912355965766356 
5 6 5.0201197107126605 
5 7 24.40384561794844 
5 8 5.671886141116937 
6 0 743.4149345377396 
6 1 546.5523523049199 
6 2 301.14919283734247 
6 3 48.092569412376946 
6 4 283.64020884033556 
6 5 180.7243095856558 
6 7 287.6394307115168 
6 8 56.048909865505145 
7 0 86.9762044213386 
7 1 58.805924412672944 
7 2 38.817330427526215 
7 3 5.6266143630263175 
7 4 32.06838050896151 
7 5 21.963461056153598 
7 6 7.190985767787923 
7 8 7.224555489767079 
8 0 769.4441571763499 
8 1 458.3527298479867 
8 2 386.6832973301785 
8 3 49.77643684406364 
8 4 270.24424999988247 
8 5 204.18790108020968 
8 6 56.04890986550515 
8 7 288.98221959068314 
P 
0 1.0 4.764965122874689 4.764965122874689 
1 1.0 46.133362341053335 46.133362341053335 
2 1.0 50.68902828045084 50.68902828045084 
3 0.0 -0.8867165792298061 -0.8867165792298061 
4 0.0 -47.95125776375598 -47.95125776375598 
5 0.0 -48.00984819992809 -48.00984819992809 
6 0.0 -1.7935253616829125 -1.7935253616829125 
7 0.0 -48.250907708329414 -48.250907708329414 
8 0.0 -2.6489650802869575 -2.6489650802869575 
Alfa 
0 1.0575296108291032 
1 3.90625 
2 8.305647840531561 
3 250.0 
4 5.0 
5 6.944444444444445 
6 250.0 
7 6.25 
8 250.0 
Gamma 
0 1 0.02087355316986561 
0 2 0.019951333406021288 
0 3 -0.014887652184159883 
0 4 -0.004825585210865624 
0 5 -0.0039575076800995035 
0 6 0.02087355316986561 
0 7 0.022381835684528006 
0 8 0.019951333406021288 
1 0 0.02087355316986561 
1 2 -0.00828848653458003 
1 3 0.02087355316986561 
1 4 0.010264901572396345 
1 5 0.013243452309017911 
1 6 -0.02683864252655921 
1 7 -0.01802208640223535 
1 8 -0.00828848653458003 
2 0 0.019951333406021288 
2 1 -0.00828848653458003 
2 3 0.019951333406021288 
2 4 0.014929622145828825 
2 5 0.001083254813469603 
2 6 -0.00828848653458003 
2 7 -0.019985904122876708 
2 8 -0.03681573411414352 
3 0 -0.014887652184160105 
3 1 0.02087355316986561 
3 2 0.019951333406021288 
3 4 -0.004825585210865624 
3 5 -0.0039575076800995035 
3 6 0.02087355316986561 
3 7 0.022381835684528006 
3 8 0.019951333406021288 
4 0 -0.004825585210865624 
4 1 0.010264901572396345 
4 2 0.014929622145828825 
4 3 -0.004825585210865402 
4 5 0.0029964371317474647 
4 6 0.010264901572396345 
4 7 0.014044489998790377 
4 8 0.014929622145828825 
5 0 -0.0039575076800995035 
5 1 0.013243452309017911 
5 2 0.001083254813469603 
5 3 -0.0039575076800995035 
5 4 0.0029964371317472427 
5 6 0.013243452309017911 
5 7 0.009732937736353975 
5 8 0.001083254813469603 
6 0 0.02087355316986561 
6 1 -0.02683864252655921 
6 2 -0.00828848653458003 
6 3 0.02087355316986561 
6 4 0.010264901572396345 
6 5 0.013243452309017911 
6 7 -0.01802208640223535 
6 8 -0.00828848653458003 
7 0 0.022381835684528006 
7 1 -0.01802208640223535 
7 2 -0.019985904122876708 
7 3 0.022381835684528006 
7 4 0.014044489998790377 
7 5 0.009732937736354197 
7 6 -0.01802208640223535 
7 8 -0.019985904122876708 
8 0 0.019951333406021288 
8 1 -0.00828848653458003 
8 2 -0.03681573411414352 
8 3 0.019951333406021288 
8 4 0.014929622145828825 
8 5 0.001083254813469603 
8 6 -0.00828848653458003 
8 7 -0.019985904122876708 
