12 24 12 
K 
0 3 134.92557115253808 
1 4 254.13587518077813 
2 5 350.097707534246 
3 0 127.58562008184002 
3 6 90.43922639841819 
4 1 65.0587840462792 
4 9 84.12386975592274 
5 2 42.15176398712322 
5 11 90.37015003276991 
6 3 90.43922639841819 
6 7 58.28666237431002 
6 8 54.314494848194926 
7 6 58.28666237431002 
7 9 30.67282983915233 
8 6 54.314494848194926 
8 11 29.617661345933293 
9 4 84.12386975592274 
9 7 30.67282983915233 
9 10 71.4795359101908 
10 9 71.4795359101908 
10 11 51.42532536211026 
11 5 90.37015003276991 
11 8 29.617661345933293 
11 10 51.42532536211027 
P 
0 1.0 5.661245644793789 5.661245644793789 
1 1.0 48.007462737669016 48.007462737669016 
2 1.0 53.22964296780048 53.22964296780048 
3 0.0 -0.0 -0.0 
4 0.0 -0.0 -0.0 
5 0.0 -0.0 -0.0 
6 0.0 -17.005266781399264 -17.005266781399264 
7 0.0 -21.78032446405276 -21.78032446405276 
8 0.0 -22.97823006648759 -22.97823006648759 
9 0.0 -14.690275391465308 -14.690275391465308 
10 0.0 -21.754146519727552 -21.754146519727552 
11 0.0 -12.949673880505301 -12.949673880505301 
Alfa 
0 1.0575296108291032 
1 3.90625 
2 8.305647840531561 
3 0.0 
4 0.0 
5 0.0 
6 0.0 
7 0.0 
8 0.0 
9 0.0 
10 0.0 
11 0.0 
Gamma 
6 7 0.11710874456686438 
6 8 0.18272156076209756 
7 6 0.11710874456686438 
7 9 0.19620081728811667 
8 6 0.18272156076209756 
8 11 0.22550963518842404 
9 7 0.19620081728811667 
9 10 0.11751164543144554 
10 9 0.11751164543144554 
10 11 0.11751164543144554 
11 8 0.22550963518842404 
11 10 0.11751164543144554 
