12 24 12 
K 
0 3 134.92557115253808 
1 4 254.13587518077813 
2 5 350.097707534246 
3 0 127.58562008184002 
3 6 193.7983422823247 
4 1 65.0587840462792 
4 9 180.26543519126307 
5 2 42.15176398712322 
5 11 193.65032149879272 
6 3 193.7983422823247 
6 7 124.89999080209292 
6 8 116.38820324613202 
7 6 124.89999080209289 
7 9 65.72749251246931 
8 6 116.38820324613202 
8 11 63.46641716985706 
9 4 180.26543519126307 
9 7 65.72749251246933 
9 10 153.170434093266 
10 9 153.17043409326604 
10 11 110.1971257759506 
11 5 193.65032149879272 
11 8 63.46641716985707 
11 10 110.1971257759506 
P 
0 1.0 5.661245644793789 5.661245644793789 
1 1.0 48.007462737669016 48.007462737669016 
2 1.0 53.22964296780048 53.22964296780048 
3 0.0 -0.0 -0.0 
4 0.0 -0.0 -0.0 
5 0.0 -0.0 -0.0 
6 0.0 -36.4398573887127 -36.4398573887127 
7 0.0 -35.90094903923378 -35.90094903923378 
8 0.0 -41.48381856332605 -41.48381856332605 
9 0.0 -31.47916155313995 -31.47916155313995 
10 0.0 -37.99908840671275 -37.99908840671275 
11 0.0 -27.749301172511366 -27.749301172511366 
Alfa 
0 1.0575296108291032 
1 3.90625 
2 8.305647840531561 
3 0.0 
4 0.0 
5 0.0 
6 0.0 
7 0.0 
8 0.0 
9 0.0 
10 0.0 
11 0.0 
Gamma 
6 7 0.11710874456686438 
6 8 0.18272156076209756 
7 6 0.11710874456686438 
7 9 0.19620081728811645 
8 6 0.18272156076209756 
8 11 0.22550963518842404 
9 7 0.19620081728811645 
9 10 0.11751164543144554 
10 9 0.11751164543144554 
10 11 0.11751164543144554 
11 8 0.22550963518842404 
11 10 0.11751164543144554 
