3 6 6 
K 
0 1 0.7514659263589655 
0 2 0.7778921129521787 
1 0 2.77572726548843 
1 2 4.336056837719808 
2 0 6.109425099730735 
2 1 9.219522844321183 
P 
0 1.0 3.9982223294826333 3.9982223294826333 
1 1.0 43.26926875573512 43.26926875573512 
2 1.0 45.03276195938924 45.03276195938924 
Alfa 
0 1.0575296108291032 
1 3.90625 
2 8.305647840531561 
Gamma 
0 1 -0.7770542009894532 
0 2 -0.6523971520267868 
1 0 -0.7770542009894532 
1 2 -0.5973524821524673 
2 0 -0.6523971520267868 
2 1 -0.5973524821524673 
