9 72 72 
K 
0 1 38.009026925091185 
0 2 25.39044530425189 
0 3 4.943627328021951 
0 4 25.38859813190704 
0 5 17.401687134157946 
0 6 4.538517396554048 
0 7 21.368774828465654 
0 8 4.654603639729822 
1 0 140.39584320455558 
1 2 52.27465531079179 
1 3 8.706258776280004 
1 4 48.948796590185026 
1 5 32.37511695242486 
1 6 10.329482230562627 
1 7 46.68040439602541 
1 8 9.583045825292684 
2 0 199.41200232309455 
2 1 111.14876876713204 
2 3 12.365982180764997 
2 4 66.99565275784838 
2 5 47.841827410580976 
2 6 13.271863593071496 
2 7 65.37449252323795 
2 8 15.105532889748632 
3 0 1168.6735003443894 
3 1 557.2005616819202 
3 2 372.21606364102655 
3 4 372.18898466660033 
3 5 255.1033433314498 
3 6 66.53325925830754 
3 7 313.2596201513249 
3 8 68.23504762633293 
4 0 120.03729196765651 
4 1 62.65445963543683 
4 2 40.331382960224744 
4 3 7.443779693332008 
4 5 26.682390318561865 
4 6 7.481337409335461 
4 7 34.68498297281727 
4 8 7.393592340444799 
5 0 114.2710788476372 
5 1 57.55576347097754 
5 2 40.0010834738469 
5 3 7.086203981429161 
5 4 37.05887544244703 
5 6 6.872520948768144 
5 7 32.9082533160447 
5 8 7.333041484677108 
6 0 1072.905512545377 
6 1 661.0868627560081 
6 2 399.4830941514521 
6 3 66.5332592583075 
6 4 374.066870466773 
6 5 247.4107541556531 
6 7 356.73180958336235 
6 8 73.23366887687075 
7 0 126.28945923623196 
7 1 74.68864703364065 
7 2 49.19430562373656 
7 3 7.83149050378312 
7 4 43.35622871602157 
7 5 29.617427984440226 
7 6 8.918295239584058 
7 8 9.018352819983049 
8 0 1100.34830043213 
8 1 613.3149328187318 
8 2 454.6765399814339 
8 3 68.23504762633293 
8 4 369.6796170222399 
8 5 263.98949344837575 
8 6 73.23366887687075 
8 7 360.7341127993219 
P 
0 1.0 5.179848431264084 5.179848431264084 
1 1.0 46.641018203261794 46.641018203261794 
2 1.0 51.35385073973564 51.35385073973564 
3 0.0 -0.43762859195629716 -0.43762859195629716 
4 0.0 -47.609164559459494 -47.609164559459494 
5 0.0 -47.6960169263419 -47.6960169263419 
6 0.0 -1.2468852519871354 -1.2468852519871354 
7 0.0 -47.937609013365226 -47.937609013365226 
8 0.0 -1.8974747345931684 -1.8974747345931684 
Alfa 
0 1.0575296108291032 
1 3.90625 
2 8.305647840531561 
3 250.0 
4 5.0 
5 6.944444444444445 
6 250.0 
7 6.25 
8 250.0 
Gamma 
0 1 0.009902872174345267 
0 2 0.00855652429251652 
0 3 -0.006038621504277142 
0 4 -0.0014062301655197729 
0 5 -0.0019919666289558435 
0 6 0.009902872174345045 
0 7 0.010074809621997582 
0 8 0.00855652429251652 
1 0 0.009902872174345045 
1 2 -0.006915621063285249 
1 3 0.009902872174345045 
1 4 0.004262693616890356 
1 5 0.004446999052454492 
1 6 -0.01579642353892008 
1 7 -0.011533381261703557 
1 8 -0.006915621063285249 
2 0 0.00855652429251652 
2 1 -0.006915621063285249 
2 3 0.00855652429251652 
2 4 0.005317539372690749 
2 5 -0.0019470959002745314 
2 6 -0.006915621063285249 
2 7 -0.013256484601300578 
2 8 -0.02276662143865904 
3 0 -0.006038621504277142 
3 1 0.009902872174345267 
3 2 0.00855652429251652 
3 4 -0.0014062301655197729 
3 5 -0.0019919666289558435 
3 6 0.009902872174345045 
3 7 0.010074809621997582 
3 8 0.00855652429251652 
4 0 -0.0014062301655197729 
4 1 0.004262693616890578 
4 2 0.005317539372690749 
4 3 -0.0014062301655197729 
4 5 0.0006210744088850362 
4 6 0.004262693616890356 
4 7 0.00543618769597054 
4 8 0.005317539372690749 
5 0 -0.0019919666289558435 
5 1 0.00444699905245427 
5 2 -0.0019470959002745314 
5 3 -0.0019919666289558435 
5 4 0.0006210744088850362 
5 6 0.00444699905245427 
5 7 0.0024316001161299727 
5 8 -0.0019470959002745314 
6 0 0.009902872174345045 
6 1 -0.01579642353892008 
6 2 -0.006915621063285249 
6 3 0.009902872174345045 
6 4 0.004262693616890356 
6 5 0.004446999052454492 
6 7 -0.011533381261703557 
6 8 -0.006915621063285249 
7 0 0.010074809621997582 
7 1 -0.011533381261703557 
7 2 -0.013256484601300578 
7 3 0.010074809621997582 
7 4 0.00543618769597054 
7 5 0.0024316001161299727 
7 6 -0.011533381261703557 
7 8 -0.0132564846013008 
8 0 0.00855652429251652 
8 1 -0.006915621063285249 
8 2 -0.02276662143865904 
8 3 0.00855652429251652 
8 4 0.005317539372690749 
8 5 -0.0019470959002745314 
8 6 -0.006915621063285249 
8 7 -0.013256484601300578 
