9 72 72 
K 
0 1 28.671187597982872 
0 2 19.36665191315035 
0 3 4.10332247930479 
0 4 20.346393744850573 
0 5 13.999484093118264 
0 6 3.474290234123453 
0 7 16.297484582265803 
0 8 3.583639098877996 
1 0 105.90419919004924 
1 2 41.585485630581026 
1 3 6.741989202972114 
1 4 39.05863573932373 
1 5 25.241205780958797 
1 6 8.843913629077953 
1 7 38.74266605398641 
1 8 7.695050900893543 
2 0 152.10220970992506 
2 1 88.42096612482345 
2 3 9.683010338166728 
2 4 52.54288001592714 
2 5 38.86274854339353 
2 6 10.714592761439974 
2 7 54.32299758854335 
2 8 13.168184840248557 
3 0 970.0254341076525 
3 1 431.48730899021524 
3 2 291.45861117881833 
3 4 306.2032451435174 
3 5 210.6853682969137 
3 6 52.286363745824815 
3 7 245.26914839781995 
3 8 53.93201052040741 
4 0 96.19774962565356 
4 1 49.99505374633435 
4 2 31.630813769588126 
4 3 6.124064902870349 
4 5 21.519039410232377 
4 6 6.058253652443295 
4 7 27.65788082932436 
4 8 5.853021031325259 
5 0 91.92994554480994 
5 1 44.873254721704534 
5 2 32.49357586544847 
5 3 5.8523713415809375 
5 4 29.887554736433856 
5 6 5.4376091021747746 
5 7 26.282887278257267 
5 8 6.012668036580492 
6 0 821.3222113467843 
6 1 566.0104722609888 
6 2 322.5092421193431 
6 3 52.28636374582483 
6 4 302.9126826221648 
6 5 195.7539276782919 
6 7 300.4622328509137 
6 8 59.677673507603345 
7 0 96.3181338811909 
7 1 61.98826568637826 
7 2 40.87805568537886 
7 3 6.131728709945499 
7 4 34.57235103665545 
7 5 23.654598550431537 
7 6 7.511555821272844 
7 8 7.564146828123886 
8 0 847.1722829747583 
8 1 492.4832576571867 
8 2 396.36236369148156 
8 3 53.93201052040741 
8 4 292.6510515662628 
8 5 216.45604931689772 
8 6 59.677673507603345 
8 7 302.56587312495543 
P 
0 1.0 4.901077437914291 4.901077437914291 
1 1.0 46.32247405591334 46.32247405591334 
2 1.0 50.94720728351694 50.94720728351694 
3 0.0 -0.7282943121358917 -0.7282943121358917 
4 0.0 -47.822421566858615 -47.822421566858615 
5 0.0 -47.88741702270875 -47.88741702270875 
6 0.0 -1.5834989817071017 -1.5834989817071017 
7 0.0 -48.128558323770285 -48.128558323770285 
8 0.0 -2.352363775858236 -2.352363775858236 
Alfa 
0 1.0575296108291032 
1 3.90625 
2 8.305647840531561 
3 250.0 
4 5.0 
5 6.944444444444445 
6 250.0 
7 6.25 
8 250.0 
Gamma 
0 1 0.016889849100903964 
0 2 0.015799276925262173 
0 3 -0.011793942136176572 
0 4 -0.0035774739211225093 
0 5 -0.0032470648050191286 
0 6 0.016889849100903964 
0 7 0.01788452607233948 
0 8 0.015799276925262173 
1 0 0.016889849100903964 
1 2 -0.007870342380822626 
1 3 0.016889849100903964 
1 4 0.008125914836269121 
1 5 0.010015345204047232 
1 6 -0.023089338870497356 
1 7 -0.01582659304854306 
1 8 -0.007870342380822626 
2 0 0.015799276925262173 
2 1 -0.007870342380822626 
2 3 0.015799276925262173 
2 4 0.011393304865988663 
2 5 2.212850556215784e-05 
2 6 -0.007870342380822626 
2 7 -0.017688426755149145 
2 8 -0.032078705993193735 
3 0 -0.011793942136176572 
3 1 0.016889849100903964 
3 2 0.015799276925262173 
3 4 -0.0035774739211225093 
3 5 -0.0032470648050191286 
3 6 0.016889849100903964 
3 7 0.01788452607233948 
3 8 0.015799276925262173 
4 0 -0.0035774739211225093 
4 1 0.008125914836269121 
4 2 0.011393304865988663 
4 3 -0.0035774739211225093 
4 5 0.0021325013706285922 
4 6 0.008125914836269121 
4 7 0.010909767375876012 
4 8 0.011393304865988663 
5 0 -0.0032470648050193507 
5 1 0.010015345204047232 
5 2 2.212850556215784e-05 
5 3 -0.0032470648050191286 
5 4 0.0021325013706285922 
5 6 0.010015345204047232 
5 7 0.00707859413991474 
5 8 2.212850556215784e-05 
6 0 0.016889849100903964 
6 1 -0.023089338870497356 
6 2 -0.007870342380822626 
6 3 0.016889849100903964 
6 4 0.008125914836269121 
6 5 0.010015345204047232 
6 7 -0.01582659304854306 
6 8 -0.007870342380822626 
7 0 0.01788452607233948 
7 1 -0.01582659304854306 
7 2 -0.017688426755149145 
7 3 0.01788452607233948 
7 4 0.010909767375876012 
7 5 0.00707859413991474 
7 6 -0.01582659304854306 
7 8 -0.017688426755149145 
8 0 0.015799276925262173 
8 1 -0.007870342380822626 
8 2 -0.032078705993193735 
8 3 0.015799276925262173 
8 4 0.011393304865988663 
8 5 2.212850556215784e-05 
8 6 -0.007870342380822626 
8 7 -0.017688426755149145 
