9 72 72 
K 
0 1 26.406676577085772 
0 2 17.925224761783042 
0 3 3.9398090498773155 
0 4 19.24596920971765 
0 5 13.26450126097824 
0 6 3.2212519443572387 
0 7 15.084486784105607 
0 8 3.331009890964986 
1 0 97.5396616066106 
1 2 39.18901754497442 
1 3 6.282994487753245 
1 4 36.88070828483897 
1 5 23.587773004200443 
1 6 8.600156768258381 
1 7 37.185397652095396 
1 8 7.282419428169295 
2 0 140.78149945799038 
2 1 83.3254858099124 
2 3 9.06840735863536 
2 4 49.22845115190637 
2 5 36.984956713659415 
2 6 10.164565101410941 
2 7 52.17596058037468 
2 8 12.90256924767266 
3 0 931.3708593909975 
3 1 402.11164721620787 
3 2 272.9590614949244 
3 4 293.07089661966296 
3 5 201.98719198847627 
3 6 49.0520994439676 
3 7 229.70129582422538 
3 8 50.72345511709338 
4 0 90.99494242354508 
4 1 47.2073066045939 
4 2 29.63552759344764 
4 3 5.861417932393262 
4 5 20.415557753200915 
4 6 5.758643187983423 
4 7 26.108699069268642 
4 8 5.507112845145738 
5 0 87.10355828042374 
5 1 41.93381867413414 
5 2 30.923533252254128 
5 3 5.610755333013229 
5 4 28.354941323890152 
5 6 5.115350072321965 
5 7 24.828977638689075 
5 8 5.746460448655313 
6 0 761.503959646051 
6 1 550.4100331685364 
6 2 305.95340955246934 
6 3 49.05209944396758 
6 4 287.932159399171 
6 5 184.15260260359068 
6 7 290.31090621668204 
6 8 56.85473108078126 
7 0 89.14931689406413 
7 1 59.496636243352654 
7 2 39.26241033673194 
7 3 5.742532395605631 
7 4 32.635873836585795 
7 5 22.34607987482017 
7 6 7.2577726554170505 
7 8 7.296057868887261 
8 0 787.4507382241225 
8 1 466.074843402835 
8 2 388.367334354947 
8 3 50.72345511709336 
8 4 275.3556422572869 
8 5 206.87257615159123 
8 6 56.85473108078126 
8 7 291.8423147554905 
P 
0 1.0 4.799300661385439 4.799300661385439 
1 1.0 46.18266301071843 46.18266301071843 
2 1.0 50.75729780068365 50.75729780068365 
3 0.0 -0.8454693864017838 -0.8454693864017838 
4 0.0 -47.91705829295008 -47.91705829295008 
5 0.0 -47.9770527847405 -47.9770527847405 
6 0.0 -1.737869158545903 -1.737869158545903 
7 0.0 -48.21840645348201 -48.21840645348201 
8 0.0 -2.5697934823768662 -2.5697934823768662 
Alfa 
0 1.0575296108291032 
1 3.90625 
2 8.305647840531561 
3 250.0 
4 5.0 
5 6.944444444444445 
6 250.0 
7 6.25 
8 250.0 
Gamma 
0 1 0.01982720914565106 
0 2 0.01885918690410393 
0 3 -0.01409302373209953 
0 4 -0.004501192659065234 
0 5 -0.0037749874277974715 
0 6 0.01982720914565106 
0 7 0.02119761724073177 
0 8 0.01885918690410393 
1 0 0.01982720914565106 
1 2 -0.008190922997531214 
1 3 0.01982720914565106 
1 4 0.009706231342220706 
1 5 0.012390862790833124 
1 6 -0.025886199327270987 
1 7 -0.017467067686218973 
1 8 -0.008190922997531214 
2 0 0.01885918690410393 
2 1 -0.008190922997531214 
2 3 0.01885918690410393 
2 4 0.013994946399088715 
2 5 0.0008064961669023152 
2 6 -0.008190922997531214 
2 7 -0.019402866846590427 
2 8 -0.03561525300598656 
3 0 -0.01409302373209953 
3 1 0.01982720914565106 
3 2 0.01885918690410393 
3 4 -0.004501192659065234 
3 5 -0.0037749874277974715 
3 6 0.01982720914565106 
3 7 0.02119761724073177 
3 8 0.01885918690410393 
4 0 -0.004501192659065456 
4 1 0.009706231342220706 
4 2 0.013994946399088493 
4 3 -0.004501192659065234 
4 5 0.002766734127267023 
4 6 0.009706231342220706 
4 7 0.013219343439057951 
4 8 0.013994946399088493 
5 0 -0.0037749874277974715 
5 1 0.012390862790833124 
5 2 0.0008064961669023152 
5 3 -0.0037749874277974715 
5 4 0.002766734127267023 
5 6 0.012390862790833124 
5 7 0.009034177535059307 
5 8 0.0008064961669023152 
6 0 0.01982720914565106 
6 1 -0.025886199327270987 
6 2 -0.008190922997531214 
6 3 0.01982720914565106 
6 4 0.009706231342220706 
6 5 0.012390862790833124 
6 7 -0.017467067686218973 
6 8 -0.008190922997531214 
7 0 0.02119761724073177 
7 1 -0.017467067686218973 
7 2 -0.019402866846590427 
7 3 0.02119761724073177 
7 4 0.013219343439057951 
7 5 0.009034177535059307 
7 6 -0.017467067686218973 
7 8 -0.019402866846590427 
8 0 0.01885918690410393 
8 1 -0.008190922997531214 
8 2 -0.03561525300598656 
8 3 0.01885918690410393 
8 4 0.013994946399088715 
8 5 0.0008064961669023152 
8 6 -0.008190922997531214 
8 7 -0.019402866846590427 
