3 6 6 
K 
0 1 36.23557281088325 
0 2 25.01456100821343 
1 0 133.84514707020006 
1 2 58.22902870535601 
2 0 196.45987449640046 
2 1 123.80923046985993 
P 
0 1.0 -6.8980363214554306 -6.8980363214554306 
1 1.0 30.977254085172174 30.977254085172174 
2 1.0 35.25737740778319 35.25737740778319 
Alfa 
0 1.0575296108291032 
1 3.90625 
2 8.305647840531561 
Gamma 
0 1 -0.1592296189099014 
0 2 -0.15752699012350946 
1 0 -0.1592296189099014 
1 2 -0.17466506368100787 
2 0 -0.15752699012350946 
2 1 -0.17466506368100787 
