9 72 72 
K 
0 1 31.580914032022907 
0 2 21.232138647191285 
0 3 4.34212663332324 
0 4 21.846730746822548 
0 5 15.007576033485146 
0 6 3.802967678688871 
0 7 17.867788568118595 
0 8 3.9132087148263413 
1 0 116.65200120578463 
1 2 44.799662830793956 
1 3 7.34394733556483 
1 4 42.01304887753004 
1 5 27.41884174146333 
1 6 9.240596253622877 
1 7 41.00408493165492 
1 8 8.256842794964307 
2 0 166.75340784704383 
2 1 95.25509704886422 
2 3 10.498133187567857 
2 4 56.934145925363474 
2 5 41.4892852341025 
2 6 11.470600722318558 
2 7 57.46083131063503 
2 8 13.656779762013121 
3 0 1026.4787361176136 
3 1 470.0126294761491 
3 2 315.9938089457924 
3 4 325.14066417962283 
3 5 223.3548486408314 
3 6 56.598831707685974 
3 7 265.9228380568617 
3 8 58.2395277058641 
4 0 103.29134297097701 
4 1 53.77670256323843 
4 2 34.27435584706883 
4 3 6.50281328359246 
4 5 23.042757310615947 
4 6 6.475780324378437 
4 7 29.75814120894747 
4 8 6.316966473537579 
5 0 98.54974928655244 
5 1 48.74460754037925 
5 2 34.68965237629127 
5 3 6.204301351134208 
5 4 32.00382959807771 
5 6 5.86981639601905 
5 7 28.259396378690663 
5 8 6.393508079844646 
6 0 899.0215592420494 
6 1 591.3981602318642 
6 2 345.2650817417888 
6 3 56.598831707685996 
6 4 323.7890162189218 
6 5 211.3133902566858 
6 7 316.0130644095785 
6 8 63.63439638596779 
7 0 105.5986304375809 
7 1 65.60653589064788 
7 2 43.23927556125286 
7 3 6.648070951421543 
7 4 37.19767651118435 
7 5 25.433456740821594 
7 6 7.9003266102394605 
7 8 7.969254193404377 
8 0 925.082540184947 
8 1 528.4379388777156 
8 2 411.06907083659496 
8 3 58.2395277058641 
8 4 315.848323676879 
8 5 230.16629087440725 
8 6 63.63439638596779 
8 7 318.77016773617515 
P 
0 1.0 5.009176739040051 5.009176739040051 
1 1.0 46.459161467126165 46.459161467126165 
2 1.0 51.127084941053326 51.127084941053326 
3 0.0 -0.6109640882263578 -0.6109640882263578 
4 0.0 -47.73199100507381 -47.73199100507381 
5 0.0 -47.80381640028101 -47.80381640028101 
6 0.0 -1.4369158059761251 -1.4369158059761251 
7 0.0 -48.044031442000055 -48.044031442000055 
8 0.0 -2.149775093694646 -2.149775093694646 
Alfa 
0 1.0575296108291032 
1 3.90625 
2 8.305647840531561 
3 250.0 
4 5.0 
5 6.944444444444445 
6 250.0 
7 6.25 
8 250.0 
Gamma 
0 1 0.014010801261529204 
0 2 0.012808658264082284 
0 3 -0.009454418800956432 
0 4 -0.002664895154101732 
0 5 -0.002717657781579952 
0 6 0.014010801261529204 
0 7 0.014653691757057663 
0 8 0.012808658264082284 
1 0 0.014010801261529204 
1 2 -0.007498217853310063 
1 3 0.014010801261529204 
1 4 0.006556089949294686 
1 5 0.007709724048423405 
1 6 -0.020178221525430695 
1 7 -0.014109864760432744 
1 8 -0.007498217853310063 
2 0 0.012808658264082284 
2 1 -0.007498217853310063 
2 3 0.012808658264082284 
2 4 0.00887276916596802 
2 5 -0.0007641636543149755 
2 6 -0.007498217853310063 
2 7 -0.0159073045467939 
2 8 -0.028379010664352666 
3 0 -0.00945441880095621 
3 1 0.014010801261529204 
3 2 0.012808658264082284 
3 4 -0.002664895154101732 
3 5 -0.002717657781579952 
3 6 0.014010801261529204 
3 7 0.014653691757057663 
3 8 0.012808658264082284 
4 0 -0.00266489515410151 
4 1 0.006556089949294686 
4 2 0.00887276916596802 
4 3 -0.00266489515410151 
4 5 0.001518576280033379 
4 6 0.006556089949294686 
4 7 0.008653433984441294 
4 8 0.00887276916596802 
5 0 -0.002717657781579952 
5 1 0.007709724048423405 
5 2 -0.0007641636543149755 
5 3 -0.002717657781579952 
5 4 0.001518576280033379 
5 6 0.007709724048423405 
5 7 0.0051668055315241546 
5 8 -0.0007641636543149755 
6 0 0.014010801261529204 
6 1 -0.020178221525430695 
6 2 -0.007498217853310063 
6 3 0.014010801261529204 
6 4 0.006556089949294686 
6 5 0.007709724048423405 
6 7 -0.014109864760432744 
6 8 -0.007498217853310063 
7 0 0.014653691757057663 
7 1 -0.014109864760432744 
7 2 -0.0159073045467939 
7 3 0.014653691757057663 
7 4 0.008653433984441294 
7 5 0.005166805531524377 
7 6 -0.014109864760432744 
7 8 -0.0159073045467939 
8 0 0.012808658264082284 
8 1 -0.007498217853310063 
8 2 -0.028379010664352666 
8 3 0.012808658264082284 
8 4 0.00887276916596802 
8 5 -0.0007641636543149755 
8 6 -0.007498217853310063 
8 7 -0.0159073045467939 
