9 72 72 
K 
0 1 50.6500443018337 
0 2 33.64097928475828 
0 3 6.262937061378024 
0 4 32.781440759356684 
0 5 22.423040684438615 
0 6 6.002953780219679 
0 7 28.315458146163667 
0 8 6.138069798370959 
1 0 187.08860113989823 
1 2 67.71136513126062 
1 3 11.447058974487954 
1 4 63.35474125865174 
1 5 42.40516542399273 
1 6 12.85876507640239 
1 7 59.114586647558355 
1 8 12.354488310242594 
2 0 264.2102160437493 
2 1 143.97100891696618 
2 3 16.165762672272272 
2 4 87.47968244741692 
2 5 61.3479527323675 
2 6 17.063189660208337 
2 7 82.75640423902442 
2 8 18.61889217440492 
3 0 1480.558321309765 
3 1 732.6117743672291 
3 2 486.5894564353955 
3 4 474.1569294176717 
3 5 324.3310810281052 
3 6 86.82785338081115 
3 7 409.5601162925531 
3 8 88.78219689951287 
4 0 154.99065191023846 
4 1 81.09406881107422 
4 2 52.662768833345 
4 3 9.48313858835344 
4 5 34.345856930224244 
4 6 9.611125787410398 
4 7 44.91085390249871 
4 8 9.608749737585676 
5 0 147.2446338278136 
5 1 75.38696075376488 
5 2 51.293704923451735 
5 3 9.009196695225143 
5 4 47.702579069755885 
5 6 8.934729421741137 
5 7 42.576950506027266 
5 8 9.358952911927787 
6 0 1419.0982736439316 
6 1 822.9609648897527 
6 2 513.6020087722709 
6 3 86.82785338081112 
6 4 480.55628937051983 
6 5 321.65025918268077 
6 7 448.3940087616304 
6 8 93.71085638568339 
7 0 167.3443576438273 
7 1 94.58333863609344 
7 2 62.274194189865874 
7 3 10.239002907313829 
7 4 56.13856737812339 
7 5 38.31925545542454 
7 6 11.209850219040765 
7 8 11.362432328118553 
8 0 1451.0397003348946 
8 1 790.6872518555259 
8 2 560.4286544495881 
8 3 88.78219689951285 
8 4 480.4374868792839 
8 5 336.92230482940033 
8 6 93.71085638568339 
8 7 454.497293124742 
P 
0 1.0 5.365932125782261 5.365932125782261 
1 1.0 46.75374996795879 46.75374996795879 
2 1.0 51.46984132585399 51.46984132585399 
3 0.0 -0.26135089156500985 -0.26135089156500985 
4 0.0 -47.506977763323384 -47.506977763323384 
5 0.0 -47.62041347519756 -47.62041347519756 
6 0.0 -1.1270634427279027 -1.1270634427279027 
7 0.0 -47.881098676275855 -47.881098676275855 
8 0.0 -1.7634234037047298 -1.7634234037047298 
Alfa 
0 1.0575296108291032 
1 3.90625 
2 8.305647840531561 
3 250.0 
4 5.0 
5 6.944444444444445 
6 250.0 
7 6.25 
8 250.0 
Gamma 
0 1 0.005891427480640976 
0 2 0.004423980118221538 
0 3 -0.002885044235250822 
0 4 -0.0004171133425336926 
0 5 -0.0014895317307273004 
0 6 0.005891427480640976 
0 7 0.005650747549462709 
0 8 0.004423980118221538 
1 0 0.005891427480640976 
1 2 -0.006461402495355095 
1 3 0.005891427480640976 
1 4 0.001902650367966885 
1 5 0.001255272908619931 
1 6 -0.011555629868657658 
1 7 -0.00911509910712116 
1 8 -0.006461402495355095 
2 0 0.004423980118221538 
2 1 -0.006461402495355095 
2 3 0.004423980118221538 
2 4 0.001865127510230602 
2 5 -0.0032726955527244694 
2 6 -0.006461402495355095 
2 7 -0.010790106680925726 
2 8 -0.017246247086634803 
3 0 -0.002885044235250822 
3 1 0.005891427480640976 
3 2 0.004423980118221538 
3 4 -0.0004171133425336926 
3 5 -0.0014895317307273004 
3 6 0.005891427480640976 
3 7 0.005650747549462709 
3 8 0.004423980118221538 
4 0 -0.0004171133425336926 
4 1 0.001902650367966885 
4 2 0.001865127510230602 
4 3 -0.0004171133425336926 
4 5 -0.00039564882879772334 
4 6 0.001902650367966885 
4 7 0.0022632206732560167 
4 8 0.001865127510230602 
5 0 -0.0014895317307273004 
5 1 0.001255272908619931 
5 2 -0.0032726955527244694 
5 3 -0.0014895317307273004 
5 4 -0.00039564882879772334 
5 6 0.001255272908619931 
5 7 -0.000298515633239127 
5 8 -0.0032726955527244694 
6 0 0.005891427480640976 
6 1 -0.011555629868657658 
6 2 -0.006461402495355095 
6 3 0.005891427480640976 
6 4 0.001902650367966885 
6 5 0.001255272908619931 
6 7 -0.00911509910712116 
6 8 -0.006461402495355095 
7 0 0.005650747549462709 
7 1 -0.00911509910712116 
7 2 -0.010790106680925726 
7 3 0.005650747549462709 
7 4 0.0022632206732560167 
7 5 -0.000298515633239127 
7 6 -0.00911509910712116 
7 8 -0.010790106680925726 
8 0 0.004423980118221538 
8 1 -0.006461402495355095 
8 2 -0.017246247086634803 
8 3 0.004423980118221538 
8 4 0.001865127510230602 
8 5 -0.0032726955527244694 
8 6 -0.006461402495355095 
8 7 -0.010790106680925726 
