3 6 6 
K 
0 1 18.16138661815428 
0 2 13.65712348475753 
1 0 67.08362182080735 
1 2 40.85130445503078 
2 0 107.260597734109 
2 1 86.8599164492349 
P 
0 1.0 -2.68768778098617 -2.68768778098617 
1 1.0 33.632381959871424 33.632381959871424 
2 1.0 35.386810735966435 35.386810735966435 
Alfa 
0 1.0575296108291032 
1 3.90625 
2 8.305647840531561 
Gamma 
0 1 -0.16853793582317111 
0 2 -0.15739932840494752 
1 0 -0.16853793582317111 
1 2 -0.18322179921869375 
2 0 -0.15739932840494752 
2 1 -0.18322179921869375 
