9 72 72 
K 
0 1 13.9506487247636 
0 2 10.138963446070374 
0 3 3.564122217378187 
0 4 14.562621627589907 
0 5 10.258120437885768 
0 6 1.881206721980955 
0 7 8.556127286279045 
0 8 2.010813091910764 
1 0 51.53020872709552 
1 2 27.450045646892857 
1 3 3.936459566077744 
1 4 27.433102571810547 
1 5 15.12458813966888 
1 6 8.882813791508864 
1 7 32.963170331012634 
1 8 5.444038875760349 
2 0 79.62959995518395 
2 1 58.36554556149977 
2 3 6.083008554197947 
2 4 32.65850328774405 
2 5 30.525728933530207 
2 6 7.870433756064607 
2 7 47.00797032789151 
2 8 14.533224475938344 
3 0 842.5584921882032 
3 1 251.9334122289757 
3 2 183.09855748135817 
3 4 262.9849715250697 
3 5 185.25040203936106 
3 6 33.97252973157199 
3 7 154.51427279302047 
3 8 36.313078595444324 
4 0 68.85207505524507 
4 1 35.11437129191751 
4 2 19.660418979221916 
4 3 5.259699430501395 
4 5 16.236264266294032 
4 6 4.735076670322346 
4 7 19.40302691569855 
4 8 3.8991587341398795 
5 0 67.36165754211655 
5 1 26.888156692744683 
5 2 25.52290113609054 
5 3 5.145844501093364 
5 4 22.55036703651949 
5 6 3.625794191368377 
5 7 18.664761326364207 
5 8 5.0618373387948346 
6 0 444.71726907629767 
6 1 568.5000826565673 
6 2 236.90005605754456 
6 3 33.97252973157197 
6 4 236.75383351611723 
6 5 130.52859088926155 
6 7 284.4795596955666 
6 8 46.983277603148984 
7 0 50.566712261909146 
7 1 52.74107252962022 
7 2 35.37349767173835 
7 3 3.8628568198255127 
7 4 24.253783644623187 
7 5 16.79828519372778 
7 6 7.111988992389166 
7 8 7.01545997313705 
8 0 475.3562149277046 
8 1 348.41848804866225 
8 2 437.45005672574416 
8 3 36.31307859544433 
8 4 194.95793670699402 
8 5 182.22614419661397 
8 6 46.983277603149 
8 7 280.618398925482 
P 
0 1.0 4.092540665239786 4.092540665239786 
1 1.0 44.90180965423615 44.90180965423615 
2 1.0 48.70996177557246 48.70996177557246 
3 0.0 -2.1640960577356485 -2.1640960577356485 
4 0.0 -49.16150665136712 -49.16150665136712 
5 0.0 -49.24827636246921 -49.24827636246921 
6 0.0 -3.614241366978058 -3.614241366978058 
7 0.0 -49.29998789617633 -49.29998789617633 
8 0.0 -5.350946281285993 -5.350946281285993 
Alfa 
0 1.0575296108291032 
1 3.90625 
2 8.305647840531561 
3 250.0 
4 5.0 
5 6.944444444444445 
6 250.0 
7 6.25 
8 250.0 
Gamma 
0 1 0.05466385095873383 
0 2 0.05594052204789701 
0 3 -0.033629037819183694 
0 4 -0.012673623593594474 
0 5 -0.007139201460826472 
0 6 0.05466385095873405 
0 7 0.061920139146671715 
0 8 0.05594052204789701 
1 0 0.05466385095873405 
1 2 -0.006185442145113296 
1 3 0.05466385095873383 
1 4 0.027595413539021507 
1 5 0.0432081283342558 
1 6 -0.04716344502258418 
1 7 -0.028044056583563792 
1 8 -0.006185442145113296 
2 0 0.05594052204789701 
2 1 -0.006185442145113296 
2 3 0.05594052204789701 
2 4 0.04790639059900714 
2 5 0.010351981119023579 
2 6 -0.006185442145113296 
2 7 -0.030967076065491428 
2 8 -0.0617162741156001 
3 0 -0.033629037819183694 
3 1 0.05466385095873383 
3 2 0.05594052204789701 
3 4 -0.012673623593594474 
3 5 -0.007139201460826472 
3 6 0.05466385095873405 
3 7 0.061920139146671715 
3 8 0.05594052204789701 
4 0 -0.012673623593594474 
4 1 0.027595413539021507 
4 2 0.04790639059900714 
4 3 -0.012673623593594474 
4 5 0.012538673156663016 
4 6 0.027595413539021507 
4 7 0.04178931039426126 
4 8 0.04790639059900714 
5 0 -0.007139201460826472 
5 1 0.0432081283342558 
5 2 0.010351981119023579 
5 3 -0.007139201460826472 
5 4 0.012538673156663016 
5 6 0.0432081283342558 
5 7 0.03356807951403229 
5 8 0.010351981119023579 
6 0 0.05466385095873405 
6 1 -0.04716344502258418 
6 2 -0.006185442145113296 
6 3 0.05466385095873383 
6 4 0.027595413539021507 
6 5 0.0432081283342558 
6 7 -0.028044056583563792 
6 8 -0.006185442145113296 
7 0 0.06192013914667149 
7 1 -0.028044056583563792 
7 2 -0.030967076065491428 
7 3 0.06192013914667149 
7 4 0.04178931039426126 
7 5 0.03356807951403229 
7 6 -0.028044056583563792 
7 8 -0.030967076065491428 
8 0 0.05594052204789701 
8 1 -0.006185442145113296 
8 2 -0.0617162741156001 
8 3 0.05594052204789701 
8 4 0.04790639059900714 
8 5 0.010351981119023579 
8 6 -0.006185442145113296 
8 7 -0.030967076065491428 
