12 24 12 
K 
0 3 134.92557115253808 
1 4 254.13587518077813 
2 5 350.097707534246 
3 0 127.58562008184002 
3 6 1925.0635333377538 
4 1 65.0587840462792 
4 9 1790.6366562332084 
5 2 42.15176398712322 
5 11 1923.5931935546691 
6 3 1925.0635333377538 
6 7 1240.673241967453 
6 8 1156.122818911575 
7 6 1240.673241967453 
7 9 652.893092290527 
8 6 1156.122818911575 
8 11 630.4330772205786 
9 4 1790.6366562332084 
9 7 652.893092290527 
9 10 1521.4929786597718 
10 9 1521.4929786597718 
10 11 1094.624782707773 
11 5 1923.5931935546691 
11 8 630.4330772205786 
11 10 1094.6247827077727 
P 
0 1.0 5.661245644793789 5.661245644793789 
1 1.0 48.007462737669016 48.007462737669016 
2 1.0 53.22964296780048 53.22964296780048 
3 0.0 -0.0 -0.0 
4 0.0 -0.0 -0.0 
5 0.0 -0.0 -0.0 
6 0.0 -361.969250061212 -361.969250061212 
7 0.0 -272.4214106735151 -272.4214106735151 
8 0.0 -351.45242588536917 -351.45242588536917 
9 0.0 -312.6930047611893 -312.6930047611893 
10 0.0 -310.1018650137141 -310.1018650137141 
11 0.0 -275.64305831361224 -275.64305831361224 
Alfa 
0 1.0575296108291032 
1 3.90625 
2 8.305647840531561 
3 0.0 
4 0.0 
5 0.0 
6 0.0 
7 0.0 
8 0.0 
9 0.0 
10 0.0 
11 0.0 
Gamma 
6 7 0.11710874456686438 
6 8 0.18272156076209756 
7 6 0.11710874456686438 
7 9 0.19620081728811645 
8 6 0.18272156076209756 
8 11 0.22550963518842404 
9 7 0.19620081728811645 
9 10 0.11751164543144554 
10 9 0.11751164543144554 
10 11 0.11751164543144554 
11 8 0.22550963518842404 
11 10 0.11751164543144554 
