9 72 72 
K 
0 1 37.55009424205474 
0 2 25.092339965486104 
0 3 4.89834484117549 
0 4 25.12844739781146 
0 5 17.225421706496206 
0 6 4.485698557169277 
0 7 21.117780827713776 
0 8 4.601240736302049 
1 0 138.70066060658976 
1 2 51.72863644681962 
1 3 8.607949511254187 
1 4 48.44055527449868 
1 5 32.016500314042084 
1 6 10.245066002340954 
1 7 46.25344901840697 
1 8 9.48560036966861 
2 0 197.07073647312018 
2 1 109.98779842513144 
2 3 12.230474911131763 
2 4 66.26555672342765 
2 5 47.37090623835132 
2 6 13.13903782828003 
2 7 64.77836202517337 
2 8 14.990606883392351 
3 0 1157.968720453886 
3 1 550.908768720268 
3 2 368.1372948250661 
3 4 368.66703786527745 
3 5 252.71936208312232 
3 6 65.8110377313712 
3 7 309.82533782486905 
3 8 67.50619192275543 
4 0 118.80729929685258 
4 1 62.003910751358305 
4 2 39.891865147503445 
4 3 7.373340757305545 
4 5 26.41387537573 
4 6 7.406928227751931 
4 7 34.32407323026506 
4 8 7.315064087934094 
5 0 113.11360253932507 
5 1 56.918222780519244 
5 2 39.60734104928819 
5 3 7.019982280086731 
5 4 36.68593802184723 
5 6 6.799396778005097 
5 7 32.56735768690076 
5 8 7.262890242331479 
6 0 1060.419138914817 
6 1 655.6842241498208 
6 2 395.48503863122886 
6 3 65.8110377313712 
6 4 370.3464113875966 
6 5 244.77828400818345 
6 7 353.6251548149383 
6 8 72.52101130667697 
7 0 124.80608469178847 
7 1 74.00551842945114 
7 2 48.74571742394298 
7 3 7.745633445621726 
7 4 42.905091537831325 
7 5 29.310621918210686 
7 6 8.84062887037346 
7 8 8.93861557111937 
8 0 1087.7333100618043 
8 1 607.0784236587909 
8 2 451.21726719010974 
8 3 67.50619192275543 
8 4 365.75320439670463 
8 5 261.46404872393316 
8 6 72.52101130667697 
8 7 357.5446228447748 
P 
0 1.0 5.170037733002067 5.170037733002067 
1 1.0 46.63204644159061 46.63204644159061 
2 1.0 51.343186067905386 51.343186067905386 
3 0.0 -0.44725498362420335 -0.44725498362420335 
4 0.0 -47.61554823809976 -47.61554823809976 
5 0.0 -47.70135456333941 -47.70135456333941 
6 0.0 -1.2561810785242462 -1.2561810785242462 
7 0.0 -47.9426373063687 -47.9426373063687 
8 0.0 -1.9093298800037857 -1.9093298800037857 
Alfa 
0 1.0575296108291032 
1 3.90625 
2 8.305647840531561 
3 250.0 
4 5.0 
5 6.944444444444445 
6 250.0 
7 6.25 
8 250.0 
Gamma 
0 1 0.010125907705860193 
0 2 0.0087869117459487 
0 3 -0.0062235757851683005 
0 4 -0.0014711727679548314 
0 5 -0.0020285887857218743 
0 6 0.010125907705860193 
0 7 0.010322355315463883 
0 8 0.0087869117459487 
1 0 0.010125907705860193 
1 2 -0.006946952608385626 
1 3 0.010125907705860193 
1 4 0.004389482734065364 
1 5 0.004623739815481143 
1 6 -0.016038253649656387 
1 7 -0.011674589949943082 
1 8 -0.006946952608385626 
2 0 0.0087869117459487 
2 1 -0.006946952608385626 
2 3 0.0087869117459487 
2 4 0.005509636833163523 
2 5 -0.0018799061286938201 
2 6 -0.006946952608385626 
2 7 -0.013401122330778614 
2 8 -0.023078098176642525 
3 0 -0.006223575785168078 
3 1 0.010125907705860193 
3 2 0.0087869117459487 
3 4 -0.0014711727679548314 
3 5 -0.0020285887857218743 
3 6 0.010125907705860193 
3 7 0.010322355315463883 
3 8 0.0087869117459487 
4 0 -0.0014711727679548314 
4 1 0.004389482734065364 
4 2 0.005509636833163523 
4 3 -0.0014711727679548314 
4 5 0.0006717285406452334 
4 6 0.004389482734065364 
4 7 0.005611174343880254 
4 8 0.005509636833163523 
5 0 -0.0020285887857216522 
5 1 0.004623739815481143 
5 2 -0.0018799061286938201 
5 3 -0.0020285887857216522 
5 4 0.0006717285406452334 
5 6 0.004623739815481143 
5 7 0.002580894259700317 
5 8 -0.0018799061286940422 
6 0 0.010125907705860193 
6 1 -0.016038253649656387 
6 2 -0.006946952608385626 
6 3 0.010125907705860193 
6 4 0.004389482734065364 
6 5 0.004623739815481143 
6 7 -0.011674589949943082 
6 8 -0.006946952608385626 
7 0 0.010322355315463883 
7 1 -0.01167458994994286 
7 2 -0.013401122330778614 
7 3 0.010322355315463883 
7 4 0.005611174343880254 
7 5 0.002580894259700317 
7 6 -0.011674589949943082 
7 8 -0.013401122330778614 
8 0 0.0087869117459487 
8 1 -0.006946952608385626 
8 2 -0.023078098176642525 
8 3 0.0087869117459487 
8 4 0.005509636833163523 
8 5 -0.0018799061286938201 
8 6 -0.006946952608385626 
8 7 -0.013401122330778614 
