12 24 12 
K 
0 3 134.92557115253808 
1 4 254.13587518077813 
2 5 350.097707534246 
3 0 127.58562008184002 
3 6 878.5524850132042 
4 1 65.0587840462792 
4 9 817.2033062003915 
5 2 42.15176398712322 
5 11 877.8814574611924 
6 3 878.5524850132042 
6 7 566.2132916361537 
6 8 527.6265213824644 
7 6 566.2132916361537 
7 9 297.9646327231938 
8 6 527.6265213824644 
8 11 287.7144245033517 
9 4 817.2033062003915 
9 7 297.9646327231938 
9 10 694.3726345561385 
10 9 694.3726345561385 
10 11 499.56030351764196 
11 5 877.8814574611924 
11 8 287.7144245033517 
11 10 499.56030351764196 
P 
0 1.0 5.661245644793789 5.661245644793789 
1 1.0 48.007462737669016 48.007462737669016 
2 1.0 53.22964296780048 53.22964296780048 
3 0.0 -0.0 -0.0 
4 0.0 -0.0 -0.0 
5 0.0 -0.0 -0.0 
6 0.0 -165.19402016216407 -165.19402016216407 
7 0.0 -129.45008684980783 -129.45008684980783 
8 0.0 -164.08334235488053 -164.08334235488053 
9 0.0 -142.70553237423425 -142.70553237423425 
10 0.0 -145.6218284079895 -145.6218284079895 
11 0.0 -125.79683198205136 -125.79683198205136 
Alfa 
0 1.0575296108291032 
1 3.90625 
2 8.305647840531561 
3 0.0 
4 0.0 
5 0.0 
6 0.0 
7 0.0 
8 0.0 
9 0.0 
10 0.0 
11 0.0 
Gamma 
6 7 0.11710874456686438 
6 8 0.18272156076209756 
7 6 0.11710874456686438 
7 9 0.19620081728811645 
8 6 0.18272156076209756 
8 11 0.22550963518842404 
9 7 0.19620081728811645 
9 10 0.11751164543144554 
10 9 0.11751164543144554 
10 11 0.11751164543144554 
11 8 0.22550963518842404 
11 10 0.11751164543144554 
