9 72 72 
K 
0 1 7.32265910922259 
0 2 5.8322498973624946 
0 3 3.638458440900763 
0 4 12.16654291720559 
0 5 8.821226190050321 
0 6 1.1599138724413158 
0 7 4.980960514416828 
0 8 1.2901667946461008 
1 0 27.04807208469094 
1 2 19.552285356488895 
1 3 2.6594990284415214 
1 4 22.741271705346488 
1 5 10.112509348627828 
1 6 10.150579325592682 
1 7 31.720731936190926 
1 8 4.325210642602085 
2 0 45.805444376627705 
2 1 41.57296554203618 
2 3 4.503815814877346 
2 4 22.759172546878585 
2 5 28.709522986031295 
2 6 6.5851842522616035 
2 7 46.577940158545985 
2 8 18.091077999216324 
3 0 860.1315754289406 
3 1 170.20793782025737 
3 2 135.56485602780816 
3 4 282.79920578729127 
3 5 205.04064117412014 
3 6 26.961045889558726 
3 7 115.77747985772662 
3 8 29.98864569351745 
4 0 57.52341491254802 
4 1 29.10882778284352 
4 2 13.701021873220904 
4 3 5.6559841157458255 
4 5 14.822320660633 
4 6 4.610856883027826 
4 7 16.225279635721588 
4 8 3.0308378043854716 
5 0 57.92605198133046 
5 1 17.977794397560583 
5 2 24.00435116332061 
5 3 5.695573365947783 
5 4 20.58655647310139 
5 6 2.847694096720299 
5 7 15.869746364798857 
5 8 5.310063413425764 
6 0 274.203639445127 
6 1 649.6370768379319 
6 2 198.2140459930743 
6 3 26.961045889558726 
6 4 230.54284415139125 
6 5 102.51698748193076 
6 7 321.5733866551551 
6 8 43.847431929891634 
7 0 29.43747664020345 
7 1 50.75317109790551 
7 2 35.04989996930586 
7 3 2.894436996443165 
7 4 20.281599544651975 
7 5 14.282771728318979 
7 6 8.039334666378878 
7 8 7.753477284386537 
8 0 304.9954302543384 
8 1 276.8134811265334 
8 2 544.5414477764112 
8 3 29.98864569351745 
8 4 151.5418902192736 
8 5 191.16228288332752 
8 6 43.847431929891634 
8 7 310.1390913754614 
P 
0 1.0 4.081081399250697 4.081081399250697 
1 1.0 44.48540970065838 44.48540970065838 
2 1.0 47.5549549624653 47.5549549624653 
3 0.0 -3.61140957049972 -3.61140957049972 
4 0.0 -50.58068547135141 -50.58068547135141 
5 0.0 -50.89771790601439 -50.89771790601439 
6 0.0 -5.655743652386999 -5.655743652386999 
7 0.0 -50.33707793820665 -50.33707793820665 
8 0.0 -8.358492490204164 -8.358492490204164 
Alfa 
0 1.0575296108291032 
1 3.90625 
2 8.305647840531561 
3 250.0 
4 5.0 
5 6.944444444444445 
6 250.0 
7 6.25 
8 250.0 
Gamma 
0 1 0.09020131133208431 
0 2 0.09602245445692215 
0 3 -0.04271499971404902 
0 4 -0.01373129374882942 
0 5 -0.003219117356632717 
0 6 0.09020131133208431 
0 7 0.10749020450700852 
0 8 0.09602245445692215 
1 0 0.09020131133208431 
1 2 0.0062386033380694705 
1 3 0.09020131133208431 
1 4 0.045486343889285186 
1 5 0.08216203251991039 
1 6 -0.05498964095361791 
1 7 -0.026062906931671792 
1 8 0.0062386033380694705 
2 0 0.09602245445692215 
2 1 0.0062386033380694705 
2 3 0.09602245445692215 
2 4 0.09056621901569262 
2 5 0.02362220034504725 
2 6 0.0062386033380694705 
2 7 -0.029057094847441567 
2 8 -0.06944426723821451 
3 0 -0.04271499971404902 
3 1 0.09020131133208431 
3 2 0.09602245445692215 
3 4 -0.01373129374882942 
3 5 -0.003219117356632717 
3 6 0.09020131133208431 
3 7 0.10749020450700852 
3 8 0.09602245445692215 
4 0 -0.01373129374882942 
4 1 0.045486343889285186 
4 2 0.09056621901569262 
4 3 -0.01373129374882942 
4 5 0.02961505156988542 
4 6 0.045486343889285186 
4 7 0.07453995456250784 
4 8 0.09056621901569262 
5 0 -0.003219117356632717 
5 1 0.08216203251991039 
5 2 0.02362220034504725 
5 3 -0.003219117356632717 
5 4 0.02961505156988542 
5 6 0.08216203251991039 
5 7 0.06354989422395274 
5 8 0.02362220034504725 
6 0 0.09020131133208431 
6 1 -0.05498964095361791 
6 2 0.0062386033380694705 
6 3 0.09020131133208431 
6 4 0.045486343889285186 
6 5 0.08216203251991039 
6 7 -0.026062906931671792 
6 8 0.0062386033380694705 
7 0 0.10749020450700875 
7 1 -0.026062906931671792 
7 2 -0.029057094847441345 
7 3 0.10749020450700852 
7 4 0.07453995456250784 
7 5 0.06354989422395274 
7 6 -0.026062906931671792 
7 8 -0.029057094847441567 
8 0 0.09602245445692215 
8 1 0.0062386033380694705 
8 2 -0.06944426723821451 
8 3 0.09602245445692215 
8 4 0.09056621901569262 
8 5 0.02362220034504725 
8 6 0.0062386033380694705 
8 7 -0.029057094847441567 
