12 24 12 
K 
0 3 134.92557115253808 
1 4 254.13587518077813 
2 5 350.097707534246 
3 0 127.58562008184002 
3 6 1111.1104957519929 
4 1 65.0587840462792 
4 9 1033.5218284299062 
5 2 42.15176398712322 
5 11 1110.2618432597428 
6 3 1111.1104957519929 
6 7 716.0932805986647 
6 8 667.2923652778225 
7 6 716.0932805986647 
7 9 376.83762373815665 
8 6 667.2923652778223 
8 11 363.8741251071799 
9 4 1033.5218284299062 
9 7 376.83762373815665 
9 10 878.1771554680569 
10 9 878.1771554680569 
10 11 631.7968544487821 
11 5 1110.2618432597428 
11 8 363.8741251071799 
11 10 631.7968544487823 
P 
0 1.0 5.661245644793789 5.661245644793789 
1 1.0 48.007462737669016 48.007462737669016 
2 1.0 53.22964296780048 53.22964296780048 
3 0.0 -0.0 -0.0 
4 0.0 -0.0 -0.0 
5 0.0 -0.0 -0.0 
6 0.0 -208.92184902861916 -208.92184902861916 
7 0.0 -161.22149214396495 -161.22149214396495 
8 0.0 -205.7209164727669 -205.7209164727669 
9 0.0 -180.48052623800206 -180.48052623800206 
10 0.0 -182.17294765370613 -182.17294765370613 
11 0.0 -159.09599338906492 -159.09599338906492 
Alfa 
0 1.0575296108291032 
1 3.90625 
2 8.305647840531561 
3 0.0 
4 0.0 
5 0.0 
6 0.0 
7 0.0 
8 0.0 
9 0.0 
10 0.0 
11 0.0 
Gamma 
6 7 0.11710874456686438 
6 8 0.18272156076209756 
7 6 0.11710874456686438 
7 9 0.19620081728811645 
8 6 0.18272156076209756 
8 11 0.22550963518842404 
9 7 0.19620081728811645 
9 10 0.11751164543144554 
10 9 0.11751164543144554 
10 11 0.11751164543144554 
11 8 0.22550963518842404 
11 10 0.11751164543144554 
