12 24 12 
K 
0 3 134.92557115253808 
1 4 254.13587518077813 
2 5 350.097707534246 
3 0 127.58562008184002 
3 6 465.1160214775795 
4 1 65.0587840462792 
4 9 432.6370444590315 
5 2 42.15176398712322 
5 11 464.76077159710263 
6 3 465.1160214775795 
6 7 299.75997792502307 
6 8 279.33168779071696 
7 6 299.75997792502307 
7 9 157.74598202992638 
8 6 279.33168779071696 
8 11 152.31940120765702 
9 4 432.6370444590315 
9 7 157.74598202992638 
9 10 367.60904182383854 
10 9 367.60904182383854 
10 11 264.4731018622815 
11 5 464.76077159710263 
11 8 152.319401207657 
11 10 264.47310186228157 
P 
0 1.0 5.661245644793789 5.661245644793789 
1 1.0 48.007462737669016 48.007462737669016 
2 1.0 53.22964296780048 53.22964296780048 
3 0.0 -0.0 -0.0 
4 0.0 -0.0 -0.0 
5 0.0 -0.0 -0.0 
6 0.0 -87.45565773291054 -87.45565773291054 
7 0.0 -72.96758854908396 -72.96758854908396 
8 0.0 -90.060988367527 -90.060988367527 
9 0.0 -75.5499877275359 -75.5499877275359 
10 0.0 -80.64206086004894 -80.64206086004894 
11 0.0 -66.59832281402733 -66.59832281402733 
Alfa 
0 1.0575296108291032 
1 3.90625 
2 8.305647840531561 
3 0.0 
4 0.0 
5 0.0 
6 0.0 
7 0.0 
8 0.0 
9 0.0 
10 0.0 
11 0.0 
Gamma 
6 7 0.11710874456686438 
6 8 0.18272156076209756 
7 6 0.11710874456686438 
7 9 0.19620081728811645 
8 6 0.18272156076209756 
8 11 0.22550963518842404 
9 7 0.19620081728811645 
9 10 0.11751164543144554 
10 9 0.11751164543144554 
10 11 0.11751164543144554 
11 8 0.22550963518842404 
11 10 0.11751164543144554 
