9 72 72 
K 
0 1 16.15522316156326 
0 2 11.516590744892689 
0 3 3.565024716413524 
0 4 15.258463378254802 
0 5 10.683805255544764 
0 6 2.114208304338986 
0 7 9.705803256145208 
0 8 2.239504648859153 
1 0 59.673355553024294 
1 2 29.5221682947331 
1 3 4.337421976164357 
1 4 28.84736319447957 
1 5 16.602322824056163 
1 6 8.611524258195397 
1 7 33.24314968518981 
1 8 5.74085114292851 
2 0 90.44923761105089 
2 1 62.77138773630956 
2 3 6.574400036761479 
2 4 35.51694765504112 
2 5 31.196356906983723 
2 6 8.214791457832526 
2 7 47.148741381805195 
2 8 13.78537041192007 
3 0 842.771842960157 
3 1 277.59500647451887 
3 2 197.88944110652056 
3 4 262.1859938373012 
3 5 183.5796979977134 
3 6 36.328416021377414 
3 7 166.77470133252697 
3 8 38.4813816115441 
4 0 72.1420148523887 
4 1 36.92462488893384 
4 2 21.381202488334765 
4 3 5.243719876746026 
4 5 16.74759665677044 
4 6 4.832266802759032 
4 7 20.396808202660175 
4 8 4.157767123231292 
5 0 70.15698784474398 
5 1 29.515240576099842 
5 2 26.083620636116954 
5 3 5.099436055492039 
5 4 23.26055091218117 
5 6 3.862612488016849 
5 7 19.553650749507682 
5 8 5.072194624921246 
6 0 499.79884314573627 
6 1 551.1375525245054 
6 2 247.26522288075904 
6 3 36.328416021377414 
6 4 241.6133401379516 
6 5 139.05404956860653 
6 7 278.43059270254764 
6 8 48.0829464560273 
7 0 57.3612972438182 
7 1 53.18903949630372 
7 2 35.47942788980839 
7 3 4.169367533313174 
7 4 25.49601025332522 
7 5 17.59828567455691 
7 6 6.960764817563692 
7 8 6.899293849903095 
8 0 529.4188989903038 
8 1 367.4144731474245 
8 2 414.93964939879413 
8 3 38.4813816115441 
8 4 207.8883561615646 
8 5 182.59900649716482 
8 6 48.0829464560273 
8 7 275.97175399612377 
P 
0 1.0 4.196779147306364 4.196779147306364 
1 1.0 45.15044941465673 45.15044941465673 
2 1.0 49.168611284530776 49.168611284530776 
3 0.0 -1.8290658639956126 -1.8290658639956126 
4 0.0 -48.823035121761414 -48.823035121761414 
5 0.0 -48.88862988418128 -48.88862988418128 
6 0.0 -3.1315681341948793 -3.1315681341948793 
7 0.0 -49.02785947106239 -49.02785947106239 
8 0.0 -4.622308653907026 -4.622308653907026 
Alfa 
0 1.0575296108291032 
1 3.90625 
2 8.305647840531561 
3 250.0 
4 5.0 
5 6.944444444444445 
6 250.0 
7 6.25 
8 250.0 
Gamma 
0 1 0.04571816724300537 
0 2 0.04625817802879362 
0 3 -0.02986294700961123 
0 4 -0.011172357924052134 
0 5 -0.006878409804874419 
0 6 0.04571816724300537 
0 7 0.05117689597379038 
0 8 0.04625817802879362 
1 0 0.04571816724300537 
1 2 -0.007725895446637487 
1 3 0.04571816724300537 
1 4 0.023102314228911958 
1 5 0.03474508766689377 
1 6 -0.04343137625342197 
1 7 -0.026743251930597012 
1 8 -0.007725895446637487 
2 0 0.04625817802879362 
2 1 -0.007725895446637487 
2 3 0.04625817802879362 
2 4 0.03858383073590077 
2 5 0.007737619770973758 
2 6 -0.007725895446637487 
2 7 -0.02944670427199747 
2 8 -0.05731704498228951 
3 0 -0.02986294700961123 
3 1 0.04571816724300537 
3 2 0.04625817802879362 
3 4 -0.011172357924052134 
3 5 -0.006878409804874419 
3 6 0.04571816724300537 
3 7 0.05117689597379038 
3 8 0.04625817802879362 
4 0 -0.011172357924052134 
4 1 0.023102314228911958 
4 2 0.03858383073590077 
4 3 -0.011172357924052134 
4 5 0.009522800262769193 
4 6 0.023102314228911958 
4 7 0.03419610570846632 
4 8 0.03858383073590077 
5 0 -0.006878409804874419 
5 1 0.03474508766689377 
5 2 0.007737619770973758 
5 3 -0.006878409804874419 
5 4 0.009522800262769193 
5 6 0.03474508766689377 
5 7 0.026949228500571243 
5 8 0.007737619770973758 
6 0 0.04571816724300537 
6 1 -0.04343137625342197 
6 2 -0.007725895446637487 
6 3 0.04571816724300537 
6 4 0.023102314228911958 
6 5 0.03474508766689377 
6 7 -0.026743251930597012 
6 8 -0.007725895446637487 
7 0 0.05117689597379038 
7 1 -0.026743251930597012 
7 2 -0.02944670427199747 
7 3 0.05117689597379038 
7 4 0.03419610570846632 
7 5 0.026949228500571243 
7 6 -0.026743251930597012 
7 8 -0.02944670427199747 
8 0 0.04625817802879362 
8 1 -0.007725895446637487 
8 2 -0.05731704498228951 
8 3 0.04625817802879362 
8 4 0.03858383073590077 
8 5 0.007737619770973758 
8 6 -0.007725895446637487 
8 7 -0.02944670427199747 
