12 24 12 
K 
0 3 134.92557115253808 
1 4 254.13587518077813 
2 5 350.097707534246 
3 0 127.58562008184002 
3 6 38.759668456464944 
4 1 65.0587840462792 
4 9 36.05308703825261 
5 2 42.15176398712322 
5 11 38.73006429975854 
6 3 38.759668456464944 
6 7 24.97999816041858 
6 8 23.277640649226402 
7 6 24.97999816041858 
7 9 13.145498502493865 
8 6 23.277640649226402 
8 11 12.693283433971414 
9 4 36.05308703825261 
9 7 13.145498502493862 
9 10 30.634086818653202 
10 9 30.63408681865321 
10 11 22.03942515519012 
11 5 38.73006429975854 
11 8 12.693283433971414 
11 10 22.039425155190123 
P 
0 1.0 5.661245644793789 5.661245644793789 
1 1.0 48.007462737669016 48.007462737669016 
2 1.0 53.22964296780048 53.22964296780048 
3 0.0 -0.0 -0.0 
4 0.0 -0.0 -0.0 
5 0.0 -0.0 -0.0 
6 0.0 -7.287971477742542 -7.287971477742542 
7 0.0 -14.720012176462257 -14.720012176462257 
8 0.0 -13.725435818068371 -13.725435818068371 
9 0.0 -6.295832310627991 -6.295832310627991 
10 0.0 -13.631675576234954 -13.631675576234954 
11 0.0 -5.549860234502273 -5.549860234502273 
Alfa 
0 1.0575296108291032 
1 3.90625 
2 8.305647840531561 
3 0.0 
4 0.0 
5 0.0 
6 0.0 
7 0.0 
8 0.0 
9 0.0 
10 0.0 
11 0.0 
Gamma 
6 7 0.11710874456686438 
6 8 0.18272156076209756 
7 6 0.11710874456686438 
7 9 0.19620081728811645 
8 6 0.18272156076209756 
8 11 0.22550963518842404 
9 7 0.19620081728811645 
9 10 0.11751164543144554 
10 9 0.11751164543144554 
10 11 0.11751164543144554 
11 8 0.22550963518842404 
11 10 0.11751164543144554 
