3 6 6 
K 
0 1 36.643667372042394 
0 2 25.2714239758963 
1 0 135.35254635548162 
1 2 58.62883805232613 
2 0 198.47723016285332 
2 1 124.65932343351737 
P 
0 1.0 -7.0380069317516964 -7.0380069317516964 
1 1.0 30.85607584565717 30.85607584565717 
2 1.0 35.172127064736046 35.172127064736046 
Alfa 
0 1.0575296108291032 
1 3.90625 
2 8.305647840531561 
Gamma 
0 1 -0.15988987937388877 
0 2 -0.1582637664377493 
1 0 -0.15988987937388877 
1 2 -0.17514721249550536 
2 0 -0.1582637664377493 
2 1 -0.17514721249550536 
