9 72 72 
K 
0 1 2.072045654678595 
0 2 1.9547546230988815 
0 3 3.5882644312161274 
0 4 8.191614583629075 
0 5 6.316299098772615 
0 6 0.48840425198578924 
0 7 1.7450938269830147 
0 8 0.5792651143118074 
1 0 7.65361863696906 
1 2 8.587992925007466 
1 3 1.3035545908458 
1 4 15.403656633704642 
1 5 4.300341041903996 
1 6 11.440401824798696 
1 7 25.693183759562782 
1 8 2.5449356377666406 
2 0 15.352292122942718 
2 1 18.26018429237468 
2 3 2.6147828662642945 
2 4 10.339443443572486 
2 5 23.75556199850208 
2 6 4.304128931861437 
2 7 39.7052094055438 
2 8 22.804006025983828 
3 0 848.2657115394924 
3 1 83.42749381413118 
3 2 78.70496427455524 
3 4 329.8218229218833 
3 5 254.31534425953214 
3 6 19.664790020111862 
3 7 70.26331882551446 
3 8 23.32315247584951 
4 0 38.72995375139828 
4 1 19.71668049114194 
4 2 6.224344953030635 
4 3 6.596436458437668 
4 5 12.275131066720236 
4 6 4.647441317316288 
4 7 11.549650103146998 
4 8 1.8445005056529924 
5 0 41.47703074860684 
5 1 7.645050741162662 
5 2 19.86228933763645 
5 3 7.064315118320342 
5 4 17.048793148222558 
5 6 1.8020236572490642 
5 7 11.586534231128736 
5 8 5.885921009062712 
6 0 115.4587651694406 
6 1 732.1857167871163 
6 2 129.55428084902925 
6 3 19.66479002011187 
6 4 232.3720658658145 
6 5 64.8728516609663 
6 7 387.59486340508613 
6 8 38.39166022107966 
7 0 10.313504517469617 
7 1 41.10909401530047 
7 2 29.878170077671697 
7 3 1.7565829706378617 
7 4 14.437062628933752 
7 5 10.42788080801586 
7 6 9.689871585127156 
7 8 8.853991903102727 
8 0 136.9382730233113 
8 1 162.87588081706505 
8 2 686.400581382113 
8 3 23.32315247584951 
8 4 92.22502528264965 
8 5 211.8931563262577 
8 6 38.39166022107967 
8 7 354.1596761241092 
P 
0 1.0 4.656468794815981 4.656468794815981 
1 1.0 45.25492848750783 45.25492848750783 
2 1.0 48.150649664075964 48.150649664075964 
3 0.0 -6.890359833448381 -6.890359833448381 
4 0.0 -52.06923231371989 -52.06923231371989 
5 0.0 -53.26377881915671 -53.26377881915671 
6 0.0 -9.787526197969152 -9.787526197969152 
7 0.0 -51.49203279101588 -51.49203279101588 
8 0.0 -13.425002851135323 -13.425002851135323 
Alfa 
0 1.0575296108291032 
1 3.90625 
2 8.305647840531561 
3 250.0 
4 5.0 
5 6.944444444444445 
6 250.0 
7 6.25 
8 250.0 
Gamma 
0 1 0.13678912124130216 
0 2 0.15590417024944925 
0 3 -0.04771032335360559 
0 4 -0.0009396970385802117 
0 5 0.018041961064517498 
0 6 0.13678912124130216 
0 7 0.17998341397341844 
0 8 0.15590417024944925 
1 0 0.13678912124130216 
1 2 0.03653492404966241 
1 3 0.13678912124130216 
1 4 0.07262338388806477 
1 5 0.15419238446643457 
1 6 -0.056742000128704895 
1 7 -0.009582013075781548 
1 8 0.03653492404966241 
2 0 0.15590417024944925 
2 1 0.03653492404966241 
2 3 0.15590417024944925 
2 4 0.16701133062776785 
2 5 0.0551951645050921 
2 6 0.03653492404966241 
2 7 -0.010041246414995264 
2 8 -0.06604918031977913 
3 0 -0.04771032335360559 
3 1 0.13678912124130216 
3 2 0.15590417024944925 
3 4 -0.0009396970385802117 
3 5 0.018041961064517498 
3 6 0.13678912124130216 
3 7 0.17998341397341866 
3 8 0.15590417024944925 
4 0 -0.0009396970385802117 
4 1 0.07262338388806477 
4 2 0.16701133062776785 
4 3 -0.0009396970385802117 
4 5 0.07258869579923477 
4 6 0.07262338388806477 
4 7 0.12780285346074716 
4 8 0.16701133062776785 
5 0 0.018041961064517498 
5 1 0.15419238446643457 
5 2 0.0551951645050921 
5 3 0.018041961064517498 
5 4 0.07258869579923455 
5 6 0.15419238446643457 
5 7 0.1194946603864897 
5 8 0.0551951645050921 
6 0 0.13678912124130216 
6 1 -0.056742000128704895 
6 2 0.03653492404966241 
6 3 0.13678912124130216 
6 4 0.07262338388806477 
6 5 0.15419238446643457 
6 7 -0.009582013075781548 
6 8 0.03653492404966241 
7 0 0.17998341397341866 
7 1 -0.009582013075781548 
7 2 -0.010041246414995264 
7 3 0.17998341397341866 
7 4 0.12780285346074716 
7 5 0.1194946603864897 
7 6 -0.009582013075781548 
7 8 -0.010041246414995264 
8 0 0.15590417024944925 
8 1 0.03653492404966241 
8 2 -0.06604918031977913 
8 3 0.15590417024944925 
8 4 0.16701133062776785 
8 5 0.0551951645050921 
8 6 0.03653492404966241 
8 7 -0.010041246414995264 
