9 72 72 
K 
0 1 34.939489075707996 
0 2 23.399729203446824 
0 3 4.646670932950003 
0 4 23.66708103715349 
0 5 16.236292680780984 
0 6 4.18601742280781 
0 7 19.692683747035353 
0 8 4.298788793598721 
1 0 129.05773777339647 
1 2 48.65429140526855 
1 3 8.05139016540602 
1 4 45.58260751405003 
1 5 29.988723326843992 
1 6 9.781707369660271 
1 7 43.87974558681438 
1 8 8.938330902677553 
2 0 183.7772752058083 
2 1 103.45098504774711 
2 3 11.46512074165749 
2 4 62.14249349419058 
2 5 44.73604106781498 
2 6 12.394217467752844 
2 7 61.46611214349114 
2 8 14.365752164249438 
3 0 1098.473008549381 
3 1 515.2889705859851 
3 2 345.10013432389025 
3 4 349.0430497705493 
3 5 239.4534883862741 
3 6 61.73555096869789 
3 7 290.4284809115969 
3 8 63.39870761762614 
4 0 111.89795914366172 
4 1 58.34573761798405 
4 2 37.40978108350272 
4 3 6.98086099541099 
4 5 24.908366387880914 
4 6 6.990264616813236 
4 7 32.29429210399391 
4 8 6.872590118224718 
5 0 106.61832193712853 
5 1 53.313285914389326 
5 2 37.40430100392307 
5 3 6.651485788507619 
5 4 34.59495331650128 
5 6 6.387338498888615 
5 7 30.650982847246368 
5 8 6.87158336705763 
6 0 989.5745187517664 
6 1 626.0292716582574 
6 2 373.06594577936045 
6 3 61.7355509686979 
6 4 349.5132308406618 
6 5 229.9441859599901 
6 7 336.45621619576156 
6 8 68.53633617065066 
7 0 116.38376094497895 
7 1 70.20759293890299 
7 2 46.253249387977064 
7 3 7.260712022789924 
7 4 40.36786512999239 
7 5 27.585884562521723 
7 6 8.411405404894039 
7 8 8.49723295546832 
8 0 1016.2336708067378 
8 1 572.0531777713633 
8 2 432.40914014390796 
8 3 63.398707617626165 
8 4 343.6295059112359 
8 5 247.37700121407474 
8 6 68.53633617065067 
8 7 339.8893182187328 
P 
0 1.0 5.108012184143057 5.108012184143057 
1 1.0 46.570658973480434 46.570658973480434 
2 1.0 51.268419119347584 51.268419119347584 
3 0.0 -0.5090138045684386 -0.5090138045684386 
4 0.0 -47.6578628135487 -47.6578628135487 
5 0.0 -47.73762596072326 -47.73762596072326 
6 0.0 -1.319916306905176 -1.319916306905176 
7 0.0 -47.97777561602664 -47.97777561602664 
8 0.0 -1.9923434864378717 -1.9923434864378717 
Alfa 
0 1.0575296108291032 
1 3.90625 
2 8.305647840531561 
3 250.0 
4 5.0 
5 6.944444444444445 
6 250.0 
7 6.25 
8 250.0 
Gamma 
0 1 0.011571387523557908 
0 2 0.010281408800501435 
0 3 -0.007427751051579001 
0 4 -0.0019044247340394005 
0 5 -0.002276302416744258 
0 6 0.011571387523557686 
0 7 0.011929817478684157 
0 8 0.010281408800501435 
1 0 0.011571387523557686 
1 2 -0.007153482341045736 
1 3 0.011571387523557686 
1 4 0.005203958178064294 
1 5 0.005769757772263073 
1 6 -0.01759906889798679 
1 7 -0.012589734488964055 
1 8 -0.007153482341045736 
2 0 0.010281408800501435 
2 1 -0.007153482341045736 
2 3 0.010281408800501435 
2 4 0.006756776755814542 
2 5 -0.0014542520482250243 
2 6 -0.007153482341045958 
2 7 -0.014340257367639442 
2 8 -0.02508300780359418 
3 0 -0.007427751051579223 
3 1 0.011571387523557908 
3 2 0.010281408800501435 
3 4 -0.0019044247340394005 
3 5 -0.002276302416744258 
3 6 0.011571387523557686 
3 7 0.011929817478684157 
3 8 0.010281408800501435 
4 0 -0.0019044247340394005 
4 1 0.005203958178064294 
4 2 0.006756776755814542 
4 3 -0.0019044247340394005 
4 5 0.0009928848518832023 
4 6 0.005203958178064294 
4 7 0.0067438734546143575 
4 8 0.006756776755814542 
5 0 -0.00227630241674448 
5 1 0.005769757772263073 
5 2 -0.0014542520482250243 
5 3 -0.002276302416744258 
5 4 0.0009928848518832023 
5 6 0.005769757772263073 
5 7 0.0035454867454309813 
5 8 -0.0014542520482250243 
6 0 0.011571387523557686 
6 1 -0.01759906889798679 
6 2 -0.007153482341045736 
6 3 0.011571387523557686 
6 4 0.005203958178064294 
6 5 0.005769757772263073 
6 7 -0.012589734488964055 
6 8 -0.007153482341045736 
7 0 0.011929817478684157 
7 1 -0.012589734488964055 
7 2 -0.014340257367639442 
7 3 0.011929817478684157 
7 4 0.0067438734546143575 
7 5 0.0035454867454309813 
7 6 -0.012589734488964055 
7 8 -0.014340257367639442 
8 0 0.010281408800501435 
8 1 -0.007153482341045736 
8 2 -0.02508300780359418 
8 3 0.010281408800501435 
8 4 0.006756776755814542 
8 5 -0.0014542520482250243 
8 6 -0.007153482341045958 
8 7 -0.014340257367639442 
