3 6 6 
K 
0 1 49.17013766937461 
0 2 33.259520223638695 
1 0 181.6221960162525 
1 2 71.9842391175421 
2 0 261.2143050122322 
2 1 153.05618948580383 
P 
0 1.0 -12.649691819567296 -12.649691819567296 
1 1.0 25.418448674999276 25.418448674999276 
2 1.0 30.61945306030857 30.61945306030857 
Alfa 
0 1.0575296108291032 
1 3.90625 
2 8.305647840531561 
Gamma 
0 1 -0.18784124972467597 
0 2 -0.18759529201768155 
1 0 -0.18784124972467597 
1 2 -0.19850213583315912 
2 0 -0.18759529201768155 
2 1 -0.19850213583315912 
