12 24 12 
K 
0 3 134.92557115253808 
1 4 254.13587518077813 
2 5 350.097707534246 
3 0 127.58562008184002 
3 6 981.9116008971105 
4 1 65.0587840462792 
4 9 913.3448716357314 
5 2 42.15176398712322 
5 11 981.1616289272148 
6 3 981.9116008971105 
6 7 632.8266200639364 
6 8 589.7002297804012 
7 6 632.8266200639364 
7 9 333.01929539651064 
8 6 589.7002297804012 
8 11 321.56318032727535 
9 4 913.3448716357314 
9 7 333.01929539651064 
9 10 776.0635327392133 
10 9 776.0635327392132 
10 11 558.3321039314822 
11 5 981.1616289272148 
11 8 321.56318032727535 
11 10 558.3321039314822 
P 
0 1.0 5.661245644793789 5.661245644793789 
1 1.0 48.007462737669016 48.007462737669016 
2 1.0 53.22964296780048 53.22964296780048 
3 0.0 -0.0 -0.0 
4 0.0 -0.0 -0.0 
5 0.0 -0.0 -0.0 
6 0.0 -184.62861076947746 -184.62861076947746 
7 0.0 -143.5707114249888 -143.5707114249888 
8 0.0 -182.5889308517189 -182.5889308517189 
9 0.0 -159.49441853590884 -159.49441853590884 
10 0.0 -161.86677029497466 -161.86677029497466 
11 0.0 -140.59645927405737 -140.59645927405737 
Alfa 
0 1.0575296108291032 
1 3.90625 
2 8.305647840531561 
3 0.0 
4 0.0 
5 0.0 
6 0.0 
7 0.0 
8 0.0 
9 0.0 
10 0.0 
11 0.0 
Gamma 
6 7 0.11710874456686438 
6 8 0.18272156076209756 
7 6 0.11710874456686438 
7 9 0.19620081728811645 
8 6 0.18272156076209756 
8 11 0.22550963518842404 
9 7 0.19620081728811645 
9 10 0.11751164543144554 
10 9 0.11751164543144554 
10 11 0.11751164543144554 
11 8 0.22550963518842404 
11 10 0.11751164543144554 
