9 72 72 
K 
0 1 40.676246158463286 
0 2 27.12563240060219 
0 3 5.211736041388354 
0 4 26.9160408361532 
0 5 18.43745626670893 
0 6 4.8461410208466384 
0 7 22.8297495064022 
0 8 4.965663196018792 
1 0 150.24788424782378 
1 2 55.47482500014652 
1 3 9.279853189849122 
1 4 51.93036632182984 
1 5 34.46962693991315 
1 6 10.834112901259697 
1 7 49.207839106789656 
1 8 10.15531334866483 
2 0 213.0398504818059 
2 1 117.95311627938128 
2 3 13.158112315230168 
2 4 71.26417822304411 
2 5 50.61539271148972 
2 6 14.052856134052815 
2 7 68.90493467100654 
2 8 15.797434224661723 
3 0 1232.0544001842068 
3 1 593.9106041503438 
3 2 396.059180688428 
3 4 392.9989510846002 
3 5 269.2038185553731 
3 6 70.75811593518802 
3 7 333.33533947864635 
3 8 72.50324961810743 
4 0 127.25904107333233 
4 1 66.47086889194219 
4 2 42.90103529027255 
4 3 7.859979021692007 
4 5 28.261255632431705 
4 6 7.919295285352594 
4 7 36.80197312856712 
4 8 7.853534578138736 
5 0 121.07262948472197 
5 1 61.27933678206782 
5 2 42.320092239328886 
5 3 7.477883848760365 
5 4 39.25174393393294 
5 6 7.300779588975581 
5 7 34.908538412912485 
5 8 7.7471861810046025 
6 0 1145.6277373281453 
6 1 693.3832256806206 
6 2 422.99096963498977 
6 3 70.75811593518802 
6 4 395.96476426762956 
6 5 262.8280652031209 
6 7 375.2057185825923 
6 8 77.43342751036253 
7 0 134.92381958283698 
7 1 78.73254257086346 
7 2 51.85096333993244 
7 3 8.333383486966161 
7 4 46.00246641070889 
7 5 31.41768457162124 
7 6 9.380142964564806 
7 8 9.491923230866542 
8 0 1173.8827795388424 
8 1 649.9400543145492 
8 2 475.50277016231763 
8 3 72.50324961810746 
8 4 392.67672890693694 
8 5 278.8987025161657 
8 6 77.43342751036253 
8 7 379.6769292346617 
P 
0 1.0 5.231429511609697 5.231429511609697 
1 1.0 46.68427671041432 46.68427671041432 
2 1.0 51.40389375024002 51.40389375024002 
3 0.0 -0.3876106185235239 -0.3876106185235239 
4 0.0 -47.57706905966086 -47.57706905966086 
5 0.0 -47.66989304608892 -47.66989304608892 
6 0.0 -1.2020187493466061 -1.2020187493466061 
7 0.0 -47.91390050299088 -47.91390050299088 
8 0.0 -1.841630054303403 -1.841630054303403 
Alfa 
0 1.0575296108291032 
1 3.90625 
2 8.305647840531561 
3 250.0 
4 5.0 
5 6.944444444444445 
6 250.0 
7 6.25 
8 250.0 
Gamma 
0 1 0.008753458187054086 
0 2 0.0073701681771294325 
0 3 -0.005093718253720736 
0 4 -0.0010828677808276677 
0 5 -0.001812942981510135 
0 6 0.008753458187054086 
0 7 0.008801344575439352 
0 8 0.0073701681771294325 
1 0 0.008753458187054086 
1 2 -0.006759390196331649 
1 3 0.008753458187054086 
1 4 0.003603540213339196 
1 5 0.003535935886399555 
1 6 -0.01455117474342349 
1 7 -0.010809850337265559 
1 8 -0.006759390196331649 
2 0 0.0073701681771294325 
2 1 -0.006759390196331649 
2 3 0.0073701681771294325 
2 4 0.0043285302189606245 
2 5 -0.0023014709763806707 
2 6 -0.006759390196331649 
2 7 -0.012516494278334456 
2 8 -0.021158474852256637 
3 0 -0.005093718253720736 
3 1 0.008753458187054086 
3 2 0.0073701681771294325 
3 4 -0.0010828677808276677 
3 5 -0.001812942981510135 
3 6 0.008753458187054086 
3 7 0.008801344575439352 
3 8 0.0073701681771294325 
4 0 -0.0010828677808276677 
4 1 0.003603540213339196 
4 2 0.0043285302189606245 
4 3 -0.0010828677808276677 
4 5 0.00035340785594506485 
4 6 0.003603540213339196 
4 7 0.0045329252894503735 
4 8 0.0043285302189606245 
5 0 -0.001812942981510135 
5 1 0.003535935886399555 
5 2 -0.0023014709763806707 
5 3 -0.001812942981510135 
5 4 0.00035340785594506485 
5 6 0.003535935886399555 
5 7 0.0016594162518537292 
5 8 -0.0023014709763806707 
6 0 0.008753458187054086 
6 1 -0.01455117474342349 
6 2 -0.006759390196331649 
6 3 0.008753458187054086 
6 4 0.003603540213339196 
6 5 0.003535935886399555 
6 7 -0.010809850337265559 
6 8 -0.006759390196331649 
7 0 0.008801344575439352 
7 1 -0.010809850337265559 
7 2 -0.012516494278334456 
7 3 0.008801344575439352 
7 4 0.0045329252894503735 
7 5 0.0016594162518537292 
7 6 -0.010809850337265559 
7 8 -0.012516494278334456 
8 0 0.0073701681771294325 
8 1 -0.006759390196331649 
8 2 -0.021158474852256637 
8 3 0.0073701681771294325 
8 4 0.0043285302189606245 
8 5 -0.0023014709763806707 
8 6 -0.006759390196331649 
8 7 -0.012516494278334456 
