9 72 72 
K 
0 1 37.098422767434116 
0 2 24.79909995079048 
0 3 4.854056960175311 
0 4 24.87328400524016 
0 5 17.05258340572208 
0 6 4.433751990415904 
0 7 20.870884028516002 
0 8 4.548774042647413 
1 0 137.03229909720974 
1 2 51.1927553268863 
1 3 8.511321500924636 
1 4 47.941917285614984 
1 5 31.664134286482113 
1 6 10.162776609377815 
1 7 45.835839896024275 
1 8 9.390029358509766 
2 0 194.76768200554372 
2 1 108.84838341929314 
2 3 12.097369528647064 
2 4 65.54843229200542 
2 5 46.909502648437744 
2 6 13.008820878026329 
2 7 64.19537216752533 
2 8 14.878854870960561 
3 0 1147.4990653854427 
3 1 544.7245760591763 
3 2 364.1308228122767 
3 4 365.2200841499831 
3 5 250.3869591606945 
3 6 65.1017885172986 
3 7 306.45193532037405 
3 8 66.790683461217 
4 0 117.60088677677543 
4 1 61.365654125587184 
4 2 39.46015623978726 
4 3 7.304401682999665 
4 5 26.15064035777813 
4 6 7.334006969194777 
4 7 33.96996817030548 
4 8 7.237977780586116 
5 0 111.97863103090826 
5 1 56.29179428707931 
5 2 39.22155638105489 
5 3 6.955193310019292 
5 4 36.32033383024741 
5 6 6.727613638160142 
5 7 32.23292881960921 
5 8 7.194212609828515 
6 0 1048.138970534319 
6 1 650.4177030001803 
6 2 391.5655084285926 
6 3 65.10178851729864 
6 4 366.70034845973885 
6 5 242.19409097376516 
6 7 350.5912865704301 
6 8 71.8228897125456 
7 0 123.34692460852956 
7 1 73.33734383363885 
7 2 48.30701755606282 
7 3 7.661298383009356 
7 4 42.46246021288186 
7 5 29.009635937648298 
7 6 8.764782164260753 
7 8 8.860713008648014 
8 0 1075.3301836818484 
8 1 600.9618789446249 
8 2 447.8535316159129 
8 3 66.790683461217 
8 4 361.8988890293058 
8 5 258.9916539538265 
8 6 71.82288971254559 
8 7 354.42852034592056 
P 
0 1.0 5.160084118607481 5.160084118607481 
1 1.0 46.622724121352256 46.622724121352256 
2 1.0 51.33202306001592 51.33202306001592 
3 0.0 -0.4570600869451766 -0.4570600869451766 
4 0.0 -47.62211290405612 -47.62211290405612 
5 0.0 -47.70688469433742 -47.70688469433742 
6 0.0 -1.2658425161536169 -1.2658425161536169 
7 0.0 -47.94789471736136 -47.94789471736136 
8 0.0 -1.9217310782687065 -1.9217310782687065 
Alfa 
0 1.0575296108291032 
1 3.90625 
2 8.305647840531561 
3 250.0 
4 5.0 
5 6.944444444444445 
6 250.0 
7 6.25 
8 250.0 
Gamma 
0 1 0.01035371120998696 
0 2 0.009022283872569536 
0 3 -0.006412832297938653 
0 4 -0.0015381099408873222 
0 5 -0.002066507553978303 
0 6 0.01035371120998696 
0 7 0.010575331570326973 
0 8 0.009022283872569759 
1 0 0.01035371120998696 
1 2 -0.006979174695470602 
1 3 0.01035371120998696 
1 4 0.004518649123800289 
1 5 0.0048042682309061835 
1 6 -0.016285105295182678 
1 7 -0.011818919103108394 
1 8 -0.006979174695470602 
2 0 0.009022283872569536 
2 1 -0.006979174695470602 
2 3 0.009022283872569536 
2 4 0.005705921929291868 
2 5 -0.001811739426896608 
2 6 -0.006979174695470602 
2 7 -0.013549030696739184 
2 8 -0.0233957938233873 
3 0 -0.006412832297938653 
3 1 0.010353711209987182 
3 2 0.009022283872569536 
3 4 -0.0015381099408873222 
3 5 -0.002066507553978303 
3 6 0.01035371120998696 
3 7 0.010575331570326973 
3 8 0.009022283872569759 
4 0 -0.0015381099408873222 
4 1 0.004518649123800289 
4 2 0.005705921929291868 
4 3 -0.0015381099408873222 
4 5 0.0007231135512153486 
4 6 0.004518649123800289 
4 7 0.005789829045568906 
4 8 0.005705921929291868 
5 0 -0.002066507553978303 
5 1 0.0048042682309064055 
5 2 -0.001811739426896608 
5 3 -0.002066507553978303 
5 4 0.0007231135512153486 
5 6 0.0048042682309064055 
5 7 0.002733232230720528 
5 8 -0.001811739426896608 
6 0 0.01035371120998696 
6 1 -0.016285105295182678 
6 2 -0.006979174695470602 
6 3 0.01035371120998696 
6 4 0.004518649123800289 
6 5 0.0048042682309061835 
6 7 -0.011818919103108394 
6 8 -0.006979174695470602 
7 0 0.010575331570326973 
7 1 -0.011818919103108172 
7 2 -0.013549030696739184 
7 3 0.010575331570326973 
7 4 0.005789829045568906 
7 5 0.002733232230720306 
7 6 -0.011818919103108172 
7 8 -0.013549030696739184 
8 0 0.009022283872569536 
8 1 -0.006979174695470602 
8 2 -0.0233957938233873 
8 3 0.009022283872569536 
8 4 0.005705921929291868 
8 5 -0.001811739426896608 
8 6 -0.006979174695470602 
8 7 -0.013549030696739184 
