12 24 12 
K 
0 3 134.92557115253808 
1 4 254.13587518077813 
2 5 350.097707534246 
3 0 127.58562008184002 
3 6 1834.624306939336 
4 1 65.0587840462792 
4 9 1706.512786477286 
5 2 42.15176398712322 
5 11 1833.2230435218994 
6 3 1834.624306939336 
6 7 1182.3865795931433 
6 8 1101.80832406338 
7 6 1182.386579593143 
7 9 622.2202624513747 
8 6 1101.8083240633803 
8 11 600.8154158746454 
9 4 1706.512786477286 
9 7 622.2202624513747 
9 10 1450.0134427495811 
10 9 1450.0134427495814 
10 11 1043.199457345663 
11 5 1833.2230435218994 
11 8 600.8154158746454 
11 10 1043.1994573456627 
P 
0 1.0 5.661245644793789 5.661245644793789 
1 1.0 48.007462737669016 48.007462737669016 
2 1.0 53.22964296780048 53.22964296780048 
3 0.0 -0.0 -0.0 
4 0.0 -0.0 -0.0 
5 0.0 -0.0 -0.0 
6 0.0 -344.9639832798128 -344.9639832798128 
7 0.0 -260.06586417023175 -260.06586417023175 
8 0.0 -335.26003595063554 -335.26003595063554 
9 0.0 -298.0027293697241 -298.0027293697241 
10 0.0 -295.88754086260207 -295.88754086260207 
11 0.0 -262.693384433107 -262.693384433107 
Alfa 
0 1.0575296108291032 
1 3.90625 
2 8.305647840531561 
3 0.0 
4 0.0 
5 0.0 
6 0.0 
7 0.0 
8 0.0 
9 0.0 
10 0.0 
11 0.0 
Gamma 
6 7 0.11710874456686438 
6 8 0.18272156076209756 
7 6 0.11710874456686438 
7 9 0.19620081728811645 
8 6 0.18272156076209756 
8 11 0.22550963518842404 
9 7 0.19620081728811645 
9 10 0.11751164543144554 
10 9 0.11751164543144554 
10 11 0.11751164543144554 
11 8 0.22550963518842404 
11 10 0.11751164543144554 
