9 72 72 
K 
0 1 43.06579709180812 
0 2 28.683376271868315 
0 3 5.457793433906954 
0 4 28.302934580728216 
0 5 19.378911464300717 
0 6 5.122517627622613 
0 7 24.141326544569836 
0 8 5.245446265295918 
1 0 159.07428800786624 
1 2 58.374048073088844 
1 3 9.796409682635987 
1 4 54.6346101570455 
1 5 36.358440931590856 
1 6 11.302820575512555 
1 7 51.526955913865216 
1 8 10.675100781475878 
2 0 225.27409138437446 
2 1 124.11757729826193 
2 3 13.87324952210869 
2 4 75.11869473693946 
2 5 53.143736601450456 
2 6 14.763327757588362 
2 7 72.14607920919926 
2 8 16.445632102895825 
3 0 1290.2223677756033 
3 1 626.9702196887031 
3 2 417.58481061547144 
3 4 412.04617841125713 
3 5 282.12644833204996 
3 6 74.57579376745637 
3 7 351.459715814822 
3 8 76.36544124115252 
4 0 133.816274697683 
4 1 69.93230100101823 
4 2 45.22145423163756 
4 3 8.240923568225144 
4 5 29.69750450073783 
4 6 8.318189115465554 
4 7 38.72173360999415 
4 8 8.269832183013886 
5 0 127.25485194890803 
5 1 64.63722832282818 
5 2 44.43406865843495 
5 3 7.83684578700139 
5 4 41.24653402880254 
5 6 7.688359762121694 
5 7 36.72326752363097 
5 8 8.125839764717083 
6 0 1210.9631671699858 
6 1 723.3805168328037 
6 2 444.3761655034097 
6 3 74.57579376745637 
6 4 415.90945577327767 
6 5 276.7809514363809 
6 7 392.2522395636742 
6 8 81.26488582212338 
7 0 142.6752398784077 
7 1 82.44312946218434 
7 2 54.28992460492245 
7 3 8.78649289537055 
7 4 48.40216701249269 
7 5 33.05094077126787 
7 6 9.806305989091856 
7 8 9.928220428547837 
8 0 1240.0234971159553 
8 1 683.2064500144562 
8 2 495.0135262971643 
8 3 76.36544124115252 
8 4 413.49160915069433 
8 5 292.530231529815 
8 6 81.26488582212338 
8 7 397.1288171419136 
P 
0 1.0 5.270918776587372 5.270918776587372 
1 1.0 46.712222258123866 46.712222258123866 
2 1.0 51.43436568359554 51.43436568359554 
3 0.0 -0.34995308055501906 -0.34995308055501906 
4 0.0 -47.55427386930713 -47.55427386930713 
5 0.0 -47.65228479229163 -47.65228479229163 
6 0.0 -1.1728226001574307 -1.1728226001574307 
7 0.0 -47.89928284849816 -47.89928284849816 
8 0.0 -1.8071840133537311 -1.8071840133537311 
Alfa 
0 1.0575296108291032 
1 3.90625 
2 8.305647840531561 
3 250.0 
4 5.0 
5 6.944444444444445 
6 250.0 
7 6.25 
8 250.0 
Gamma 
0 1 0.007897302608792955 
0 2 0.006487585859641598 
0 3 -0.0044043285379935515 
0 4 -0.0008580512587883504 
0 5 -0.001693536058031242 
0 6 0.007897302608792733 
0 7 0.00785549989242762 
0 8 0.006487585859641598 
1 0 0.007897302608792955 
1 2 -0.006652159239687538 
1 3 0.007897302608792955 
1 4 0.0031051447454453207 
1 5 0.002856383005457541 
1 6 -0.013631008731930905 
1 7 -0.010280410043000732 
1 8 -0.006652159239687538 
2 0 0.006487585859641598 
2 1 -0.006652159239687538 
2 3 0.006487585859641598 
2 4 0.0035923920612896953 
2 5 -0.002576212743303552 
2 6 -0.006652159239687538 
2 7 -0.011976158574028561 
2 8 -0.0199646632221111 
3 0 -0.0044043285379935515 
3 1 0.007897302608792955 
3 2 0.006487585859641598 
3 4 -0.0008580512587883504 
3 5 -0.001693536058031242 
3 6 0.007897302608792733 
3 7 0.00785549989242762 
3 8 0.006487585859641598 
4 0 -0.0008580512587883504 
4 1 0.0031051447454455428 
4 2 0.0035923920612896953 
4 3 -0.0008580512587883504 
4 5 0.00014457928927069652 
4 6 0.0031051447454453207 
4 7 0.0038578721367179547 
4 8 0.0035923920612896953 
5 0 -0.001693536058031242 
5 1 0.002856383005457541 
5 2 -0.002576212743303552 
5 3 -0.001693536058031242 
5 4 0.00014457928927069652 
5 6 0.002856383005457541 
5 7 0.0010802287025029056 
5 8 -0.002576212743303774 
6 0 0.007897302608792955 
6 1 -0.013631008731931127 
6 2 -0.006652159239687538 
6 3 0.007897302608792955 
6 4 0.0031051447454453207 
6 5 0.002856383005457541 
6 7 -0.010280410043000732 
6 8 -0.006652159239687538 
7 0 0.00785549989242762 
7 1 -0.010280410043000732 
7 2 -0.011976158574028561 
7 3 0.00785549989242762 
7 4 0.0038578721367179547 
7 5 0.0010802287025029056 
7 6 -0.010280410043000732 
7 8 -0.011976158574028561 
8 0 0.006487585859641598 
8 1 -0.006652159239687538 
8 2 -0.0199646632221111 
8 3 0.006487585859641598 
8 4 0.0035923920612896953 
8 5 -0.002576212743303552 
8 6 -0.006652159239687538 
8 7 -0.011976158574028561 
