3 6 6 
K 
0 1 52.42481893754001 
0 2 35.36173483112833 
1 0 193.64417495053846 
1 2 75.73131163051018 
2 0 277.7247213979647 
2 1 161.02338685556987 
P 
0 1.0 -14.508480117448208 -14.508480117448208 
1 1.0 23.506606571783195 23.506606571783195 
2 1.0 28.90290576854562 28.90290576854562 
Alfa 
0 1.0575296108291032 
1 3.90625 
2 8.305647840531561 
Gamma 
0 1 -0.19664200723769443 
0 2 -0.1965761168164939 
1 0 -0.19664200723769443 
1 2 -0.20645444072803554 
2 0 -0.1965761168164939 
2 1 -0.20645444072803576 
