9 72 72 
K 
0 1 29.38210013872425 
0 2 19.82116040337234 
0 3 4.1590145823987115 
0 4 20.7049076283024 
0 5 14.23985424344821 
0 6 3.5542617519259996 
0 7 16.680039957463507 
0 8 3.6636944541713703 
1 0 108.53013238741266 
1 2 42.35793994047192 
1 3 6.887919731087914 
1 4 39.765949568321936 
1 5 25.768222235067253 
1 6 8.93315084424412 
1 7 39.270972599262656 
1 8 7.829337258358892 
2 0 155.67183785239934 
2 1 90.06339389336223 
2 3 9.879791905999923 
2 4 53.60325320675322 
2 5 39.48472078820854 
2 6 10.894690122641515 
2 7 55.05452774133532 
2 8 13.274084625529374 
3 0 983.1910472790555 
3 1 440.82686278962655 
3 2 297.38173637059776 
3 4 310.64081297933575 
3 5 213.64402963311738 
3 6 53.32546176880365 
3 7 250.25473505766618 
3 8 54.96730747042656 
4 0 97.89280326661371 
4 1 50.90041544745209 
4 2 32.269158430465446 
4 3 6.212816259586716 
4 5 21.881523845714923 
4 6 6.157265781814786 
4 7 28.16082129505104 
4 8 5.964551740490384 
5 0 93.50837619864323 
5 1 45.81017286234178 
5 2 33.013613770141035 
5 3 5.934556378697706 
5 4 30.391005341270724 
5 6 5.541514884402318 
5 7 26.755731819419022 
5 8 6.102155031309003 
6 0 840.2274781553062 
6 1 571.7216540316236 
6 2 327.93017269150965 
6 3 53.32546176880366 
6 4 307.8632890907393 
6 5 199.49453583848342 
6 7 304.03123580462466 
6 8 60.61380517565126 
7 0 98.57903614860929 
7 1 62.833556158820244 
7 2 41.42853212535483 
7 3 6.256368376441655 
7 4 35.201026618813806 
7 5 24.080158637477115 
7 6 7.600780895115618 
7 8 7.657547807660096 
8 0 866.0973689661118 
8 1 501.07758453496916 
8 2 399.5499472284341 
8 3 54.96730747042656 
8 4 298.22758702451927 
8 5 219.67758112712414 
8 6 60.61380517565126 
8 7 306.30191230640395 
P 
0 1.0 4.929708975423269 4.929708975423269 
1 1.0 46.35996194983438 46.35996194983438 
2 1.0 50.997152029033145 50.997152029033145 
3 0.0 -0.6965608511231298 -0.6965608511231298 
4 0.0 -47.797496783144496 -47.797496783144496 
5 0.0 -47.864138003632085 -47.864138003632085 
6 0.0 -1.542903456430116 -1.542903456430116 
7 0.0 -48.1050442568575 -48.1050442568575 
8 0.0 -2.2958131676762257 -2.2958131676762257 
Alfa 
0 1.0575296108291032 
1 3.90625 
2 8.305647840531561 
3 250.0 
4 5.0 
5 6.944444444444445 
6 250.0 
7 6.25 
8 250.0 
Gamma 
0 1 0.016104436782416354 
0 2 0.014982589519242806 
0 3 -0.01116329553854456 
0 4 -0.0033284484034163953 
0 5 -0.0031031184582888116 
0 6 0.016104436782416354 
0 7 0.017001498715169205 
0 8 0.014982589519242806 
1 0 0.016104436782416354 
1 2 -0.0077738825720614635 
1 3 0.016104436782416354 
1 4 0.007699962764317503 
1 5 0.009384316077782895 
1 6 -0.022311232857903818 
1 7 -0.015368244705853185 
1 8 -0.0077738825720614635 
2 0 0.014982589519242806 
2 1 -0.0077738825720614635 
2 3 0.014982589519242806 
2 4 0.010702949686053786 
2 5 -0.0001902058304310561 
2 6 -0.0077738825720614635 
2 7 -0.01721163958040206 
2 8 -0.031091757226800798 
3 0 -0.01116329553854456 
3 1 0.016104436782416354 
3 2 0.014982589519242806 
3 4 -0.0033284484034163953 
3 5 -0.0031031184582888116 
3 6 0.016104436782416354 
3 7 0.017001498715169205 
3 8 0.014982589519242806 
4 0 -0.0033284484034163953 
4 1 0.007699962764317503 
4 2 0.010702949686054009 
4 3 -0.0033284484034163953 
4 5 0.00196475900011972 
4 6 0.007699962764317503 
4 7 0.01029366168526713 
4 8 0.010702949686053786 
5 0 -0.0031031184582890337 
5 1 0.009384316077782895 
5 2 -0.00019020583043127814 
5 3 -0.0031031184582890337 
5 4 0.00196475900011972 
5 6 0.009384316077782895 
5 7 0.006556800065734336 
5 8 -0.0001902058304310561 
6 0 0.016104436782416354 
6 1 -0.022311232857903818 
6 2 -0.0077738825720614635 
6 3 0.016104436782416354 
6 4 0.007699962764317503 
6 5 0.009384316077782895 
6 7 -0.015368244705853185 
6 8 -0.0077738825720614635 
7 0 0.017001498715169205 
7 1 -0.015368244705853185 
7 2 -0.01721163958040206 
7 3 0.017001498715169205 
7 4 0.01029366168526713 
7 5 0.006556800065734336 
7 6 -0.015368244705853185 
7 8 -0.01721163958040206 
8 0 0.014982589519242806 
8 1 -0.0077738825720614635 
8 2 -0.031091757226800798 
8 3 0.014982589519242806 
8 4 0.010702949686053786 
8 5 -0.0001902058304310561 
8 6 -0.0077738825720614635 
8 7 -0.01721163958040206 
