3 6 6 
K 
0 1 85.47591289550301 
0 2 56.96062214413703 
1 0 315.72665325776416 
1 2 116.36708712049793 
2 0 447.358507470897 
2 1 247.42503573793593 
P 
0 1.0 -41.50278223921543 -41.50278223921543 
1 1.0 -5.061659150098193 -5.061659150098193 
2 1.0 2.4795531829453497 2.4795531829453497 
Alfa 
0 1.0575296108291032 
1 3.90625 
2 8.305647840531561 
Gamma 
0 1 -0.29773768384824084 
0 2 -0.2983952343544296 
1 0 -0.29773768384824084 
1 2 -0.30328689742285064 
2 0 -0.2983952343544296 
2 1 -0.30328689742285064 
