12 24 12 
K 
0 3 134.92557115253808 
1 4 254.13587518077813 
2 5 350.097707534246 
3 0 127.58562008184002 
3 6 1847.5441964248243 
4 1 65.0587840462792 
4 9 1718.5304821567033 
5 2 42.15176398712322 
5 11 1846.1330649551523 
6 3 1847.5441964248243 
6 7 1190.713245646616 
6 8 1109.567537613122 
7 6 1190.713245646616 
7 9 626.6020952855391 
8 6 1109.567537613122 
8 11 605.0465103526359 
9 4 1718.5304821567033 
9 7 626.6020952855392 
9 10 1460.2248050224657 
10 9 1460.2248050224655 
10 11 1050.545932397393 
11 5 1846.1330649551523 
11 8 605.0465103526358 
11 10 1050.5459323973928 
P 
0 1.0 5.661245644793789 5.661245644793789 
1 1.0 48.007462737669016 48.007462737669016 
2 1.0 53.22964296780048 53.22964296780048 
3 0.0 -0.0 -0.0 
4 0.0 -0.0 -0.0 
5 0.0 -0.0 -0.0 
6 0.0 -347.39330710572693 -347.39330710572693 
7 0.0 -261.83094224212937 -261.83094224212937 
8 0.0 -337.5732345127403 -337.5732345127403 
9 0.0 -300.10134013993337 -300.10134013993337 
10 0.0 -297.9181585984752 -297.9181585984752 
11 0.0 -264.5433378446077 -264.5433378446077 
Alfa 
0 1.0575296108291032 
1 3.90625 
2 8.305647840531561 
3 0.0 
4 0.0 
5 0.0 
6 0.0 
7 0.0 
8 0.0 
9 0.0 
10 0.0 
11 0.0 
Gamma 
6 7 0.11710874456686438 
6 8 0.18272156076209756 
7 6 0.11710874456686438 
7 9 0.19620081728811645 
8 6 0.18272156076209756 
8 11 0.22550963518842404 
9 7 0.19620081728811645 
9 10 0.11751164543144554 
10 9 0.11751164543144554 
10 11 0.11751164543144554 
11 8 0.22550963518842404 
11 10 0.11751164543144554 
