3 6 6 
K 
0 1 184.07329983300727 
0 2 121.89260037604592 
1 0 679.9207512581706 
1 2 242.70861474019466 
2 0 957.322615577982 
2 1 516.058184165198 
P 
0 1.0 -201.6827207172098 -201.6827207172098 
1 1.0 -174.28152307358246 -174.28152307358246 
2 1.0 -154.8928385974836 -154.8928385974836 
Alfa 
0 1.0575296108291032 
1 3.90625 
2 8.305647840531561 
Gamma 
0 1 -0.6470629127358877 
0 2 -0.6480628351141348 
1 0 -0.6470629127358873 
1 2 -0.6499773596289027 
2 0 -0.6480628351141348 
2 1 -0.6499773596289028 
