12 24 12 
K 
0 3 134.92557115253808 
1 4 254.13587518077813 
2 5 350.097707534246 
3 0 127.58562008184002 
3 6 1098.1906062665048 
4 1 65.0587840462792 
4 9 1021.5041327504889 
5 2 42.15176398712322 
5 11 1097.35182182649 
6 3 1098.1906062665048 
6 7 707.7666145451919 
6 8 659.5331517280803 
7 6 707.7666145451918 
7 9 372.45579090399207 
8 6 659.5331517280803 
8 11 359.64303062918947 
9 4 1021.5041327504889 
9 7 372.45579090399207 
9 10 867.9657931951725 
10 9 867.9657931951725 
10 11 624.4503793970522 
11 5 1097.35182182649 
11 8 359.64303062918947 
11 10 624.4503793970522 
P 
0 1.0 5.661245644793789 5.661245644793789 
1 1.0 48.007462737669016 48.007462737669016 
2 1.0 53.22964296780048 53.22964296780048 
3 0.0 -0.0 -0.0 
4 0.0 -0.0 -0.0 
5 0.0 -0.0 -0.0 
6 0.0 -206.492525202705 -206.492525202705 
7 0.0 -159.45641407206736 -159.45641407206736 
8 0.0 -203.40771791066211 -203.40771791066211 
9 0.0 -178.38191546779277 -178.38191546779277 
10 0.0 -180.14232991783294 -180.14232991783294 
11 0.0 -157.24603997756412 -157.24603997756412 
Alfa 
0 1.0575296108291032 
1 3.90625 
2 8.305647840531561 
3 0.0 
4 0.0 
5 0.0 
6 0.0 
7 0.0 
8 0.0 
9 0.0 
10 0.0 
11 0.0 
Gamma 
6 7 0.11710874456686438 
6 8 0.18272156076209756 
7 6 0.11710874456686438 
7 9 0.19620081728811645 
8 6 0.18272156076209756 
8 11 0.22550963518842404 
9 7 0.19620081728811645 
9 10 0.11751164543144554 
10 9 0.11751164543144554 
10 11 0.11751164543144554 
11 8 0.22550963518842404 
11 10 0.11751164543144554 
