9 72 72 
K 
0 1 39.19003184679193 
0 2 26.158231818037248 
0 3 5.0613658543028 
0 4 26.061858437316364 
0 5 17.85806360824016 
0 6 4.67459944982677 
0 7 22.01522623294527 
0 8 4.79215273401563 
1 0 144.7581801340877 
1 2 53.68631831504389 
1 3 8.959793755777575 
1 4 50.263493555747075 
1 5 33.30049030513365 
1 6 10.550154848997588 
1 7 47.79040091461823 
1 8 9.83526099479209 
2 0 205.44205985993366 
2 1 114.1503113675352 
2 3 12.71581670481131 
2 4 68.88066294269703 
2 5 49.06267106575956 
2 6 13.615885406837586 
2 7 66.92469518237746 
2 8 15.407163914866418 
3 0 1196.5068879571822 
3 1 573.4268003697649 
3 2 382.7460828148205 
3 4 381.3359518008006 
3 5 261.2983912773002 
3 6 68.39853093265235 
3 7 322.1258096325769 
3 8 70.1185653508151 
4 0 123.22046669163177 
4 1 64.33727175135628 
4 2 41.46615909150361 
4 3 7.626719036016012 
4 5 27.377866893841393 
4 6 7.674170215221827 
4 7 35.618503897544464 
4 8 7.596544332268492 
5 0 117.26795102744369 
5 1 59.20087165357092 
5 2 41.0218444188712 
5 3 7.258288646591671 
5 4 38.02481513033526 
5 6 7.061498779662299 
5 7 33.79017647851383 
5 8 7.515146484431144 
6 0 1105.0753099390483 
6 1 675.2099103358457 
6 2 409.8381507458114 
6 3 68.39853093265233 
6 4 383.7085107610911 
6 5 254.21395606784273 
6 7 364.8290690993355 
6 8 75.08179559927983 
7 0 130.10998703670657 
7 1 76.46464146338919 
7 2 50.36083312473904 
7 3 8.053145240814422 
7 4 44.52312987193059 
7 5 30.41115883066245 
7 6 9.120726727483389 
7 8 9.226036600058375 
8 0 1132.8649063212952 
8 1 629.4567036666938 
8 2 463.7556338374792 
8 3 70.1185653508151 
8 4 379.8272166134247 
8 5 270.54527343952117 
8 6 75.08179559927983 
8 7 369.041464002335 
P 
0 1.0 5.203776836195419 5.203776836195419 
1 1.0 46.66194273646168 46.66194273646168 
2 1.0 51.378379099131834 51.378379099131834 
3 0.0 -0.41430364738152103 -0.41430364738152103 
4 0.0 -47.593963199388114 -47.593963199388114 
5 0.0 -47.683482821411246 -47.683482821411246 
6 0.0 -1.225202026263484 -1.225202026263484 
7 0.0 -47.92601713355858 -47.92601713355858 
8 0.0 -1.8701625446588646 -1.8701625446588646 
Alfa 
0 1.0575296108291032 
1 3.90625 
2 8.305647840531561 
3 250.0 
4 5.0 
5 6.944444444444445 
6 250.0 
7 6.25 
8 250.0 
Gamma 
0 1 0.009364939981880482 
0 2 0.008001102291486983 
0 3 -0.005594366579424248 
0 4 -0.0012523193824360845 
0 5 -0.0019059633040143797 
0 6 0.009364939981880482 
0 7 0.009478334836750646 
0 8 0.008001102291486983 
1 0 0.009364939981880482 
1 2 -0.006841214139621243 
1 3 0.009364939981880482 
1 4 0.003955471388266574 
1 5 0.0040207040382780335 
1 6 -0.015213069989954198 
1 7 -0.011193608648959907 
1 8 -0.006841214139621243 
2 0 0.008001102291486983 
2 1 -0.006841214139621243 
2 3 0.008001102291486983 
2 4 0.004854506048201701 
2 5 -0.0021111408967371403 
2 6 -0.006841214139621243 
2 7 -0.012908753073004098 
2 8 -0.022014203055029435 
3 0 -0.005594366579424248 
3 1 0.009364939981880482 
3 2 0.008001102291486983 
3 4 -0.0012523193824360845 
3 5 -0.0019059633040143797 
3 6 0.009364939981880482 
3 7 0.009478334836750646 
3 8 0.008001102291486983 
4 0 -0.0012523193824360845 
4 1 0.003955471388266574 
4 2 0.004854506048201701 
4 3 -0.0012523193824360845 
4 5 0.000497315396805309 
4 6 0.003955471388266574 
4 7 0.005013799561270016 
4 8 0.004854506048201701 
5 0 -0.0019059633040143797 
5 1 0.0040207040382780335 
5 2 -0.0021111408967369183 
5 3 -0.0019059633040143797 
5 4 0.000497315396805309 
5 6 0.0040207040382780335 
5 7 0.002070853168916864 
5 8 -0.0021111408967371403 
6 0 0.009364939981880482 
6 1 -0.015213069989954198 
6 2 -0.006841214139621243 
6 3 0.009364939981880482 
6 4 0.003955471388266574 
6 5 0.0040207040382780335 
6 7 -0.011193608648959907 
6 8 -0.006841214139621243 
7 0 0.009478334836750646 
7 1 -0.011193608648959907 
7 2 -0.012908753073004098 
7 3 0.009478334836750646 
7 4 0.005013799561270016 
7 5 0.002070853168916864 
7 6 -0.011193608648959907 
7 8 -0.012908753073004098 
8 0 0.008001102291486983 
8 1 -0.006841214139621243 
8 2 -0.022014203055029435 
8 3 0.008001102291486983 
8 4 0.004854506048201701 
8 5 -0.0021111408967371403 
8 6 -0.006841214139621243 
8 7 -0.012908753073004098 
