9 72 72 
K 
0 1 45.07701909797206 
0 2 29.996333408599266 
0 3 5.668232304245485 
0 4 29.480807242878257 
0 5 20.17903429727871 
0 6 5.35558243691227 
0 7 25.246797761601183 
0 8 5.481567192339676 
1 0 166.50323929313421 
1 2 60.83283198297089 
1 3 10.23271546208185 
1 4 56.92960172915612 
1 5 37.95531896616322 
1 6 11.70676277291829 
1 7 53.51019706029654 
1 8 11.116667209712038 
2 0 235.5858211891317 
2 1 129.34555637575212 
2 3 14.478292947113149 
2 4 78.38040458597794 
2 5 55.29656400365443 
2 6 15.367493323217284 
2 7 74.91867972281332 
2 8 17.007256162799816 
3 0 1339.970116723633 
3 1 654.8937895732386 
3 2 435.7966177081058 
3 4 428.3068836695837 
3 5 293.16766071312236 
3 6 77.8076666928303 
3 7 366.7937985151284 
3 8 79.6380147407123 
4 0 139.38525664432834 
4 1 72.86989021331982 
4 2 47.18500356075873 
4 3 8.566137673391673 
4 5 30.918756932776677 
4 6 8.6576422313546 
4 7 40.35077783729393 
4 8 8.622646106971777 
5 0 132.5089918854635 
5 1 67.4761226065124 
5 2 46.23407156972218 
5 3 8.143546130920063 
5 4 42.942717962189825 
5 6 8.016810879995262 
5 7 38.26362809066879 
5 8 8.448871614829416 
6 0 1266.0596880860596 
6 1 749.2328174667707 
6 2 462.56154902884003 
6 3 77.80766669283027 
6 4 432.8821115677301 
6 5 288.60519167982943 
6 7 406.88159393891243 
6 8 84.52907150536683 
7 0 149.20857477106293 
7 1 85.61631529647448 
7 2 56.37630649141702 
7 3 9.169844962878209 
7 4 50.43847229661742 
7 5 34.437265281601924 
7 6 10.172039848472814 
7 8 10.30227621086669 
8 0 1295.8424842690993 
8 1 711.4667014215704 
8 2 511.9184105002744 
8 3 79.6380147407123 
8 4 431.13230534858883 
8 5 304.1593781338591 
8 6 84.52907150536684 
8 7 412.0910484346676 
P 
0 1.0 5.300114508304269 5.300114508304269 
1 1.0 46.72937501987223 46.72937501987223 
2 1.0 51.45167249783096 51.45167249783096 
3 0.0 -0.3224399378265007 -0.3224399378265007 
4 0.0 -47.53851267194506 -47.53851267194506 
5 0.0 -47.64076741795134 -47.64076741795134 
6 0.0 -1.1546322272281808 -1.1546322272281808 
7 0.0 -47.89082104992823 -47.89082104992823 
8 0.0 -1.7871630589699208 -1.7871630589699208 
Alfa 
0 1.0575296108291032 
1 3.90625 
2 8.305647840531561 
3 250.0 
4 5.0 
5 6.944444444444445 
6 250.0 
7 6.25 
8 250.0 
Gamma 
0 1 0.007275172935154561 
0 2 0.005846886346350999 
0 3 -0.0039154944653123636 
0 4 -0.0007062521549092704 
0 5 -0.0016169291458585366 
0 6 0.007275172935154561 
0 7 0.007169851139362304 
0 8 0.005846886346350999 
1 0 0.007275172935154561 
1 2 -0.006581893618524237 
1 3 0.007275172935154561 
1 4 0.002738084022156917 
1 5 0.0023615373868244305 
1 6 -0.012971420621220364 
1 7 -0.00990475883546682 
1 8 -0.006581893618524237 
2 0 0.005846886346350999 
2 1 -0.006581893618524237 
2 3 0.005846886346350999 
2 4 0.0030573558968771675 
2 5 -0.002783181008777502 
2 6 -0.006581893618524237 
2 7 -0.011593346759409151 
2 8 -0.019105274463771194 
3 0 -0.0039154944653123636 
3 1 0.007275172935154561 
3 2 0.005846886346350999 
3 4 -0.0007062521549092704 
3 5 -0.0016169291458585366 
3 6 0.007275172935154561 
3 7 0.007169851139362304 
3 8 0.005846886346350999 
4 0 -0.0007062521549092704 
4 1 0.002738084022156917 
4 2 0.0030573558968769454 
4 3 -0.0007062521549092704 
4 5 -1.4021649290318905e-05 
4 6 0.002738084022156917 
4 7 0.0033656225395775063 
4 8 0.0030573558968771675 
5 0 -0.0016169291458585366 
5 1 0.0023615373868244305 
5 2 -0.002783181008777502 
5 3 -0.0016169291458585366 
5 4 -1.4021649290318905e-05 
5 6 0.0023615373868244305 
5 7 0.0006564347918871505 
5 8 -0.002783181008777502 
6 0 0.007275172935154561 
6 1 -0.012971420621220364 
6 2 -0.006581893618524237 
6 3 0.007275172935154561 
6 4 0.002738084022156917 
6 5 0.0023615373868244305 
6 7 -0.00990475883546682 
6 8 -0.006581893618524237 
7 0 0.007169851139362304 
7 1 -0.00990475883546682 
7 2 -0.011593346759409151 
7 3 0.007169851139362304 
7 4 0.0033656225395775063 
7 5 0.0006564347918871505 
7 6 -0.00990475883546682 
7 8 -0.011593346759409151 
8 0 0.005846886346350999 
8 1 -0.006581893618524237 
8 2 -0.019105274463771194 
8 3 0.005846886346350999 
8 4 0.0030573558968771675 
8 5 -0.002783181008777502 
8 6 -0.006581893618524237 
8 7 -0.011593346759409151 
