9 72 72 
K 
0 1 22.74753400465906 
0 2 15.618934635493684 
0 3 3.730996001493357 
0 4 17.629073319466166 
0 5 12.19646258137254 
0 6 2.8188613540785044 
0 7 13.145057617771469 
0 8 2.931776340628265 
1 0 84.02370372970942 
1 2 35.547746493535904 
1 3 5.5636277903348095 
1 4 33.65428556480245 
1 5 21.00898621553254 
1 6 8.370182064258854 
1 7 35.16100749635094 
1 8 6.672544867149049 
2 0 122.66831055915975 
2 1 75.58324835834877 
2 3 8.12247962569934 
2 4 44.107330667012164 
2 5 34.36338948563793 
2 6 9.366232742829578 
2 7 49.432031291694315 
2 8 12.768915504188744 
3 0 882.0074547530298 
3 1 356.0721785814278 
3 2 244.48663673355003 
3 4 275.95178193593927 
3 5 190.913925063117 
3 6 44.12425994220512 
3 7 205.76249287415595 
3 8 45.89174318883004 
4 0 83.35025865443602 
4 1 43.07748552294712 
4 2 26.552613061541308 
4 3 5.519035638718786 
4 5 18.835783202905777 
4 6 5.338137274424611 
4 7 23.81215576797468 
4 8 4.984099400658209 
5 0 80.09010428434635 
5 1 37.3493088276134 
5 2 28.731611764380595 
5 3 5.303164585086582 
5 4 26.16081000403581 
5 6 4.628304906990753 
5 7 22.68505376130074 
5 8 5.393111730393335 
6 0 666.3788241041585 
6 1 535.6916521125667 
6 2 281.92360555917014 
6 3 44.12425994220513 
6 4 266.9068637212306 
6 5 166.61897665166714 
6 7 278.8564391913514 
6 8 52.918907462785796 
7 0 77.68729052102942 
7 1 56.25761199416151 
7 2 37.19760354699998 
7 3 5.1440623218539026 
7 4 29.765194709968366 
7 5 20.416548385170668 
7 6 6.971410979783788 
7 8 6.982233843231491 
8 0 693.0719269245217 
8 1 427.04287149753924 
8 2 384.3443566760811 
8 3 45.89174318883006 
8 4 249.20497003291058 
8 5 194.1520222941601 
8 6 52.9189074627858 
8 7 279.28935372925963 
P 
0 1.0 4.600057597992415 4.600057597992415 
1 1.0 45.8826397508552 45.8826397508552 
2 1.0 50.331551621029526 50.331551621029526 
3 0.0 -1.0998977531935363 -1.0998977531935363 
4 0.0 -48.13437655602385 -48.13437655602385 
5 0.0 -48.18820675241832 -48.18820675241832 
6 0.0 -2.088245313070421 -2.088245313070421 
7 0.0 -48.42333214979863 -48.42333214979863 
8 0.0 -3.073529759030045 -3.073529759030045 
Alfa 
0 1.0575296108291032 
1 3.90625 
2 8.305647840531561 
3 250.0 
4 5.0 
5 6.944444444444445 
6 250.0 
7 6.25 
8 250.0 
Gamma 
0 1 0.026363203350422637 
0 2 0.02570034648628261 
0 3 -0.018834300229585876 
0 4 -0.006468370726263162 
0 5 -0.00485056591954347 
0 6 0.02636320335042286 
0 7 0.02862985913527827 
0 8 0.02570034648628261 
1 0 0.02636320335042286 
1 2 -0.008644688002713563 
1 3 0.026363203350422637 
1 4 0.013165654351865452 
1 5 0.017777619252725252 
1 6 -0.03146291078380248 
1 7 -0.020674008098511276 
1 8 -0.008644688002713563 
2 0 0.02570034648628261 
2 1 -0.008644688002713563 
2 3 0.02570034648628261 
2 4 0.01990674730640052 
2 5 0.0025251351823565304 
2 6 -0.008644688002713563 
2 7 -0.02279540626102672 
2 8 -0.042615633273425546 
3 0 -0.018834300229585876 
3 1 0.026363203350422637 
3 2 0.02570034648628261 
3 4 -0.006468370726263162 
3 5 -0.00485056591954347 
3 6 0.02636320335042286 
3 7 0.02862985913527827 
3 8 0.02570034648628261 
4 0 -0.006468370726263162 
4 1 0.013165654351865452 
4 2 0.01990674730640052 
4 3 -0.006468370726263162 
4 5 0.004247302286705779 
4 6 0.013165654351865452 
4 7 0.018399086574758083 
4 8 0.01990674730640052 
5 0 -0.00485056591954347 
5 1 0.017777619252725252 
5 2 0.0025251351823565304 
5 3 -0.00485056591954347 
5 4 0.004247302286705779 
5 6 0.017777619252725252 
5 7 0.013424507855569479 
5 8 0.0025251351823565304 
6 0 0.02636320335042286 
6 1 -0.03146291078380248 
6 2 -0.008644688002713563 
6 3 0.026363203350422637 
6 4 0.013165654351865452 
6 5 0.017777619252725252 
6 7 -0.020674008098511276 
6 8 -0.008644688002713563 
7 0 0.028629859135278046 
7 1 -0.020674008098511276 
7 2 -0.02279540626102672 
7 3 0.028629859135278046 
7 4 0.018399086574758083 
7 5 0.013424507855569479 
7 6 -0.020674008098511276 
7 8 -0.02279540626102672 
8 0 0.02570034648628261 
8 1 -0.008644688002713563 
8 2 -0.042615633273425546 
8 3 0.02570034648628261 
8 4 0.01990674730640052 
8 5 0.0025251351823565304 
8 6 -0.008644688002713563 
8 7 -0.02279540626102672 
