12 24 12 
K 
0 3 134.92557115253808 
1 4 254.13587518077813 
2 5 350.097707534246 
3 0 127.58562008184002 
3 6 1550.3867382585943 
4 1 65.0587840462792 
4 9 1442.1234815301011 
5 2 42.15176398712322 
5 11 1549.202571990338 
6 3 1550.3867382585943 
6 7 999.1999264167409 
6 8 931.1056259690539 
7 6 999.1999264167408 
7 9 525.8199400997534 
8 6 931.1056259690539 
8 11 507.7313373588554 
9 4 1442.1234815301011 
9 7 525.8199400997534 
9 10 1225.3634727461251 
10 9 1225.3634727461251 
10 11 881.5770062076026 
11 5 1549.202571990338 
11 8 507.7313373588554 
11 10 881.5770062076026 
P 
0 1.0 5.661245644793789 5.661245644793789 
1 1.0 48.007462737669016 48.007462737669016 
2 1.0 53.22964296780048 53.22964296780048 
3 0.0 -0.0 -0.0 
4 0.0 -0.0 -0.0 
5 0.0 -0.0 -0.0 
6 0.0 -291.518859109701 -291.518859109701 
7 0.0 -221.2341465884841 -221.2341465884841 
8 0.0 -284.36966758433 -284.36966758433 
9 0.0 -251.833292425119 -251.833292425119 
10 0.0 -251.213950673393 -251.213950673393 
11 0.0 -221.99440938009042 -221.99440938009042 
Alfa 
0 1.0575296108291032 
1 3.90625 
2 8.305647840531561 
3 0.0 
4 0.0 
5 0.0 
6 0.0 
7 0.0 
8 0.0 
9 0.0 
10 0.0 
11 0.0 
Gamma 
6 7 0.11710874456686438 
6 8 0.18272156076209756 
7 6 0.11710874456686438 
7 9 0.19620081728811645 
8 6 0.18272156076209756 
8 11 0.22550963518842404 
9 7 0.19620081728811645 
9 10 0.11751164543144554 
10 9 0.11751164543144554 
10 11 0.11751164543144554 
11 8 0.22550963518842404 
11 10 0.11751164543144554 
