12 24 12 
K 
0 3 134.92557115253808 
1 4 254.13587518077813 
2 5 350.097707534246 
3 0 127.58562008184002 
3 6 956.0718219261338 
4 1 65.0587840462792 
4 9 889.3094802768964 
5 2 42.15176398712322 
5 11 955.3415860607091 
6 3 956.0718219261338 
6 7 616.1732879569907 
6 8 574.181802680917 
7 6 616.1732879569907 
7 9 324.2556297281815 
8 6 574.181802680917 
8 11 313.1009913712945 
9 4 889.3094802768964 
9 7 324.2556297281815 
9 10 755.6408081934445 
10 9 755.6408081934445 
10 11 543.6391538280221 
11 5 955.3415860607091 
11 8 313.1009913712944 
11 10 543.639153828022 
P 
0 1.0 5.661245644793789 5.661245644793789 
1 1.0 48.007462737669016 48.007462737669016 
2 1.0 53.22964296780048 53.22964296780048 
3 0.0 -0.0 -0.0 
4 0.0 -0.0 -0.0 
5 0.0 -0.0 -0.0 
6 0.0 -179.7699631176491 -179.7699631176491 
7 0.0 -140.04055528119355 -140.04055528119355 
8 0.0 -177.96253372750934 -177.96253372750934 
9 0.0 -155.29719699549017 -155.29719699549017 
10 0.0 -157.8055348232284 -157.8055348232284 
11 0.0 -136.89655245105587 -136.89655245105587 
Alfa 
0 1.0575296108291032 
1 3.90625 
2 8.305647840531561 
3 0.0 
4 0.0 
5 0.0 
6 0.0 
7 0.0 
8 0.0 
9 0.0 
10 0.0 
11 0.0 
Gamma 
6 7 0.11710874456686438 
6 8 0.18272156076209756 
7 6 0.11710874456686438 
7 9 0.19620081728811645 
8 6 0.18272156076209756 
8 11 0.22550963518842404 
9 7 0.19620081728811645 
9 10 0.11751164543144554 
10 9 0.11751164543144554 
10 11 0.11751164543144554 
11 8 0.22550963518842404 
11 10 0.11751164543144554 
