9 72 72 
K 
0 1 35.78422698757454 
0 2 23.946790324635902 
0 3 4.7269080046616345 
0 4 24.13620681148915 
0 5 16.553611211794294 
0 6 4.282831310063817 
0 7 20.153278023605125 
0 8 4.396433863304628 
1 0 132.1779884353535 
1 2 49.64270812919703 
1 3 8.230942137667435 
1 4 46.50066682941915 
1 5 30.64241103086445 
1 6 9.928221142687969 
1 7 44.63668314792689 
1 8 9.11399315426495 
2 0 188.07379510777176 
2 1 105.55260200227943 
2 3 11.711666544998966 
2 4 63.470567877579974 
2 5 45.579714508859446 
2 6 12.633051675841376 
2 7 62.521909747261844 
2 8 14.562065170690683 
3 0 1117.4410523020108 
3 1 526.7802968107161 
3 2 352.52116300446886 
3 4 355.3095667668316 
3 5 243.68603045319665 
3 6 63.04764245680199 
3 7 296.6767951329486 
3 8 64.7199878377831 
4 0 114.11598580472072 
4 1 59.52085354165652 
4 2 38.20928186230312 
4 3 7.106191335336631 
4 5 25.391072624527546 
4 6 7.123746874242806 
4 7 32.94638192110291 
4 8 7.014910073320439 
5 0 108.70204695744921 
5 1 54.475397388203476 
5 2 38.109705742129705 
5 3 6.769056401477684 
5 4 35.26537864517714 
5 6 6.519882003972836 
5 7 31.266464674999987 
5 8 6.9966287161626655 
6 0 1012.4613216990859 
6 1 635.40615313203 
6 2 380.25485544282526 
6 3 63.04764245680196 
6 4 356.18734371214026 
6 5 234.71575214302212 
6 7 341.9095399406583 
6 8 69.81166580119799 
7 0 119.10587311950637 
7 1 71.418693036683 
7 2 47.04773708481454 
7 3 7.416919878323713 
7 4 41.18297740137865 
7 5 28.139818207499996 
7 6 8.547738498516457 
7 8 8.637577800927126 
8 0 1039.3169652852139 
8 1 583.2955618729565 
8 2 438.31816163778956 
8 3 64.71998783778307 
8 4 350.74550366602193 
8 5 251.8786337818559 
8 6 69.81166580119796 
8 7 345.5031120370849 
P 
0 1.0 5.129321055202767 5.129321055202767 
1 1.0 46.592600605073194 46.592600605073194 
2 1.0 51.2954583401691 51.2954583401691 
3 0.0 -0.48761646338217324 -0.48761646338217324 
4 0.0 -47.64295135521435 -47.64295135521435 
5 0.0 -47.72468606233883 -47.72468606233883 
6 0.0 -1.2970978969411382 -1.2970978969411382 
7 0.0 -47.96508454722957 -47.96508454722957 
8 0.0 -1.9623247814215545 -1.9623247814215545 
Alfa 
0 1.0575296108291032 
1 3.90625 
2 8.305647840531561 
3 250.0 
4 5.0 
5 6.944444444444445 
6 250.0 
7 6.25 
8 250.0 
Gamma 
0 1 0.011067721516416107 
0 2 0.00976039865047773 
0 3 -0.00700756091885002 
0 4 -0.0017513639382011892 
0 5 -0.002188251678253428 
0 6 0.011067721516415885 
0 7 0.011369115294320942 
0 8 0.00976039865047773 
1 0 0.011067721516416107 
1 2 -0.007081140425555743 
1 3 0.011067721516416107 
1 4 0.004921479417387742 
1 5 0.005370261474286098 
1 6 -0.01705701649236291 
1 7 -0.012271291173988175 
1 8 -0.007081140425555521 
2 0 0.00976039865047773 
2 1 -0.007081140425555743 
2 3 0.00976039865047773 
2 4 0.006321746970149089 
2 5 -0.0016008173016022198 
2 6 -0.007081140425555743 
2 7 -0.014013114392212866 
2 8 -0.02438772228255548 
3 0 -0.00700756091885002 
3 1 0.011067721516416107 
3 2 0.00976039865047773 
3 4 -0.0017513639382011892 
3 5 -0.002188251678253428 
3 6 0.011067721516415885 
3 7 0.011369115294320942 
3 8 0.00976039865047773 
4 0 -0.0017513639382011892 
4 1 0.004921479417387742 
4 2 0.006321746970149089 
4 3 -0.0017513639382011892 
4 5 0.0008821802757239539 
4 6 0.00492147941738752 
4 7 0.006349405763218963 
4 8 0.006321746970149089 
5 0 -0.002188251678253428 
5 1 0.005370261474286098 
5 2 -0.0016008173016022198 
5 3 -0.002188251678253428 
5 4 0.0008821802757239539 
5 6 0.005370261474286098 
5 7 0.0032098785862206825 
5 8 -0.0016008173016022198 
6 0 0.011067721516416107 
6 1 -0.01705701649236291 
6 2 -0.007081140425555743 
6 3 0.011067721516416107 
6 4 0.004921479417387742 
6 5 0.005370261474286098 
6 7 -0.012271291173988175 
6 8 -0.007081140425555521 
7 0 0.011369115294320942 
7 1 -0.012271291173988175 
7 2 -0.014013114392212866 
7 3 0.011369115294320942 
7 4 0.006349405763218963 
7 5 0.0032098785862206825 
7 6 -0.012271291173988175 
7 8 -0.014013114392212866 
8 0 0.00976039865047773 
8 1 -0.007081140425555743 
8 2 -0.02438772228255548 
8 3 0.00976039865047773 
8 4 0.006321746970149089 
8 5 -0.0016008173016022198 
8 6 -0.007081140425555743 
8 7 -0.014013114392212866 
