9 72 72 
K 
0 1 51.381633898871584 
0 2 34.11997633124987 
0 3 6.341982808117038 
0 4 33.21783655747052 
0 5 22.719891844169542 
0 6 6.088068239017516 
0 7 28.718753350063594 
0 8 6.224439270447383 
1 0 189.7909102139568 
1 2 68.61989275544897 
1 3 11.606923473544954 
1 4 64.20375139047096 
1 5 42.99143211245592 
1 6 13.012744064822872 
1 7 59.85949220449859 
1 8 12.51819025471341 
2 0 267.9721729138695 
2 1 145.90276200494137 
2 3 16.388205844760797 
2 4 88.67937064719747 
2 5 62.14958594535702 
2 6 17.287616292924522 
2 7 83.79836044605425 
2 8 18.83510873908585 
3 0 1499.2447358388677 
3 1 742.8431023068773 
3 2 493.28499592729986 
3 4 480.2424307650542 
3 5 328.46979866030046 
3 6 88.01743258357263 
3 7 415.1975368267878 
3 8 89.98899853749948 
4 0 157.05393124372057 
4 1 82.18080177980285 
4 2 53.38498112961289 
4 3 9.604848615301083 
4 5 34.79937523945532 
4 6 9.737376786369571 
4 7 45.51336132410541 
4 8 9.738915694701554 
5 0 149.19395644337996 
5 1 76.42921264436609 
5 2 51.963959359867935 
5 3 9.124161073897236 
5 4 48.33246561035462 
5 6 9.055886835928353 
5 7 43.146977933004926 
5 8 9.479681525782741 
6 0 1439.2193317037409 
6 1 832.8156201486638 
6 2 520.357250417028 
6 3 88.01743258357263 
6 4 486.8688393184786 
6 5 326.0119260934207 
6 7 453.92552398617653 
6 8 94.92773596068682 
7 0 169.72783229887588 
7 1 95.77518752719776 
7 2 63.058266235655815 
7 3 10.379938420669697 
7 4 56.89170165513178 
7 5 38.83228013970443 
7 6 11.348138099654413 
7 8 11.503593814748823 
8 0 1471.4574435337615 
8 1 801.1641763016582 
8 2 566.936773046484 
8 3 89.98899853749951 
8 4 486.9457847350776 
8 5 341.2685349281787 
8 6 94.92773596068679 
8 7 460.1437525899529 
P 
0 1.0 5.373212952883685 5.373212952883685 
1 1.0 46.754909653257975 46.754909653257975 
2 1.0 51.46964193709216 51.46964193709216 
3 0.0 -0.2546670047365693 -0.2546670047365693 
4 0.0 -47.503888295666016 -47.503888295666016 
5 0.0 -47.61872953849274 -47.61872953849274 
6 0.0 -1.1254321495304807 -1.1254321495304807 
7 0.0 -47.88101514269619 -47.88101514269619 
8 0.0 -1.7630411271602626 -1.7630411271602626 
Alfa 
0 1.0575296108291032 
1 3.90625 
2 8.305647840531561 
3 250.0 
4 5.0 
5 6.944444444444445 
6 250.0 
7 6.25 
8 250.0 
Gamma 
0 1 0.005738363820008141 
0 2 0.004266785160758069 
0 3 -0.002777531504812858 
0 4 -0.0003903437046948177 
0 5 -0.0014800846921356747 
0 6 0.005738363820008141 
0 7 0.005483288769996264 
0 8 0.004266785160757847 
1 0 0.005738363820008141 
1 2 -0.006452142754520551 
1 3 0.005738363820008141 
1 4 0.001808284270987448 
1 5 0.001132226100509337 
1 6 -0.011405340870201952 
1 7 -0.009033153402313365 
1 8 -0.006452142754520551 
2 0 0.004266785160757847 
2 1 -0.006452142754520551 
2 3 0.004266785160757847 
2 4 0.0017329132349757081 
2 5 -0.0033298880665328934 
2 6 -0.006452142754520551 
2 7 -0.010706860031342691 
2 8 -0.01704736808917251 
3 0 -0.002777531504812858 
3 1 0.005738363820008141 
3 2 0.004266785160758069 
3 4 -0.0003903437046948177 
3 5 -0.0014800846921356747 
3 6 0.005738363820008141 
3 7 0.005483288769996264 
3 8 0.004266785160757847 
4 0 -0.0003903437046948177 
4 1 0.001808284270987448 
4 2 0.0017329132349757081 
4 3 -0.0003903437046948177 
4 5 -0.0004409726776488654 
4 6 0.001808284270987448 
4 7 0.002140448819273111 
4 8 0.0017329132349757081 
5 0 -0.0014800846921356747 
5 1 0.001132226100509337 
5 2 -0.0033298880665328934 
5 3 -0.0014800846921356747 
5 4 -0.0004409726776488654 
5 6 0.001132226100509337 
5 7 -0.0004054791843699501 
5 8 -0.0033298880665328934 
6 0 0.005738363820008141 
6 1 -0.011405340870201952 
6 2 -0.006452142754520551 
6 3 0.005738363820008141 
6 4 0.001808284270987448 
6 5 0.001132226100509337 
6 7 -0.009033153402313365 
6 8 -0.006452142754520551 
7 0 0.005483288769996042 
7 1 -0.009033153402313365 
7 2 -0.010706860031342691 
7 3 0.005483288769996264 
7 4 0.002140448819273111 
7 5 -0.0004054791843699501 
7 6 -0.009033153402313365 
7 8 -0.010706860031342691 
8 0 0.004266785160757847 
8 1 -0.006452142754520551 
8 2 -0.01704736808917251 
8 3 0.004266785160757847 
8 4 0.0017329132349757081 
8 5 -0.0033298880665328934 
8 6 -0.006452142754520551 
8 7 -0.010706860031342691 
