12 24 12 
K 
0 3 134.92557115253808 
1 4 254.13587518077813 
2 5 350.097707534246 
3 0 127.58562008184002 
3 6 568.4751373614858 
4 1 65.0587840462792 
4 9 528.7786098943716 
5 2 42.15176398712322 
5 11 568.0409430631252 
6 3 568.4751373614858 
6 7 366.3733063528058 
6 8 341.40539618865387 
7 6 366.3733063528058 
7 9 192.80064470324334 
8 6 341.40539618865387 
8 11 186.16815703158073 
9 4 528.7786098943716 
9 7 192.80064470324334 
9 10 449.2999400069135 
10 9 449.2999400069135 
10 11 323.24490227612165 
11 5 568.0409430631252 
11 8 186.16815703158073 
11 10 323.24490227612165 
P 
0 1.0 5.661245644793789 5.661245644793789 
1 1.0 48.007462737669016 48.007462737669016 
2 1.0 53.22964296780048 53.22964296780048 
3 0.0 -0.0 -0.0 
4 0.0 -0.0 -0.0 
5 0.0 -0.0 -0.0 
6 0.0 -106.89024834022395 -106.89024834022395 
7 0.0 -87.08821312426495 -87.08821312426495 
8 0.0 -108.5665768643654 -108.5665768643654 
9 0.0 -92.3388738892105 -92.3388738892105 
10 0.0 -96.8870027470341 -96.8870027470341 
11 0.0 -81.39795010603333 -81.39795010603333 
Alfa 
0 1.0575296108291032 
1 3.90625 
2 8.305647840531561 
3 0.0 
4 0.0 
5 0.0 
6 0.0 
7 0.0 
8 0.0 
9 0.0 
10 0.0 
11 0.0 
Gamma 
6 7 0.11710874456686438 
6 8 0.18272156076209756 
7 6 0.11710874456686438 
7 9 0.19620081728811645 
8 6 0.18272156076209756 
8 11 0.22550963518842404 
9 7 0.19620081728811645 
9 10 0.11751164543144554 
10 9 0.11751164543144554 
10 11 0.11751164543144554 
11 8 0.22550963518842404 
11 10 0.11751164543144554 
