9 72 72 
K 
0 1 21.656515604713768 
0 2 14.9367553128066 
0 3 3.6843731507576605 
0 4 17.190577510650833 
0 5 11.910604844090884 
0 6 2.7005931837650485 
0 7 12.571945559304973 
0 8 2.8150735178278645 
1 0 79.99375451491149 
1 2 34.517432820813085 
1 3 5.355020099908507 
1 4 32.77206624744775 
1 5 20.263086499787693 
1 6 8.348822943519593 
1 7 34.692498525645746 
1 8 6.505369406029002 
2 0 117.3105965431057 
2 1 73.39254819043315 
2 3 7.853120612103374 
2 4 42.63940788050719 
2 5 33.69813452066659 
2 6 9.15213781385453 
2 7 48.81629800018402 
2 8 12.81631066351417 
3 0 870.9858128391113 
3 1 342.7212863941445 
3 2 236.3789304243114 
3 4 272.04638760198975 
3 5 188.4891313268633 
3 6 42.73775093190705 
3 7 198.95505967840575 
3 8 44.54943883558348 
4 0 81.27705047035714 
4 1 41.948244796733135 
4 2 25.668923544065315 
4 3 5.440927752039796 
4 5 18.421786495149473 
4 6 5.230995883026882 
4 7 23.184038415660805 
4 8 4.8377244847876435 
5 0 78.21297180953015 
5 1 36.02326488851146 
5 2 28.175384696446223 
5 3 5.23580920352398 
5 4 25.585814576596487 
5 6 4.492143860561849 
5 7 22.1024797320057 
5 8 5.310107694244263 
6 0 638.4202286420575 
6 1 534.3246683852541 
6 2 275.4793481970213 
6 3 42.737750931907044 
6 4 261.54979415134403 
6 5 161.71717898022655 
6 7 276.87652586400793 
6 8 51.91854600128685 
7 0 74.30019825549242 
7 1 55.50799764103319 
7 2 36.734264245138476 
7 3 4.973876491960144 
7 4 28.98004801957601 
7 5 19.89223175880513 
7 6 6.921913146600203 
7 8 6.92316720116035 
8 0 665.4833796145074 
8 1 416.3436419858563 
8 2 385.7709509717765 
8 3 44.54943883558349 
8 4 241.88622423938222 
8 5 191.16387699279352 
8 6 51.91854600128688 
8 7 276.9266880464141 
P 
0 1.0 4.533580002573948 4.533580002573948 
1 1.0 45.775004965554515 45.775004965554515 
2 1.0 50.17263799573376 50.17263799573376 
3 0.0 -1.194642248383346 -1.194642248383346 
4 0.0 -48.21883644997383 -48.21883644997383 
5 0.0 -48.271771547215806 -48.271771547215806 
6 0.0 -2.221797100727542 -2.221797100727542 
7 0.0 -48.50144004058057 -48.50144004058057 
8 0.0 -3.2683577665863335 -3.2683577665863335 
Alfa 
0 1.0575296108291032 
1 3.90625 
2 8.305647840531561 
3 250.0 
4 5.0 
5 6.944444444444445 
6 250.0 
7 6.25 
8 250.0 
Gamma 
0 1 0.028838661781790176 
0 2 0.028303628635204747 
0 3 -0.020490481080032596 
0 4 -0.007170452947831807 
0 5 -0.00521238889741471 
0 6 0.028838661781790176 
0 7 0.03146701474702107 
0 8 0.02830362863520497 
1 0 0.028838661781790176 
1 2 -0.00871671787263506 
1 3 0.028838661781790176 
1 4 0.014459254338979433 
1 5 0.019858350917223433 
1 6 -0.03335101836972143 
1 7 -0.02172780766409832 
1 8 -0.00871671787263506 
2 0 0.02830362863520497 
2 1 -0.00871671787263506 
2 3 0.028303628635204747 
2 4 0.02219365853653521 
2 5 0.0031744755598757113 
2 6 -0.00871671787263506 
2 7 -0.02392424628591594 
2 8 -0.04496897368492836 
3 0 -0.020490481080032596 
3 1 0.028838661781790176 
3 2 0.028303628635204747 
3 4 -0.007170452947831807 
3 5 -0.00521238889741471 
3 6 0.028838661781790176 
3 7 0.03146701474702107 
3 8 0.02830362863520497 
4 0 -0.007170452947831807 
4 1 0.014459254338979433 
4 2 0.02219365853653521 
4 3 -0.007170452947831807 
4 5 0.004841187942072889 
4 6 0.014459254338979433 
4 7 0.020378460769964635 
4 8 0.02219365853653521 
5 0 -0.00521238889741471 
5 1 0.01985835091722321 
5 2 0.0031744755598757113 
5 3 -0.00521238889741471 
5 4 0.004841187942072889 
5 6 0.01985835091722321 
5 7 0.015105972045899696 
5 8 0.0031744755598757113 
6 0 0.028838661781790176 
6 1 -0.03335101836972143 
6 2 -0.00871671787263506 
6 3 0.028838661781790176 
6 4 0.014459254338979433 
6 5 0.019858350917223433 
6 7 -0.021727807664098098 
6 8 -0.00871671787263506 
7 0 0.03146701474702107 
7 1 -0.021727807664098098 
7 2 -0.02392424628591594 
7 3 0.03146701474702107 
7 4 0.020378460769964635 
7 5 0.015105972045899696 
7 6 -0.02172780766409832 
7 8 -0.02392424628591594 
8 0 0.02830362863520497 
8 1 -0.00871671787263506 
8 2 -0.04496897368492836 
8 3 0.028303628635204747 
8 4 0.02219365853653521 
8 5 0.0031744755598757113 
8 6 -0.00871671787263506 
8 7 -0.02392424628591594 
