9 72 72 
K 
0 1 0.4298421792128445 
0 2 0.47737075952238456 
0 3 3.2616858195296197 
0 4 4.468139843349868 
0 5 3.7005812812083216 
0 6 0.1788583305357997 
0 7 0.45370665124701665 
0 8 0.22514031770239018 
1 0 1.5877295494674442 
1 2 2.499040171840028 
1 3 0.5371357699264899 
1 4 8.491893692903906 
1 5 1.2702452122474603 
1 6 11.29530409455714 
1 7 16.254061820168943 
1 8 1.1786115655722664 
2 0 3.749184304022982 
2 1 5.313573787301057 
2 3 1.2683652567990373 
2 4 3.2135665827095927 
2 5 15.400818429185572 
2 6 2.210990411680508 
2 7 26.017602352463932 
2 8 24.27291864215235 
3 0 771.062527736802 
3 1 34.376689275295355 
3 2 38.17779422965101 
3 4 357.34011798164505 
3 5 295.95451306113114 
3 6 14.304220363824934 
3 7 36.28525381249374 
3 8 18.00562885468703 
4 0 21.125365179358173 
4 1 10.869623926917004 
4 2 1.934567082791175 
4 3 7.146802359632901 
4 5 8.346027958858102 
4 6 4.522875797532398 
4 7 6.922535230211905 
4 8 0.9123915509026225 
5 0 24.300483746601323 
5 1 2.2582137106621536 
5 2 12.876795408846823 
5 3 8.220958696142532 
5 4 11.591705498414031 
5 6 0.9396479773616798 
5 7 7.0236945067351515 
5 8 6.073027623721706 
6 0 42.28210933866305 
6 1 722.8994620516571 
6 2 66.55081139158325 
6 3 14.304220363824934 
6 4 226.14378987661988 
6 5 33.827327185020465 
6 7 432.8545874253526 
6 8 31.387072880299268 
7 0 2.681406308869868 
7 1 26.0064989122703 
7 2 19.578245770229106 
7 3 0.9071313453123435 
7 4 8.65316903776488 
7 5 6.321325056061633 
7 6 10.821364685633814 
7 8 9.233603828552402 
8 0 53.223171104845036 
8 1 75.43114019662507 
8 2 730.6148511287857 
8 3 18.00562885468703 
8 4 45.61957754513112 
8 5 218.6289944539814 
8 6 31.38707288029928 
8 7 369.3441531420961 
P 
0 1.0 5.166318199570048 5.166318199570048 
1 1.0 46.50034506118789 46.50034506118789 
2 1.0 50.19139069100321 50.19139069100321 
3 0.0 -13.390725389043336 -13.390725389043336 
4 0.0 -51.711790644398604 -51.711790644398604 
5 0.0 -53.71036020972697 -53.71036020972697 
6 0.0 -16.70042118885013 -16.70042118885013 
7 0.0 -51.51715189509675 -51.51715189509675 
8 0.0 -20.341606541016407 -20.341606541016407 
Alfa 
0 1.0575296108291032 
1 3.90625 
2 8.305647840531561 
3 250.0 
4 5.0 
5 6.944444444444445 
6 250.0 
7 6.25 
8 250.0 
Gamma 
0 1 0.16850853754137618 
0 2 0.20873287169609345 
0 3 -0.05135679178222352 
0 4 0.019324055633149317 
0 5 0.05018882279389203 
0 6 0.16850853754137618 
0 7 0.2476628096036726 
0 8 0.20873287169609323 
1 0 0.1685085375413764 
1 2 0.06942248123274797 
1 3 0.16850853754137618 
1 4 0.09828837476584829 
1 5 0.22934796836874072 
1 6 -0.05554855276553439 
1 7 0.013226677111083607 
1 8 0.06942248123274797 
2 0 0.20873287169609323 
2 1 0.06942248123274797 
2 3 0.20873287169609345 
2 4 0.24275815398063272 
2 5 0.0949155270325781 
2 6 0.06942248123274797 
2 7 0.01571261445422678 
2 8 -0.059067945575638436 
3 0 -0.05135679178222352 
3 1 0.16850853754137618 
3 2 0.20873287169609345 
3 4 0.019324055633149317 
3 5 0.05018882279389203 
3 6 0.16850853754137618 
3 7 0.2476628096036726 
3 8 0.20873287169609323 
4 0 0.019324055633149317 
4 1 0.09828837476584829 
4 2 0.24275815398063272 
4 3 0.019324055633149317 
4 5 0.1270108841617119 
4 6 0.09828837476584851 
4 7 0.1765108993114215 
4 8 0.24275815398063272 
5 0 0.05018882279389203 
5 1 0.2293479683687405 
5 2 0.0949155270325781 
5 3 0.05018882279389203 
5 4 0.1270108841617119 
5 6 0.22934796836874072 
5 7 0.17913715943481479 
5 8 0.0949155270325781 
6 0 0.1685085375413764 
6 1 -0.05554855276553439 
6 2 0.06942248123274797 
6 3 0.16850853754137618 
6 4 0.09828837476584829 
6 5 0.22934796836874072 
6 7 0.013226677111083607 
6 8 0.06942248123274797 
7 0 0.2476628096036726 
7 1 0.013226677111083607 
7 2 0.01571261445422678 
7 3 0.2476628096036726 
7 4 0.17651089931142128 
7 5 0.17913715943481479 
7 6 0.013226677111083607 
7 8 0.01571261445422678 
8 0 0.20873287169609345 
8 1 0.06942248123274797 
8 2 -0.059067945575638436 
8 3 0.20873287169609345 
8 4 0.24275815398063272 
8 5 0.0949155270325781 
8 6 0.06942248123274797 
8 7 0.01571261445422678 
