9 72 72 
K 
0 1 44.19733654260608 
0 2 29.421878358232185 
0 3 5.575857061103211 
0 4 28.964569037667832 
0 5 19.828301671218178 
0 6 5.253598437083204 
0 7 24.76312396094723 
0 8 5.378227605789502 
1 0 163.25391185425119 
1 2 59.75553318696111 
1 3 10.041728015358025 
1 4 55.92391997996605 
1 5 37.25615444168126 
1 6 11.529145634342596 
1 7 52.6396370065558 
1 8 10.923125106825939 
2 0 231.07415428192994 
2 1 127.05495428456848 
2 3 14.213342775820255 
2 4 76.95203077560505 
2 5 54.35248079727432 
2 6 15.102622951263672 
2 7 73.70154216086374 
2 8 16.760016704414106 
3 0 1318.1326092447991 
3 1 642.6705929829135 
3 2 427.8216175521894 
3 4 421.17191249721657 
3 5 288.32204358291153 
3 6 76.39223281248174 
3 7 360.07897319219217 
3 8 78.2044574400502 
4 0 136.94448241009354 
4 1 71.58261757435655 
4 2 46.32512252691424 
4 3 8.423438249944338 
4 5 30.383363614943804 
4 6 8.508800693191947 
4 7 39.63693746722736 
4 8 8.468087923629131 
5 0 130.2058476409993 
5 1 66.23316345187781 
5 2 45.44471311105435 
5 3 8.008945655080877 
5 4 42.19911613186639 
5 6 7.8729279004952515 
5 7 37.58860527057165 
5 8 8.307151828145283 
6 0 1241.9506705264696 
6 1 737.8653205979264 
6 2 454.58895083303656 
6 3 76.39223281248178 
6 4 425.4400346595973 
6 5 283.42540441782904 
6 7 400.45492162495793 
6 8 83.09744248443093 
7 0 146.35006260919812 
7 1 84.22341921048927 
7 2 55.460410476049944 
7 3 9.001974329804806 
7 4 49.546171834034205 
7 5 33.82974474351447 
7 6 10.01137304062395 
7 8 10.137990070482743 
8 0 1271.4130060086381 
8 1 699.0800068368603 
8 2 504.4765028028647 
8 3 78.20445744005023 
8 4 423.40439618145643 
8 5 299.0574658132301 
8 6 83.09744248443096 
8 7 405.51960281930974 
P 
0 1.0 5.287757814351351 5.287757814351351 
1 1.0 46.72251707665607 46.72251707665607 
2 1.0 51.444940821195445 51.444940821195445 
3 0.0 -0.33405166669560893 -0.33405166669560893 
4 0.0 -47.54506364248182 -47.54506364248182 
5 0.0 -47.645475924830635 -47.645475924830635 
6 0.0 -1.1619469163254905 -1.1619469163254905 
7 0.0 -47.89413619387099 -47.89413619387099 
8 0.0 -1.7950221231258958 -1.7950221231258958 
Alfa 
0 1.0575296108291032 
1 3.90625 
2 8.305647840531561 
3 250.0 
4 5.0 
5 6.944444444444445 
6 250.0 
7 6.25 
8 250.0 
Gamma 
0 1 0.0075375123178571535 
0 2 0.0061169883841663 
0 3 -0.004120129910980097 
0 4 -0.0007689056187514254 
0 5 -0.0016480355770307487 
0 6 0.0075375123178571535 
0 7 0.00745879386576509 
0 8 0.0061169883841663 
1 0 0.0075375123178571535 
1 2 -0.006610579067299005 
1 3 0.0075375123178571535 
1 4 0.0028934218597733707 
1 5 0.0025703419651723625 
1 6 -0.013248329389509372 
1 7 -0.010062002273818926 
1 8 -0.006610579067299005 
2 0 0.0061169883841663 
2 1 -0.006610579067299005 
2 3 0.0061169883841663 
2 4 0.0032830049317704724 
2 5 -0.0026950662260007974 
2 6 -0.006610579067299005 
2 7 -0.01175353095833076 
2 8 -0.019466483681328084 
3 0 -0.004120129910979875 
3 1 0.0075375123178571535 
3 2 0.0061169883841663 
3 4 -0.0007689056187514254 
3 5 -0.0016480355770307487 
3 6 0.0075375123178571535 
3 7 0.00745879386576509 
3 8 0.0061169883841663 
4 0 -0.0007689056187512033 
4 1 0.0028934218597733707 
4 2 0.0032830049317706944 
4 3 -0.0007689056187514254 
4 5 5.3663111099222505e-05 
4 6 0.0028934218597733707 
4 7 0.003573400015904893 
4 8 0.0032830049317704724 
5 0 -0.0016480355770307487 
5 1 0.0025703419651721404 
5 2 -0.0026950662260007974 
5 3 -0.0016480355770309707 
5 4 5.366311109900046e-05 
5 6 0.0025703419651721404 
5 7 0.0008354843192148742 
5 8 -0.0026950662260010194 
6 0 0.0075375123178571535 
6 1 -0.013248329389509372 
6 2 -0.006610579067299005 
6 3 0.0075375123178571535 
6 4 0.0028934218597733707 
6 5 0.0025703419651723625 
6 7 -0.010062002273818926 
6 8 -0.006610579067299005 
7 0 0.007458793865765312 
7 1 -0.010062002273818926 
7 2 -0.01175353095833076 
7 3 0.007458793865765312 
7 4 0.003573400015904893 
7 5 0.0008354843192150962 
7 6 -0.010062002273818926 
7 8 -0.01175353095833076 
8 0 0.0061169883841663 
8 1 -0.006610579067299005 
8 2 -0.019466483681328084 
8 3 0.0061169883841663 
8 4 0.0032830049317704724 
8 5 -0.0026950662260007974 
8 6 -0.006610579067299005 
8 7 -0.01175353095833076 
