12 24 12 
K 
0 3 134.92557115253808 
1 4 254.13587518077813 
2 5 350.097707534246 
3 0 127.58562008184002 
3 6 1511.6270698021294 
4 1 65.0587840462792 
4 9 1406.0703944918487 
5 2 42.15176398712322 
5 11 1510.4725076905795 
6 3 1511.6270698021294 
6 7 974.2199282563224 
6 8 907.8279853198276 
7 6 974.2199282563224 
7 9 512.6744415972595 
8 6 907.8279853198276 
8 11 495.0380539248839 
9 4 1406.0703944918487 
9 7 512.6744415972595 
9 10 1194.729385927472 
10 9 1194.729385927472 
10 11 859.5375810524126 
11 5 1510.4725076905795 
11 8 495.038053924884 
11 10 859.5375810524127 
P 
0 1.0 5.661245644793789 5.661245644793789 
1 1.0 48.007462737669016 48.007462737669016 
2 1.0 53.22964296780048 53.22964296780048 
3 0.0 -0.0 -0.0 
4 0.0 -0.0 -0.0 
5 0.0 -0.0 -0.0 
6 0.0 -284.2308876319585 -284.2308876319585 
7 0.0 -215.9389123727912 -215.9389123727912 
8 0.0 -277.43007189801557 -277.43007189801557 
9 0.0 -245.537460114491 -245.537460114491 
10 0.0 -245.12209746577355 -245.12209746577355 
11 0.0 -216.44454914558816 -216.44454914558816 
Alfa 
0 1.0575296108291032 
1 3.90625 
2 8.305647840531561 
3 0.0 
4 0.0 
5 0.0 
6 0.0 
7 0.0 
8 0.0 
9 0.0 
10 0.0 
11 0.0 
Gamma 
6 7 0.11710874456686438 
6 8 0.18272156076209756 
7 6 0.11710874456686438 
7 9 0.19620081728811645 
8 6 0.18272156076209756 
8 11 0.22550963518842404 
9 7 0.19620081728811645 
9 10 0.11751164543144554 
10 9 0.11751164543144554 
10 11 0.11751164543144554 
11 8 0.22550963518842404 
11 10 0.11751164543144554 
