12 24 12 
K 
0 3 134.92557115253808 
1 4 254.13587518077813 
2 5 350.097707534246 
3 0 127.58562008184002 
3 6 2131.7817651055666 
4 1 65.0587840462792 
4 9 1982.9197871038891 
5 2 42.15176398712322 
5 11 2130.1535364867145 
6 3 2131.7817651055666 
6 7 1373.899898823019 
6 8 1280.2702357074493 
7 6 1373.8998988230187 
7 9 723.0024176371608 
8 6 1280.2702357074493 
8 11 698.1305888684262 
9 4 1982.9197871038891 
9 7 723.0024176371608 
9 10 1684.8747750259224 
10 9 1684.8747750259224 
10 11 1212.1683835354536 
11 5 2130.1535364867145 
11 8 698.1305888684262 
11 10 1212.1683835354538 
P 
0 1.0 5.661245644793789 5.661245644793789 
1 1.0 48.007462737669016 48.007462737669016 
2 1.0 53.22964296780048 53.22964296780048 
3 0.0 -0.0 -0.0 
4 0.0 -0.0 -0.0 
5 0.0 -0.0 -0.0 
6 0.0 -400.83843127583884 -400.83843127583884 
7 0.0 -300.6626598238771 -300.6626598238771 
8 0.0 -388.463602879046 -388.463602879046 
9 0.0 -346.2707770845386 -346.2707770845386 
10 0.0 -342.59174878768454 -342.59174878768454 
11 0.0 -305.24231289762434 -305.24231289762434 
Alfa 
0 1.0575296108291032 
1 3.90625 
2 8.305647840531561 
3 0.0 
4 0.0 
5 0.0 
6 0.0 
7 0.0 
8 0.0 
9 0.0 
10 0.0 
11 0.0 
Gamma 
6 7 0.11710874456686438 
6 8 0.18272156076209756 
7 6 0.11710874456686438 
7 9 0.19620081728811645 
8 6 0.18272156076209756 
8 11 0.22550963518842404 
9 7 0.19620081728811645 
9 10 0.11751164543144554 
10 9 0.11751164543144554 
10 11 0.11751164543144554 
11 8 0.22550963518842404 
11 10 0.11751164543144554 
