12 24 12 
K 
0 3 134.92557115253808 
1 4 254.13587518077813 
2 5 350.097707534246 
3 0 127.58562008184002 
3 6 1369.5082854617583 
4 1 65.0587840462792 
4 9 1273.8757420182562 
5 2 42.15176398712322 
5 11 1368.4622719247986 
6 3 1369.5082854617583 
6 7 882.6266016681212 
6 8 822.4766362726645 
7 6 882.6266016681213 
7 9 464.4742804214488 
8 6 822.4766362726645 
8 11 448.4960146669891 
9 4 1273.8757420182562 
9 7 464.4742804214488 
9 10 1082.404400925744 
10 9 1082.4044009257443 
10 11 778.7263554833826 
11 5 1368.4622719247986 
11 8 448.4960146669891 
11 10 778.7263554833823 
P 
0 1.0 5.661245644793789 5.661245644793789 
1 1.0 48.007462737669016 48.007462737669016 
2 1.0 53.22964296780048 53.22964296780048 
3 0.0 -0.0 -0.0 
4 0.0 -0.0 -0.0 
5 0.0 -0.0 -0.0 
6 0.0 -257.5083255469026 -257.5083255469026 
7 0.0 -196.5230535819174 -196.5230535819174 
8 0.0 -251.98488771486282 -251.98488771486282 
9 0.0 -222.45274164218847 -222.45274164218847 
10 0.0 -222.78530237116894 -222.78530237116894 
11 0.0 -196.0950616190799 -196.0950616190799 
Alfa 
0 1.0575296108291032 
1 3.90625 
2 8.305647840531561 
3 0.0 
4 0.0 
5 0.0 
6 0.0 
7 0.0 
8 0.0 
9 0.0 
10 0.0 
11 0.0 
Gamma 
6 7 0.11710874456686438 
6 8 0.18272156076209756 
7 6 0.11710874456686438 
7 9 0.19620081728811645 
8 6 0.18272156076209756 
8 11 0.22550963518842404 
9 7 0.19620081728811645 
9 10 0.11751164543144554 
10 9 0.11751164543144554 
10 11 0.11751164543144554 
11 8 0.22550963518842404 
11 10 0.11751164543144554 
