3 6 6 
K 
0 1 15.657283413393488 
0 2 12.01924712827392 
1 0 57.834090608222205 
1 2 37.81852741799631 
2 0 94.39701066856995 
2 1 80.41148686882937 
P 
0 1.0 -2.2136784022814067 -2.2136784022814067 
1 1.0 33.8901869710929 33.8901869710929 
2 1.0 35.15498204138825 35.15498204138825 
Alfa 
0 1.0575296108291032 
1 3.90625 
2 8.305647840531561 
Gamma 
0 1 -0.18105267885258391 
0 2 -0.16666964248246363 
1 0 -0.18105267885258391 
1 2 -0.19138268907873646 
2 0 -0.16666964248246363 
2 1 -0.19138268907873646 
