9 72 72 
K 
0 1 29.74113967722408 
0 2 20.051036093732055 
0 3 4.187840130435809 
0 4 20.888084196940785 
0 5 14.362807528575564 
0 6 3.5947374652586417 
0 7 16.873534048279776 
0 8 3.7042474598197597 
1 0 109.85633468274641 
1 2 42.75139723222319 
1 3 6.961919341665736 
1 4 40.126982621914586 
1 5 26.035696672340105 
1 6 8.980246599268597 
1 7 39.54414869446591 
1 8 7.897933745713623 
2 0 157.47724028432748 
2 1 90.89998082598952 
2 3 9.979796323750726 
2 4 54.142047460726424 
2 5 39.80404451351474 
2 6 10.986854243407233 
2 7 55.43321935359474 
2 8 13.331134572001918 
3 0 990.0054068350249 
3 1 445.5628378666071 
3 2 300.39186934489675 
3 4 312.9319916248158 
3 5 215.17444696528543 
3 6 53.85407028072398 
3 7 252.78855474216576 
3 8 55.494679365680305 
4 0 98.75886208313602 
4 1 51.362537756050656 
4 2 32.59351257135729 
4 3 6.258639832496317 
4 5 22.067171337960264 
4 6 6.2080619904364704 
4 7 28.417505644188513 
4 8 6.021356481762815 
5 0 94.31576943764621 
5 1 46.28568297304907 
5 2 33.28060388491094 
5 3 5.977067971257928 
5 4 30.648849080500383 
5 6 5.594435199661224 
5 7 26.997181790268932 
5 8 6.148290383881267 
6 0 849.7959367871424 
6 1 574.7357823531898 
6 2 330.7043127265577 
6 3 53.85407028072396 
6 4 310.40309952182355 
6 5 201.39966718780406 
6 7 305.89457568659884 
6 8 61.09462895793841 
7 0 99.72258622533347 
7 1 63.27063791114544 
7 2 41.713497563580034 
7 3 6.319713868554144 
7 4 35.52188205523565 
7 5 24.29746361124204 
7 6 7.647364392164971 
7 8 7.7061911747488745 
8 0 875.6840995013911 
8 1 505.4677597256717 
8 2 401.26715061725764 
8 3 55.494679365680305 
8 4 301.06782408814075 
8 5 221.33845381972557 
8 6 61.09462895793841 
8 7 308.2476469899549 
P 
0 1.0 4.943600164551433 4.943600164551433 
1 1.0 46.377832552213356 46.377832552213356 
2 1.0 51.020805446491174 51.020805446491174 
3 0.0 -0.6813420475324687 -0.6813420475324687 
4 0.0 -47.785660263971586 -47.785660263971586 
5 0.0 -47.8531405046194 -47.8531405046194 
6 0.0 -1.5236603889853113 -1.5236603889853113 
7 0.0 -48.093921756156 -48.093921756156 
8 0.0 -2.2691155529602676 -2.2691155529602676 
Alfa 
0 1.0575296108291032 
1 3.90625 
2 8.305647840531561 
3 250.0 
4 5.0 
5 6.944444444444445 
6 250.0 
7 6.25 
8 250.0 
Gamma 
0 1 0.01572945972483497 
0 2 0.014592902361038274 
0 3 -0.010860061362905293 
0 4 -0.003209458085363215 
0 5 -0.003034162526783568 
0 6 0.01572945972483497 
0 7 0.01658034824671817 
0 8 0.014592902361038051 
1 0 0.01572945972483497 
1 2 -0.0077263938846827696 
1 3 0.01572945972483497 
1 4 0.007496030578613366 
1 5 0.009083614317230149 
1 6 -0.021935381767946627 
1 7 -0.01514665923351588 
1 8 -0.0077263938846827696 
2 0 0.014592902361038051 
2 1 -0.0077263938846827696 
2 3 0.014592902361038274 
2 4 0.01037410288417373 
2 5 -0.0002920870878848625 
2 6 -0.0077263938846827696 
2 7 -0.016981472113879903 
2 8 -0.030614535470110615 
3 0 -0.010860061362905293 
3 1 0.01572945972483497 
3 2 0.014592902361038274 
3 4 -0.003209458085363215 
3 5 -0.003034162526783568 
3 6 0.01572945972483497 
3 7 0.01658034824671817 
3 8 0.014592902361038051 
4 0 -0.003209458085362993 
4 1 0.007496030578613366 
4 2 0.01037410288417373 
4 3 -0.003209458085362993 
4 5 0.0018848176425751983 
4 6 0.007496030578613366 
4 7 0.009999690126592853 
4 8 0.01037410288417373 
5 0 -0.003034162526783568 
5 1 0.009083614317230149 
5 2 -0.0002920870878848625 
5 3 -0.003034162526783568 
5 4 0.0018848176425749763 
5 6 0.009083614317230149 
5 7 0.00630778285568212 
5 8 -0.0002920870878848625 
6 0 0.01572945972483497 
6 1 -0.021935381767946627 
6 2 -0.0077263938846827696 
6 3 0.01572945972483497 
6 4 0.007496030578613366 
6 5 0.009083614317230149 
6 7 -0.01514665923351588 
6 8 -0.0077263938846827696 
7 0 0.01658034824671817 
7 1 -0.01514665923351588 
7 2 -0.016981472113879903 
7 3 0.01658034824671817 
7 4 0.00999969012659263 
7 5 0.00630778285568212 
7 6 -0.01514665923351588 
7 8 -0.016981472113879903 
8 0 0.014592902361038051 
8 1 -0.0077263938846827696 
8 2 -0.030614535470110615 
8 3 0.014592902361038274 
8 4 0.01037410288417373 
8 5 -0.0002920870878848625 
8 6 -0.0077263938846827696 
8 7 -0.016981472113879903 
