9 72 72 
K 
0 1 44.487514654654305 
0 2 29.611341741979075 
0 3 5.606274205749335 
0 4 29.134686485025078 
0 5 19.943870662018796 
0 6 5.287232287451102 
0 7 24.922646488648137 
0 8 5.412305521185782 
1 0 164.32575725562924 
1 2 60.11059328332008 
1 3 10.104703366047303 
1 4 56.25535258631835 
1 5 37.48666902019448 
1 6 11.58758203366958 
1 7 52.92629526178352 
1 8 10.986901530633656 
2 0 232.56216570776928 
2 1 127.8098993399497 
2 3 14.300689909414936 
2 4 77.42291781177474 
2 5 54.66349889023628 
2 6 15.18989387678368 
2 7 74.10230841020748 
2 8 16.8413121873535 
3 0 1325.323222239143 
3 1 646.7010154270274 
3 2 430.4507662733895 
3 4 423.5217786445305 
3 5 289.9177782529482 
3 6 76.85883366684021 
3 7 362.2926773152828 
3 8 78.67698394758415 
4 0 137.74879770119853 
4 1 72.00685131048749 
4 2 46.608596522688394 
4 3 8.470435572890612 
4 5 30.55977007731723 
4 6 8.55783812878541 
4 7 39.87219382479035 
4 8 8.519031879492504 
5 0 130.9647506805901 
5 1 66.64296714701241 
5 2 45.704758794336435 
5 3 8.053271618137455 
5 4 42.44412510738503 
5 6 7.920353617559608 
5 7 37.81106169539374 
5 8 8.353830114235093 
6 0 1249.9017127534403 
6 1 741.6052501548531 
6 2 457.2158056911886 
6 3 76.85883366684024 
6 4 427.8919064392704 
6 5 285.1327302321459 
6 7 402.57028601115024 
6 8 83.56904766688346 
7 0 147.29284074791042 
7 1 84.68207241885362 
7 2 55.761987078681116 
7 3 9.05731693288207 
7 4 49.84024228098793 
7 5 34.029955525854355 
7 6 10.064257150278756 
7 8 10.19207144235488 
8 0 1279.4690252083187 
8 1 703.1616979605541 
8 2 506.9234968393404 
8 3 78.67698394758419 
8 4 425.95159397462527 
8 5 300.73788411246346 
8 6 83.56904766688349 
8 7 407.68285769419526 
P 
0 1.0 5.2919023043183016 5.2919023043183016 
1 1.0 46.72488560042492 46.72488560042492 
2 1.0 51.447299262411136 51.447299262411136 
3 0.0 -0.3301517458354249 -0.3301517458354249 
4 0.0 -47.542846373511104 -47.542846373511104 
5 0.0 -47.64386878150604 -47.64386878150604 
6 0.0 -1.159428473993002 -1.159428473993002 
7 0.0 -47.89297914196249 -47.89297914196249 
8 0.0 -1.7922821844062162 -1.7922821844062162 
Alfa 
0 1.0575296108291032 
1 3.90625 
2 8.305647840531561 
3 250.0 
4 5.0 
5 6.944444444444445 
6 250.0 
7 6.25 
8 250.0 
Gamma 
0 1 0.007449375601219277 
0 2 0.006026232458952174 
0 3 -0.0040511194773060755 
0 4 -0.000747624197608765 
0 5 -0.0016373799156823576 
0 6 0.007449375601219277 
0 7 0.0073616890954133485 
0 8 0.006026232458952174 
1 0 0.007449375601219277 
1 2 -0.006600777628618992 
1 3 0.007449375601219277 
1 4 0.0028413278014831622 
1 5 0.0025002155954128025 
1 6 -0.013155078546853494 
1 7 -0.010008969821930114 
1 8 -0.006600777628618992 
2 0 0.006026232458952174 
2 1 -0.006600777628618992 
2 3 0.006026232458952174 
2 4 0.003207202131056519 
2 5 -0.002724527054314807 
2 6 -0.006600777628618992 
2 7 -0.011699497652188473 
2 8 -0.019344915441993793 
3 0 -0.0040511194773060755 
3 1 0.007449375601219277 
3 2 0.006026232458952174 
3 4 -0.000747624197608765 
3 5 -0.0016373799156823576 
3 6 0.007449375601219277 
3 7 0.0073616890954133485 
3 8 0.006026232458952174 
4 0 -0.000747624197608765 
4 1 0.00284132780148294 
4 2 0.003207202131056519 
4 3 -0.000747624197608765 
4 5 3.1061357158135294e-05 
4 6 0.0028413278014831622 
4 7 0.0035036296083605922 
4 8 0.003207202131056741 
5 0 -0.0016373799156825797 
5 1 0.0025002155954128025 
5 2 -0.002724527054314807 
5 3 -0.0016373799156825797 
5 4 3.1061357158135294e-05 
5 6 0.0025002155954128025 
5 7 0.0007753889737078801 
5 8 -0.002724527054314807 
6 0 0.007449375601219277 
6 1 -0.013155078546853494 
6 2 -0.006600777628618992 
6 3 0.007449375601219277 
6 4 0.0028413278014831622 
6 5 0.0025002155954128025 
6 7 -0.010008969821930114 
6 8 -0.006600777628618992 
7 0 0.0073616890954133485 
7 1 -0.010008969821930114 
7 2 -0.011699497652188473 
7 3 0.0073616890954133485 
7 4 0.0035036296083605922 
7 5 0.0007753889737081021 
7 6 -0.010008969821930114 
7 8 -0.011699497652188473 
8 0 0.006026232458952174 
8 1 -0.006600777628618992 
8 2 -0.019344915441993793 
8 3 0.006026232458952174 
8 4 0.003207202131056519 
8 5 -0.002724527054314807 
8 6 -0.006600777628618992 
8 7 -0.011699497652188473 
