12 24 12 
K 
0 3 134.92557115253808 
1 4 254.13587518077813 
2 5 350.097707534246 
3 0 127.58562008184002 
3 6 839.7928165567395 
4 1 65.0587840462792 
4 9 781.1502191621389 
5 2 42.15176398712322 
5 11 839.1513931614339 
6 3 839.7928165567395 
6 7 541.2332934757351 
6 8 504.3488807332381 
7 6 541.2332934757352 
7 9 284.8191342207 
8 6 504.3488807332381 
8 11 275.0211410693803 
9 4 781.1502191621389 
9 7 284.8191342207 
9 10 663.7385477374852 
10 9 663.7385477374853 
10 11 477.52087836245187 
11 5 839.1513931614339 
11 8 275.0211410693803 
11 10 477.520878362452 
P 
0 1.0 5.661245644793789 5.661245644793789 
1 1.0 48.007462737669016 48.007462737669016 
2 1.0 53.22964296780048 53.22964296780048 
3 0.0 -0.0 -0.0 
4 0.0 -0.0 -0.0 
5 0.0 -0.0 -0.0 
6 0.0 -157.90604868442156 -157.90604868442156 
7 0.0 -124.15485263411497 -124.15485263411497 
8 0.0 -157.1437466685661 -157.1437466685661 
9 0.0 -136.4097000636063 -136.4097000636063 
10 0.0 -139.5299752003701 -139.5299752003701 
11 0.0 -120.24697174754913 -120.24697174754913 
Alfa 
0 1.0575296108291032 
1 3.90625 
2 8.305647840531561 
3 0.0 
4 0.0 
5 0.0 
6 0.0 
7 0.0 
8 0.0 
9 0.0 
10 0.0 
11 0.0 
Gamma 
6 7 0.11710874456686438 
6 8 0.18272156076209756 
7 6 0.11710874456686438 
7 9 0.19620081728811645 
8 6 0.18272156076209756 
8 11 0.22550963518842404 
9 7 0.19620081728811645 
9 10 0.11751164543144554 
10 9 0.11751164543144554 
10 11 0.11751164543144554 
11 8 0.22550963518842404 
11 10 0.11751164543144554 
