9 72 72 
K 
0 1 37.77863519779323 
0 2 25.24077296103494 
0 3 4.920860094929795 
0 4 25.25788950391161 
0 5 17.313119378599527 
0 6 4.511996909026356 
0 7 21.24275599506292 
0 8 4.627808108891966 
1 0 139.54483376184874 
1 2 52.000357682023974 
1 3 8.656890213185832 
1 4 48.693456271168365 
1 5 32.19501351655061 
1 6 10.287005275603086 
1 7 46.46574261091096 
1 8 9.534085082007959 
2 0 198.2365025909854 
2 1 110.56554457307426 
2 3 12.297923132753555 
2 4 66.62895527438421 
2 5 47.605159578518546 
2 6 13.205119580065386 
2 7 65.07476274660803 
2 8 15.047669241765451 
3 0 1163.2913264414035 
3 1 554.040973643893 
3 2 370.167486295882 
3 4 370.4185082301355 
3 5 253.9048186127313 
3 6 66.17049947588426 
3 7 311.5347378952376 
3 8 67.86892372007603 
4 0 119.41930157449411 
4 1 62.32762402709547 
4 2 40.110631075179285 
4 3 7.408370164602712 
4 5 26.54746278862989 
4 6 7.443944056868383 
4 7 34.50366385234667 
4 8 7.354144979198671 
5 0 113.6894839194702 
5 1 57.235579584978844 
5 2 39.80320286981688 
5 3 7.052911628131424 
5 4 36.87147609531928 
5 6 6.835788450844872 
5 7 32.736984274302046 
5 8 7.297779084862769 
6 0 1066.6360692938306 
6 1 658.3683376385977 
6 2 397.4740993599681 
6 3 66.17049947588426 
6 4 372.1972028434193 
6 5 246.0883842304155 
6 7 355.1692722634572 
6 8 72.87549644110301 
7 0 125.54468793082188 
7 1 74.34518817745754 
7 2 48.96875896682254 
7 3 7.788368447380942 
7 4 43.12957981543333 
7 5 29.46328584687184 
7 6 8.879231806586429 
7 8 8.978251980590118 
8 0 1094.0138369420602 
8 1 610.1814452485094 
8 2 452.93484417714 
8 3 67.86892372007601 
8 4 367.70724895993357 
8 5 262.72004705505964 
8 6 72.87549644110301 
8 7 359.13007922360464 
P 
0 1.0 5.17496068116848 5.17496068116848 
1 1.0 46.6365758448287 46.6365758448287 
2 1.0 51.34858021440658 51.34858021440658 
3 0.0 -0.44241985345297674 -0.44241985345297674 
4 0.0 -47.61233411517096 -47.61233411517096 
5 0.0 -47.698662006236084 -47.698662006236084 
6 0.0 -1.2514879034555642 -1.2514879034555642 
7 0.0 -47.94009476139779 -47.94009476139779 
8 0.0 -1.9033346956066084 -1.9033346956066084 
Alfa 
0 1.0575296108291032 
1 3.90625 
2 8.305647840531561 
3 250.0 
4 5.0 
5 6.944444444444445 
6 250.0 
7 6.25 
8 250.0 
Gamma 
0 1 0.010013805776222462 
0 2 0.008671107344057516 
0 3 -0.006130567673119591 
0 4 -0.001438454932251254 
0 5 -0.002010116839801457 
0 6 0.01001380577622224 
0 7 0.010197917125024825 
0 8 0.008671107344057516 
1 0 0.01001380577622224 
1 2 -0.006931175265179945 
1 3 0.01001380577622224 
1 4 0.004325797387699781 
1 5 0.00453490595666084 
1 6 -0.015916718234818106 
1 7 -0.011603599502690631 
1 8 -0.006931175265179945 
2 0 0.008671107344057516 
2 1 -0.006931175265179945 
2 3 0.008671107344057516 
2 4 0.005413075581638616 
2 5 -0.0019136197667737331 
2 6 -0.006931175265179945 
2 7 -0.013328399020409387 
2 8 -0.022921591595141955 
3 0 -0.006130567673119591 
3 1 0.01001380577622224 
3 2 0.008671107344057516 
3 4 -0.001438454932251254 
3 5 -0.002010116839801457 
3 6 0.01001380577622224 
3 7 0.010197917125024825 
3 8 0.008671107344057516 
4 0 -0.001438454932251254 
4 1 0.004325797387699781 
4 2 0.0054130755816383935 
4 3 -0.001438454932251254 
4 5 0.0006463132595511123 
4 6 0.004325797387699781 
4 7 0.005523232043442405 
4 8 0.0054130755816383935 
5 0 -0.002010116839801457 
5 1 0.00453490595666084 
5 2 -0.0019136197667739552 
5 3 -0.002010116839801457 
5 4 0.0006463132595511123 
5 6 0.00453490595666084 
5 7 0.0025058748501047834 
5 8 -0.0019136197667737331 
6 0 0.01001380577622224 
6 1 -0.015916718234818106 
6 2 -0.006931175265179945 
6 3 0.01001380577622224 
6 4 0.004325797387699781 
6 5 0.00453490595666084 
6 7 -0.011603599502690631 
6 8 -0.006931175265179945 
7 0 0.010197917125024825 
7 1 -0.011603599502690631 
7 2 -0.013328399020409387 
7 3 0.010197917125024825 
7 4 0.005523232043442405 
7 5 0.0025058748501050054 
7 6 -0.011603599502690631 
7 8 -0.013328399020409387 
8 0 0.008671107344057516 
8 1 -0.006931175265179945 
8 2 -0.022921591595141955 
8 3 0.008671107344057516 
8 4 0.005413075581638616 
8 5 -0.0019136197667737331 
8 6 -0.006931175265179945 
8 7 -0.013328399020409387 
