12 24 12 
K 
0 3 134.92557115253808 
1 4 254.13587518077813 
2 5 350.097707534246 
3 0 127.58562008184002 
3 6 2493.538670699245 
4 1 65.0587840462792 
4 9 2319.415266127585 
5 2 42.15176398712322 
5 11 2491.6341366178 
6 3 2493.538670699245 
6 7 1607.0465483202622 
6 8 1497.528215100232 
7 6 1607.0465483202622 
7 9 845.693736993772 
8 6 1497.528215100232 
8 11 816.6012342521611 
9 4 2319.415266127585 
9 7 845.693736993772 
9 10 1970.7929186666888 
10 9 1970.7929186666888 
10 11 1417.8696849838975 
11 5 2491.6341366178 
11 8 816.6012342521611 
11 10 1417.8696849838977 
P 
0 1.0 5.661245644793789 5.661245644793789 
1 1.0 48.007462737669016 48.007462737669016 
2 1.0 53.22964296780048 53.22964296780048 
3 0.0 -0.0 -0.0 
4 0.0 -0.0 -0.0 
5 0.0 -0.0 -0.0 
6 0.0 -468.85949840143695 -468.85949840143695 
7 0.0 -350.0848458370113 -350.0848458370113 
8 0.0 -453.2331626179815 -453.2331626179815 
9 0.0 -405.0318786504007 -405.0318786504007 
10 0.0 -399.44904539213354 -399.44904539213354 
11 0.0 -357.04100841964635 -357.04100841964635 
Alfa 
0 1.0575296108291032 
1 3.90625 
2 8.305647840531561 
3 0.0 
4 0.0 
5 0.0 
6 0.0 
7 0.0 
8 0.0 
9 0.0 
10 0.0 
11 0.0 
Gamma 
6 7 0.11710874456686438 
6 8 0.18272156076209756 
7 6 0.11710874456686438 
7 9 0.19620081728811645 
8 6 0.18272156076209756 
8 11 0.22550963518842404 
9 7 0.19620081728811645 
9 10 0.11751164543144554 
10 9 0.11751164543144554 
10 11 0.11751164543144554 
11 8 0.22550963518842404 
11 10 0.11751164543144554 
