9 72 72 
K 
0 1 18.48473557925389 
0 2 12.963650520483021 
0 3 3.592805511661884 
0 4 16.027601969267117 
0 5 11.164641493254404 
0 6 2.3609049073581785 
0 7 10.916674361804981 
0 8 2.4812614562851 
1 0 68.27799204586904 
1 2 31.624860958575894 
1 3 4.76279435477326 
1 4 30.415256341560003 
1 5 18.141733576006768 
1 6 8.424721676367271 
1 7 33.688958606071346 
1 8 6.0530441200111955 
2 0 101.8141854831291 
2 1 67.24222928069291 
2 3 7.102142481417969 
2 4 38.49841104004724 
2 5 32.089789228363045 
2 6 8.58830294920018 
2 7 47.580949028726806 
2 8 13.220502406199742 
3 0 849.3392229568693 
3 1 304.81883870548853 
3 2 213.77448869068087 
3 4 264.29996786045444 
3 5 184.1082897802688 
3 6 38.932030651425556 
3 7 180.01923734446459 
3 8 40.91674627352401 
4 0 75.77850211069493 
4 1 38.931528117196805 
4 2 23.176043446108444 
4 3 5.28599935720909 
4 5 17.3765048404227 
4 6 4.972407389262356 
4 7 21.507547400315808 
4 8 4.43592823033578 
5 0 73.31447913903726 
5 1 32.25197080178982 
5 2 26.83062932704798 
5 3 5.114119160563022 
5 4 24.134034500587067 
5 6 4.119281869705364 
5 7 20.560662204550084 
5 8 5.135421252824413 
6 0 558.1179200994732 
6 1 539.1821872875054 
6 2 258.50791877092536 
6 3 38.93203065142555 
6 4 248.62036946311773 
6 5 148.29414730939305 
6 7 275.3802644768222 
6 8 49.47878947965325 
7 0 64.51754547826745 
7 1 53.902333769714154 
7 2 35.80466414411691 
7 3 4.500480933611617 
7 4 26.884434250394754 
7 5 18.504595984095072 
7 6 6.884506611920559 
7 8 6.853064494114446 
8 0 586.5702082657975 
8 1 387.3948236807165 
8 2 397.9371224266123 
8 3 40.91674627352402 
8 4 221.79641151678905 
8 5 184.87516510167887 
8 6 49.47878947965325 
8 7 274.12257976457784 
P 
0 1.0 4.333735218983108 4.333735218983108 
1 1.0 45.424605422493684 45.424605422493684 
2 1.0 49.62921028523145 49.62921028523145 
3 0.0 -1.5270300792362366 -1.5270300792362366 
4 0.0 -48.52789794450444 -48.52789794450444 
5 0.0 -48.58331378380388 -48.58331378380388 
6 0.0 -2.696565004156387 -2.696565004156387 
7 0.0 -48.77779102827608 -48.77779102827608 
8 0.0 -3.970193008705137 -3.970193008705137 
Alfa 
0 1.0575296108291032 
1 3.90625 
2 8.305647840531561 
3 250.0 
4 5.0 
5 6.944444444444445 
6 250.0 
7 6.25 
8 250.0 
Gamma 
0 1 0.03763914239944577 
0 2 0.037617750622297885 
0 3 -0.025777062102377624 
0 4 -0.009437444182487154 
0 5 -0.00626352330477542 
0 6 0.03763914239944577 
0 7 0.041659565695872924 
0 8 0.037617750622297885 
1 0 0.03763914239944577 
1 2 -0.008519986732240081 
1 3 0.03763914239944577 
1 4 0.01899925391434043 
1 5 0.027458269071891417 
1 6 -0.03916707593503932 
1 7 -0.024793227158509623 
1 8 -0.008519986732240081 
2 0 0.037617750622297885 
2 1 -0.008519986732240081 
2 3 0.037617750622297885 
2 4 0.030556947008309798 
2 5 0.005511328588720721 
2 6 -0.008519986732240081 
2 7 -0.027261256918488908 
2 8 -0.05214933997197413 
3 0 -0.025777062102377624 
3 1 0.03763914239944577 
3 2 0.037617750622297885 
3 4 -0.009437444182487154 
3 5 -0.00626352330477542 
3 6 0.03763914239944577 
3 7 0.041659565695872924 
3 8 0.037617750622297885 
4 0 -0.009437444182487154 
4 1 0.01899925391434021 
4 2 0.030556947008309576 
4 3 -0.009437444182487154 
4 5 0.007133224004463479 
4 6 0.01899925391434021 
4 7 0.02750740971335608 
4 8 0.030556947008309798 
5 0 -0.00626352330477542 
5 1 0.027458269071891195 
5 2 0.005511328588720721 
5 3 -0.00626352330477542 
5 4 0.007133224004463479 
5 6 0.027458269071891195 
5 7 0.021189392495053028 
5 8 0.005511328588720721 
6 0 0.03763914239944577 
6 1 -0.03916707593503932 
6 2 -0.008519986732240081 
6 3 0.03763914239944577 
6 4 0.01899925391434043 
6 5 0.027458269071891417 
6 7 -0.024793227158509845 
6 8 -0.008519986732240081 
7 0 0.041659565695872924 
7 1 -0.024793227158509623 
7 2 -0.02726125691848913 
7 3 0.041659565695872924 
7 4 0.0275074097133563 
7 5 0.021189392495053028 
7 6 -0.024793227158509845 
7 8 -0.02726125691848913 
8 0 0.037617750622297885 
8 1 -0.008519986732240081 
8 2 -0.05214933997197413 
8 3 0.037617750622297885 
8 4 0.030556947008309798 
8 5 0.005511328588720721 
8 6 -0.008519986732240081 
8 7 -0.027261256918488908 
