3 6 6 
K 
0 1 206.55943580624938 
0 2 136.71140028493943 
1 0 762.9789160093337 
1 2 271.62886202512783 
2 0 1073.7068115401887 
2 1 577.5497398540924 
P 
0 1.0 -254.52217167264953 -254.52217167264953 
1 1.0 -229.71963943717657 -229.71963943717657 
2 1.0 -206.33674723840835 -206.33674723840835 
Alfa 
0 1.0575296108291032 
1 3.90625 
2 8.305647840531561 
Gamma 
0 1 -0.739139588377357 
0 2 -0.7401667676230304 
1 0 -0.7391395883773572 
1 2 -0.7418226921471419 
2 0 -0.7401667676230302 
2 1 -0.741822692147142 
