3 6 6 
K 
0 1 60.81727617970034 
0 2 40.81352686439188 
1 0 224.64381388876816 
1 2 85.71368166827085 
2 0 320.5421179648585 
2 1 182.2483596933334 
P 
0 1.0 -20.000357194918234 -20.000357194918234 
1 1.0 17.76084708173871 17.76084708173871 
2 1.0 23.6535717020071 23.6535717020071 
Alfa 
0 1.0575296108291032 
1 3.90625 
2 8.305647840531561 
Gamma 
0 1 -0.22079042052339437 
0 2 -0.2210402733053214 
1 0 -0.22079042052339437 
1 2 -0.2289269282449533 
2 0 -0.22104027330532117 
2 1 -0.2289269282449533 
