12 24 12 
K 
0 3 134.92557115253808 
1 4 254.13587518077813 
2 5 350.097707534246 
3 0 127.58562008184002 
3 6 1072.350827295528 
4 1 65.0587840462792 
4 9 997.4687413916539 
5 2 42.15176398712322 
5 11 1071.5317789599844 
6 3 1072.350827295528 
6 7 691.1132824382462 
6 8 644.0147246285961 
7 6 691.1132824382462 
7 9 363.69212523566296 
8 6 644.0147246285961 
8 11 351.18084167320853 
9 4 997.4687413916539 
9 7 363.6921252356629 
9 10 847.5430686494038 
10 9 847.5430686494038 
10 11 609.7574292935922 
11 5 1071.5317789599844 
11 8 351.18084167320853 
11 10 609.7574292935922 
P 
0 1.0 5.661245644793789 5.661245644793789 
1 1.0 48.007462737669016 48.007462737669016 
2 1.0 53.22964296780048 53.22964296780048 
3 0.0 -0.0 -0.0 
4 0.0 -0.0 -0.0 
5 0.0 -0.0 -0.0 
6 0.0 -201.63387755087663 -201.63387755087663 
7 0.0 -155.92625792827212 -155.92625792827212 
8 0.0 -198.78132078645248 -198.78132078645248 
9 0.0 -174.18469392737407 -174.18469392737407 
10 0.0 -176.08109444608667 -176.08109444608667 
11 0.0 -153.54613315456265 -153.54613315456265 
Alfa 
0 1.0575296108291032 
1 3.90625 
2 8.305647840531561 
3 0.0 
4 0.0 
5 0.0 
6 0.0 
7 0.0 
8 0.0 
9 0.0 
10 0.0 
11 0.0 
Gamma 
6 7 0.11710874456686438 
6 8 0.18272156076209756 
7 6 0.11710874456686438 
7 9 0.19620081728811645 
8 6 0.18272156076209756 
8 11 0.22550963518842404 
9 7 0.19620081728811645 
9 10 0.11751164543144554 
10 9 0.11751164543144554 
10 11 0.11751164543144554 
11 8 0.22550963518842404 
11 10 0.11751164543144554 
