9 72 72 
K 
0 1 6.80392976455935 
0 2 5.476352045323202 
0 3 3.6442883858798694 
0 4 11.918439234085072 
0 5 8.67121108164608 
0 6 1.1002260979070364 
0 7 4.686164995098106 
0 8 1.2290191462911377 
1 0 25.13201556784111 
1 2 18.743475053981864 
1 3 2.5484256078283534 
1 4 22.273610909687477 
1 5 9.650287839610117 
1 6 10.273466575342077 
1 7 31.494479681375793 
1 8 4.206466187477265 
2 0 43.01028649549519 
2 1 39.853235995177386 
2 3 4.3613101865736885 
2 4 21.81660709289604 
2 5 28.503919686530494 
2 6 6.444447818426589 
2 7 46.40512627830016 
2 8 18.464488650889184 
3 0 861.5097744220012 
3 1 163.09923890101456 
3 2 131.275436615868 
3 4 285.70082808507067 
3 5 207.86045369445586 
3 6 26.37388177085222 
3 7 112.33360286084277 
3 8 29.46122230699442 
4 0 56.35038069875423 
4 1 28.51022196439997 
4 2 13.133597469923414 
4 3 5.714016561701412 
4 5 14.68782567750418 
4 6 4.610231343913167 
4 7 15.920415785267716 
4 8 2.947480844296978 
5 0 56.94095276947592 
5 1 17.156067270417992 
5 2 23.832443960126877 
5 3 5.773901491512661 
5 4 20.399757885422474 
5 6 2.7742133739655177 
5 7 15.600505440200156 
5 8 5.348547662292931 
6 0 260.09344954522345 
6 1 657.501860821893 
6 2 193.9778793346404 
6 3 26.37388177085223 
6 4 230.5115671956584 
6 5 99.87168146275863 
6 7 325.9391527849769 
6 8 43.53309021884748 
7 0 27.6952351210298 
7 1 50.39116749020129 
7 2 34.919857524420884 
7 3 2.8083400715210693 
7 4 19.900519731584648 
7 5 14.040454896180142 
7 6 8.148478819624424 
7 8 7.836817853944053 
8 0 290.5401261832249 
8 1 269.21383599854494 
8 2 555.7811083917643 
8 3 29.46122230699442 
8 4 147.3740422148489 
8 5 192.5477158425455 
8 6 43.53309021884748 
8 7 313.47271415776214 
P 
0 1.0 4.107493434170192 4.107493434170192 
1 1.0 44.49293402803166 44.49293402803166 
2 1.0 47.508665518094425 47.508665518094425 
3 0.0 -3.7767523881617566 -3.7767523881617566 
4 0.0 -50.72037427053457 -50.72037427053457 
5 0.0 -51.077087158996804 -51.077087158996804 
6 0.0 -5.881543460329775 -5.881543460329775 
7 0.0 -50.43551496140185 -50.43551496140185 
8 0.0 -8.673039235283 -8.673039235283 
Alfa 
0 1.0575296108291032 
1 3.90625 
2 8.305647840531561 
3 250.0 
4 5.0 
5 6.944444444444445 
6 250.0 
7 6.25 
8 250.0 
Gamma 
0 1 0.09370170980135861 
0 2 0.10015549473696317 
0 3 -0.043246308704176784 
0 4 -0.013369307480133319 
0 5 -0.0023461247144194175 
0 6 0.09370170980135839 
0 7 0.11230930904540948 
0 8 0.10015549473696295 
1 0 0.09370170980135839 
1 2 0.00796946272136978 
1 3 0.09370170980135839 
1 4 0.04730786981760127 
1 5 0.08658039382577098 
1 6 -0.05534698329479659 
1 7 -0.025348216709104365 
1 8 0.00796946272136978 
2 0 0.10015549473696295 
2 1 0.00796946272136978 
2 3 0.10015549473696295 
2 4 0.09535981574958607 
2 5 0.025297296892136556 
2 6 0.00796946272136978 
2 7 -0.028260164830096635 
2 8 -0.06959064071794141 
3 0 -0.043246308704176784 
3 1 0.09370170980135839 
3 2 0.10015549473696317 
3 4 -0.013369307480133319 
3 5 -0.0023461247144194175 
3 6 0.09370170980135839 
3 7 0.11230930904540948 
3 8 0.10015549473696295 
4 0 -0.013369307480133319 
4 1 0.04730786981760127 
4 2 0.0953598157495863 
4 3 -0.013369307480133319 
4 5 0.03186121502250239 
4 6 0.04730786981760127 
4 7 0.07805135471949631 
4 8 0.09535981574958607 
5 0 -0.0023461247144194175 
5 1 0.08658039382577098 
5 2 0.025297296892136778 
5 3 -0.0023461247144194175 
5 4 0.03186121502250239 
5 6 0.08658039382577098 
5 7 0.06693873528601468 
5 8 0.025297296892136556 
6 0 0.09370170980135839 
6 1 -0.05534698329479659 
6 2 0.00796946272136978 
6 3 0.09370170980135839 
6 4 0.04730786981760127 
6 5 0.08658039382577098 
6 7 -0.025348216709104365 
6 8 0.00796946272136978 
7 0 0.11230930904540948 
7 1 -0.025348216709104365 
7 2 -0.028260164830096635 
7 3 0.11230930904540948 
7 4 0.07805135471949631 
7 5 0.06693873528601468 
7 6 -0.025348216709104365 
7 8 -0.028260164830096635 
8 0 0.10015549473696295 
8 1 0.00796946272136978 
8 2 -0.06959064071794141 
8 3 0.10015549473696295 
8 4 0.09535981574958607 
8 5 0.025297296892136556 
8 6 0.00796946272136978 
8 7 -0.028260164830096635 
