3 6 6 
K 
0 1 89.54797431333667 
0 2 59.63597128266585 
1 0 330.7678301198875 
1 2 121.52005224688224 
2 0 468.37021964193383 
2 1 258.38150643855363 
P 
0 1.0 -45.78881416010246 -45.78881416010246 
1 1.0 -9.619206685925361 -9.619206685925361 
2 1.0 -1.7628338776306114 -1.7628338776306114 
Alfa 
0 1.0575296108291032 
1 3.90625 
2 8.305647840531561 
Gamma 
0 1 -0.3109323576649725 
0 2 -0.3116257138633849 
1 0 -0.3109323576649723 
1 2 -0.3162277446174617 
2 0 -0.31162571386338467 
2 1 -0.3162277446174617 
