9 72 72 
K 
0 1 25.371767062188063 
0 2 17.269981401049172 
0 3 3.8731536335238546 
0 4 18.766889691626854 
0 5 12.946234640170522 
0 6 3.106576564880406 
0 7 14.533253053696805 
0 8 3.216899561670465 
1 0 93.71696458595717 
1 2 38.12923307298022 
1 3 6.076551853890413 
1 4 35.928533678079226 
1 5 22.84625074537695 
1 6 8.512469791049684 
1 7 36.54604366070508 
1 8 7.102376679563154 
2 0 135.63533565475169 
2 1 81.07212347743307 
2 3 8.79451392783831 
2 4 47.74916858647437 
2 5 36.186914233692214 
2 6 9.926654231168245 
2 7 51.3008257131359 
2 8 12.823562440919225 
3 0 915.6135189650389 
3 1 388.89931864898625 
3 2 264.714869227933 
3 4 287.6595310190804 
3 5 198.4403300838921 
3 6 47.61771249324673 
3 7 222.7662029405595 
3 8 49.30874718459503 
4 0 88.72985446201174 
4 1 45.98852310794139 
4 2 28.74499948905756 
4 3 5.753190620381608 
4 5 19.940934738772064 
4 6 5.630938822290721 
4 7 25.431127318579414 
4 8 5.354364553684425 
5 0 85.01360747045308 
5 1 40.61555688067015 
5 2 30.25628106761488 
5 3 5.512231391219227 
5 4 27.695742692738985 
5 6 4.973060680629457 
5 7 24.194678670501936 
5 8 5.635872734540156 
6 0 734.3946999377282 
6 1 544.79806662718 
6 2 298.792292358164 
6 3 47.617712493246756 
6 4 281.5469411145362 
6 5 179.03018450266046 
6 7 286.3859375588046 
6 8 55.65638850422258 
7 0 85.89152554734814 
7 1 58.47366985712813 
7 2 38.60387134913476 
7 3 5.569155073513989 
7 4 31.788909148224253 
7 5 21.775210803451735 
7 6 7.159648438970112 
7 8 7.190788104396582 
8 0 760.4750563788979 
8 1 454.55210749204184 
8 2 385.98922947166864 
8 3 49.30874718459504 
8 4 267.7182276842213 
8 5 202.8914184434456 
8 6 55.65638850422258 
8 7 287.63152417586326 
P 
0 1.0 4.747206995236613 4.747206995236613 
1 1.0 46.107464109273806 46.107464109273806 
2 1.0 50.652899929586106 50.652899929586106 
3 0.0 -0.9084269740996177 -0.9084269740996177 
4 0.0 -47.96942980434859 -47.96942980434859 
5 0.0 -48.02734873471339 -48.02734873471339 
6 0.0 -1.8230389762590533 -1.8230389762590533 
7 0.0 -48.268156733228054 -48.268156733228054 
8 0.0 -2.6910940145943956 -2.6910940145943956 
Alfa 
0 1.0575296108291032 
1 3.90625 
2 8.305647840531561 
3 250.0 
4 5.0 
5 6.944444444444445 
6 250.0 
7 6.25 
8 250.0 
Gamma 
0 1 0.021426598411399045 
0 2 0.020529048967349528 
0 3 -0.015302267144791104 
0 4 -0.00499578301600212 
0 5 -0.0040525621839344605 
0 6 0.021426598411399045 
0 7 0.02300860985526043 
0 8 0.020529048967349528 
1 0 0.021426598411399045 
1 2 -0.00833633307259718 
1 3 0.021426598411399045 
1 4 0.01055937125794082 
1 5 0.013695523092763118 
1 6 -0.027332737260362894 
1 7 -0.018309066805582752 
1 8 -0.00833633307259718 
2 0 0.020529048967349528 
2 1 -0.00833633307259718 
2 3 0.020529048967349528 
2 4 0.015425392511253744 
2 5 0.0012291469864118554 
2 6 -0.00833633307259718 
2 7 -0.020288001913827403 
2 8 -0.03743772992318739 
3 0 -0.015302267144791104 
3 1 0.021426598411399045 
3 2 0.020529048967349528 
3 4 -0.00499578301600212 
3 5 -0.0040525621839344605 
3 6 0.021426598411399045 
3 7 0.02300860985526043 
3 8 0.020529048967349528 
4 0 -0.00499578301600212 
4 1 0.01055937125794082 
4 2 0.015425392511253966 
4 3 -0.00499578301600212 
4 5 0.003118831905232433 
4 6 0.01055937125794082 
4 7 0.014481198475364332 
4 8 0.015425392511253744 
5 0 -0.0040525621839344605 
5 1 0.013695523092763118 
5 2 0.0012291469864118554 
5 3 -0.0040525621839344605 
5 4 0.003118831905232433 
5 6 0.013695523092763118 
5 7 0.010102817333231817 
5 8 0.0012291469864118554 
6 0 0.021426598411399045 
6 1 -0.027332737260362894 
6 2 -0.00833633307259718 
6 3 0.021426598411399045 
6 4 0.01055937125794082 
6 5 0.013695523092763118 
6 7 -0.018309066805582752 
6 8 -0.00833633307259718 
7 0 0.02300860985526043 
7 1 -0.018309066805582752 
7 2 -0.020288001913827403 
7 3 0.02300860985526043 
7 4 0.014481198475364332 
7 5 0.010102817333231817 
7 6 -0.018309066805582752 
7 8 -0.020288001913827403 
8 0 0.020529048967349528 
8 1 -0.00833633307259718 
8 2 -0.03743772992318739 
8 3 0.020529048967349528 
8 4 0.015425392511253744 
8 5 0.0012291469864118554 
8 6 -0.00833633307259718 
8 7 -0.020288001913827403 
