12 24 12 
K 
0 3 134.92557115253808 
1 4 254.13587518077813 
2 5 350.097707534246 
3 0 127.58562008184002 
3 6 645.9944742744156 
4 1 65.0587840462792 
4 9 600.8847839708766 
5 2 42.15176398712322 
5 11 645.5010716626421 
6 3 645.9944742744156 
6 7 416.3333026736427 
6 8 387.96067748710647 
7 6 416.33330267364283 
7 9 219.09164170823092 
8 6 387.96067748710647 
8 11 211.55472389952345 
9 4 600.8847839708766 
9 7 219.09164170823092 
9 10 510.56811364421975 
10 9 510.56811364421975 
10 11 367.32375258650177 
11 5 645.5010716626421 
11 8 211.55472389952345 
11 10 367.32375258650177 
P 
0 1.0 5.661245644793789 5.661245644793789 
1 1.0 48.007462737669016 48.007462737669016 
2 1.0 53.22964296780048 53.22964296780048 
3 0.0 -0.0 -0.0 
4 0.0 -0.0 -0.0 
5 0.0 -0.0 -0.0 
6 0.0 -121.466191295709 -121.466191295709 
7 0.0 -97.67868155565067 -97.67868155565067 
8 0.0 -122.4457682369942 -122.4457682369942 
9 0.0 -104.93053851046643 -104.93053851046643 
10 0.0 -109.07070916227296 -109.07070916227296 
11 0.0 -92.49767057503786 -92.49767057503786 
Alfa 
0 1.0575296108291032 
1 3.90625 
2 8.305647840531561 
3 0.0 
4 0.0 
5 0.0 
6 0.0 
7 0.0 
8 0.0 
9 0.0 
10 0.0 
11 0.0 
Gamma 
6 7 0.11710874456686438 
6 8 0.18272156076209756 
7 6 0.11710874456686438 
7 9 0.19620081728811645 
8 6 0.18272156076209756 
8 11 0.22550963518842404 
9 7 0.19620081728811645 
9 10 0.11751164543144554 
10 9 0.11751164543144554 
10 11 0.11751164543144554 
11 8 0.22550963518842404 
11 10 0.11751164543144554 
