9 72 72 
K 
0 1 45.67911712277511 
0 2 30.389670953707004 
0 3 5.731731356349148 
0 4 29.8350116396546 
0 5 20.41972582110521 
0 6 5.425421911911902 
0 7 25.577975638281142 
0 8 5.552350062902054 
1 0 168.72723887225058 
1 2 61.571721379168046 
1 3 10.363562587831707 
1 4 57.61948817138102 
1 5 38.4344474976623 
1 6 11.829103214979538 
1 7 54.10861425051796 
1 8 11.249471953591842 
2 0 238.67502370286826 
2 1 130.91661688593868 
2 3 14.65989464907728 
2 4 79.35949129385304 
2 5 55.944766343977804 
2 6 15.54929093697852 
2 7 75.75539719948475 
2 8 17.17778583560283 
3 0 1354.9812926409381 
3 1 663.2680056212286 
3 2 441.26282893722606 
3 4 433.20908796754003 
3 5 296.4976486803418 
3 6 78.77798429193682 
3 7 371.39625189849653 
3 8 80.62100112035215 
4 0 141.05993503228692 
4 1 73.75294485936769 
4 2 47.77441375889952 
4 3 8.664181759350802 
4 5 31.286220327839196 
4 6 8.759819985849461 
4 7 40.84044908855395 
4 8 8.728632489749858 
5 0 134.08953289192422 
5 1 68.32790666251073 
5 2 46.77604074871478 
5 3 8.236045796676164 
5 4 43.453083788665545 
5 6 8.115474758530876 
5 7 38.72670706087402 
5 8 8.546224577063239 
6 0 1282.5697399759738 
6 1 757.0626057586904 
6 2 468.0336572030537 
6 3 78.7779842919369 
6 4 437.99099929247325 
6 5 292.15709130711167 
6 7 411.3033068850896 
6 8 85.51216990701441 
7 0 151.1658360222415 
7 1 86.57378280082874 
7 2 57.005936392612256 
7 3 9.284906297462415 
7 4 51.05056136069243 
7 5 34.85403635478663 
7 6 10.28258267212724 
7 8 10.415279421664877 
8 0 1312.5755548700458 
8 1 719.9662050298778 
8 2 517.0513536516451 
8 3 80.62100112035216 
8 4 436.43162448749297 
8 5 307.6640847742766 
8 6 85.5121699070144 
8 7 416.611176866595 
P 
0 1.0 5.3082256193497175 5.3082256193497175 
1 1.0 46.73353240451673 46.73353240451673 
2 1.0 51.45558566389951 51.45558566389951 
3 0.0 -0.3148433785013315 -0.3148433785013315 
4 0.0 -47.53431222245926 -47.53431222245926 
5 0.0 -47.63781575620816 -47.63781575620816 
6 0.0 -1.1501574158728785 -1.1501574158728785 
7 0.0 -47.88887176035793 -47.88887176035793 
8 0.0 -1.7825257944777606 -1.7825257944777606 
Alfa 
0 1.0575296108291032 
1 3.90625 
2 8.305647840531561 
3 250.0 
4 5.0 
5 6.944444444444445 
6 250.0 
7 6.25 
8 250.0 
Gamma 
0 1 0.007103637093750947 
0 2 0.005670329954876374 
0 3 -0.00378301815700266 
0 4 -0.0006664551356196924 
0 5 -0.0015976243281168312 
0 6 0.0071036370937511695 
0 7 0.0069810700207877385 
0 8 0.005670329954876374 
1 0 0.007103637093750947 
1 2 -0.006563974980906995 
1 3 0.007103637093750947 
1 4 0.002636043853423864 
1 5 0.0022248791106525 
1 6 -0.012791501217167989 
1 7 -0.00980299367597448 
1 8 -0.006563974980906995 
2 0 0.005670329954876374 
2 1 -0.006563974980906995 
2 3 0.005670329954876374 
2 4 0.0029097694492001835 
2 5 -0.0028415113966855365 
2 6 -0.006563974980906995 
2 7 -0.011489721276331188 
2 8 -0.018870224910918276 
3 0 -0.00378301815700266 
3 1 0.007103637093750947 
3 2 0.005670329954876374 
3 4 -0.0006664551356196924 
3 5 -0.0015976243281168312 
3 6 0.0071036370937511695 
3 7 0.0069810700207877385 
3 8 0.005670329954876374 
4 0 -0.0006664551356196924 
4 1 0.002636043853423864 
4 2 0.0029097694492001835 
4 3 -0.0006664551356196924 
4 5 -5.897444258939899e-05 
4 6 0.002636043853423864 
4 7 0.0032295834575377658 
4 8 0.0029097694492001835 
5 0 -0.0015976243281168312 
5 1 0.0022248791106525 
5 2 -0.0028415113966855365 
5 3 -0.0015976243281166091 
5 4 -5.897444258939899e-05 
5 6 0.0022248791106525 
5 7 0.0005390622911551901 
5 8 -0.0028415113966855365 
6 0 0.007103637093750947 
6 1 -0.012791501217167767 
6 2 -0.006563974980906995 
6 3 0.007103637093750947 
6 4 0.002636043853423864 
6 5 0.0022248791106525 
6 7 -0.00980299367597448 
6 8 -0.006563974980906995 
7 0 0.006981070020787961 
7 1 -0.00980299367597448 
7 2 -0.011489721276331188 
7 3 0.006981070020787961 
7 4 0.0032295834575377658 
7 5 0.0005390622911551901 
7 6 -0.00980299367597448 
7 8 -0.011489721276331188 
8 0 0.005670329954876374 
8 1 -0.006563974980906995 
8 2 -0.018870224910918276 
8 3 0.005670329954876374 
8 4 0.0029097694492001835 
8 5 -0.0028415113966855365 
8 6 -0.006563974980906995 
8 7 -0.011489721276331188 
