12 24 12 
K 
0 3 134.92557115253808 
1 4 254.13587518077813 
2 5 350.097707534246 
3 0 127.58562008184002 
3 6 1214.4696116358991 
4 1 65.0587840462792 
4 9 1129.6633938652462 
5 2 42.15176398712322 
5 11 1213.542014725765 
6 3 1214.4696116358991 
6 7 782.7066090264473 
6 8 729.3660736757591 
7 6 782.7066090264473 
7 9 411.89228641147355 
8 6 729.3660736757591 
8 11 397.7228809311036 
9 4 1129.6633938652462 
9 7 411.89228641147355 
9 10 959.8680536511316 
10 9 959.8680536511316 
10 11 690.5686548626222 
11 5 1213.542014725765 
11 8 397.7228809311036 
11 10 690.5686548626222 
P 
0 1.0 5.661245644793789 5.661245644793789 
1 1.0 48.007462737669016 48.007462737669016 
2 1.0 53.22964296780048 53.22964296780048 
3 0.0 -0.0 -0.0 
4 0.0 -0.0 -0.0 
5 0.0 -0.0 -0.0 
6 0.0 -228.35643963593253 -228.35643963593253 
7 0.0 -175.34211671914593 -175.34211671914593 
8 0.0 -224.22650496960526 -224.22650496960526 
9 0.0 -197.26941239967664 -197.26941239967664 
10 0.0 -198.41788954069122 -198.41788954069122 
11 0.0 -173.8956206810709 -173.8956206810709 
Alfa 
0 1.0575296108291032 
1 3.90625 
2 8.305647840531561 
3 0.0 
4 0.0 
5 0.0 
6 0.0 
7 0.0 
8 0.0 
9 0.0 
10 0.0 
11 0.0 
Gamma 
6 7 0.11710874456686438 
6 8 0.18272156076209756 
7 6 0.11710874456686438 
7 9 0.19620081728811645 
8 6 0.18272156076209756 
8 11 0.22550963518842404 
9 7 0.19620081728811645 
9 10 0.11751164543144554 
10 9 0.11751164543144554 
10 11 0.11751164543144554 
11 8 0.22550963518842404 
11 10 0.11751164543144554 
