3 6 6 
K 
0 1 10.566239238037072 
0 2 8.545467393191313 
1 0 39.02904618549941 
1 2 30.214513469621657 
2 0 67.11456783224008 
2 1 64.24348378922882 
P 
0 1.0 -1.0933120943400136 -1.0933120943400136 
1 1.0 34.768460405162266 34.768460405162266 
2 1.0 35.05310414225203 35.05310414225203 
Alfa 
0 1.0575296108291032 
1 3.90625 
2 8.305647840531561 
Gamma 
0 1 -0.22837706669911007 
0 2 -0.20354917686634577 
1 0 -0.2283770666991103 
1 2 -0.2207867613419563 
2 0 -0.203549176866346 
2 1 -0.2207867613419563 
