9 72 72 
K 
0 1 17.596836306767525 
0 2 12.412479703198077 
0 3 3.5785586987945375 
0 4 15.727870864582767 
0 5 10.975950356366747 
0 6 2.2666953991587087 
0 7 10.455106570402199 
0 8 2.388923171299026 
1 0 64.99831410812249 
1 2 30.827181528674252 
1 3 4.600041764724813 
1 4 29.80456017861725 
1 5 17.555215934181916 
1 6 8.483174442651745 
1 7 33.494654340332055 
1 8 5.933042391256997 
2 0 97.48538876531642 
2 1 65.54616670548677 
2 3 6.899207555213371 
2 4 37.360932969890825 
2 5 31.72306180638976 
2 6 8.443176484325038 
2 7 47.37422210476781 
2 8 13.408553665484206 
3 0 845.9712763950282 
3 1 294.4026729423881 
3 2 207.6661474119225 
3 4 263.13407373376026 
3 5 183.63239088350164 
3 6 37.92279320129232 
3 7 174.9184493487711 
3 8 39.96771662949193 
4 0 74.36137344774728 
4 1 38.14983702863009 
4 2 22.49128164787428 
4 3 5.262681474675203 
4 5 17.12422502511039 
4 6 4.914182217981621 
4 7 21.074176199716153 
4 8 4.32870346341641 
5 0 72.07540734014162 
5 1 31.209272771878965 
5 2 26.524004454786997 
5 3 5.100899746763935 
5 4 23.78364586820888 
5 6 4.0201496320052 
5 7 20.166157186804547 
5 8 5.104846924450845 
6 0 535.8467923611183 
6 1 542.9231643297117 
6 2 254.13961217818363 
6 3 37.9227932012923 
6 4 245.70911089908103 
6 5 144.72538675218718 
6 7 276.13028638951226 
6 8 48.91206453461403 
7 0 61.78967983107699 
7 1 53.59144694453128 
7 2 35.64910213383778 
7 3 4.372961233719277 
7 4 26.342720249645186 
7 5 18.149541468124088 
7 6 6.903257159737807 
7 8 6.861075962250186 
8 0 564.7414376950898 
8 1 379.7147130404478 
8 2 403.59746533107466 
8 3 39.967716629491946 
8 4 216.43517317082058 
8 5 183.77448928023045 
8 6 48.91206453461403 
8 7 274.44303849000744 
P 
0 1.0 4.27940826611316 4.27940826611316 
1 1.0 45.320330570609016 45.320330570609016 
2 1.0 49.4583725132705 49.4583725132705 
3 0.0 -1.636152473693431 -1.636152473693431 
4 0.0 -48.63315558630264 -48.63315558630264 
5 0.0 -48.69133822293742 -48.69133822293742 
6 0.0 -2.853554291975502 -2.853554291975502 
7 0.0 -48.868466519083476 -48.868466519083476 
8 0.0 -4.204762181156821 -4.204762181156821 
Alfa 
0 1.0575296108291032 
1 3.90625 
2 8.305647840531561 
3 250.0 
4 5.0 
5 6.944444444444445 
6 250.0 
7 6.25 
8 250.0 
Gamma 
0 1 0.04055375142943762 
0 2 0.04072436052936235 
0 3 -0.027331441957554548 
0 4 -0.01010322852612866 
0 5 -0.006525430284969325 
0 6 0.040553751429437845 
0 7 0.045074295649134344 
0 8 0.04072436052936257 
1 0 0.040553751429437845 
1 2 -0.008300284416582038 
1 3 0.040553751429437845 
1 4 0.020485634492587224 
1 5 0.030050762794111563 
1 6 -0.04081405821593331 
1 7 -0.025587180143145094 
1 8 -0.008300284416582038 
2 0 0.04072436052936257 
2 1 -0.008300284416582038 
2 3 0.04072436052936257 
2 4 0.03341225418002525 
2 5 0.006302891760021634 
2 6 -0.008300284416582038 
2 7 -0.028142925175666855 
2 8 -0.05415788548836198 
3 0 -0.027331441957554548 
3 1 0.04055375142943762 
3 2 0.04072436052936235 
3 4 -0.01010322852612866 
3 5 -0.006525430284969325 
3 6 0.040553751429437845 
3 7 0.045074295649134344 
3 8 0.04072436052936257 
4 0 -0.01010322852612866 
4 1 0.020485634492587224 
4 2 0.03341225418002525 
4 3 -0.01010322852612866 
4 5 0.007961478614086914 
4 6 0.020485634492587224 
4 7 0.029903378441700657 
4 8 0.03341225418002525 
5 0 -0.006525430284969325 
5 1 0.030050762794111563 
5 2 0.006302891760021634 
5 3 -0.006525430284969547 
5 4 0.007961478614086914 
5 6 0.030050762794111563 
5 7 0.023246009204726414 
5 8 0.006302891760021634 
6 0 0.040553751429437845 
6 1 -0.040814058215933535 
6 2 -0.008300284416582038 
6 3 0.040553751429437845 
6 4 0.020485634492587224 
6 5 0.030050762794111563 
6 7 -0.025587180143145094 
6 8 -0.008300284416582038 
7 0 0.045074295649134344 
7 1 -0.025587180143145316 
7 2 -0.028142925175666855 
7 3 0.045074295649134344 
7 4 0.029903378441700657 
7 5 0.023246009204726414 
7 6 -0.025587180143145094 
7 8 -0.028142925175666855 
8 0 0.04072436052936257 
8 1 -0.008300284416582038 
8 2 -0.05415788548836198 
8 3 0.04072436052936257 
8 4 0.03341225418002525 
8 5 0.006302891760021634 
8 6 -0.008300284416582038 
8 7 -0.028142925175666855 
