3 6 6 
K 
0 1 71.15279980625337 
0 2 47.56618197411539 
1 0 262.8206542843484 
1 2 98.40470582483819 
2 0 373.5762597568398 
2 1 209.23259710264608 
P 
0 1.0 -28.06746739549046 -28.06746739549046 
1 1.0 9.22040000107837 9.22040000107837 
2 1.0 15.755909262983344 15.755909262983344 
Alfa 
0 1.0575296108291032 
1 3.90625 
2 8.305647840531561 
Gamma 
0 1 -0.25228524340149616 
0 2 -0.25276236348204195 
1 0 -0.2522852434014964 
1 2 -0.2590450233403192 
2 0 -0.25276236348204173 
2 1 -0.259045023340319 
