9 72 72 
K 
0 1 21.095775352272003 
0 2 14.586989833646234 
0 3 3.6634170562823574 
0 4 16.973181068977347 
0 5 11.769701621783023 
0 6 2.6401111169694556 
0 7 12.278239981432588 
0 8 2.7554993161421164 
1 0 77.92252020745472 
1 2 33.996491530434035 
1 3 5.248846552911616 
1 4 32.33335914361243 
1 5 19.88346894235822 
1 6 8.347121467423513 
1 7 34.47686493703623 
1 8 6.42197672252207 
2 0 114.56360121840433 
2 1 72.28489893514211 
2 3 7.716982994690592 
2 4 41.894784911042876 
2 5 33.378551332685454 
2 6 9.046368862054118 
2 7 48.53821611821543 
2 8 12.858248998942926 
3 0 866.0317921051495 
3 1 335.9261793863433 
3 2 232.28118814018688 
3 4 270.27856399315016 
3 5 187.41908426214837 
3 6 42.04076057263492 
3 7 195.51697805253124 
3 8 43.8781861351975 
4 0 80.24920009412486 
4 1 41.386699703823915 
4 2 25.220660516447815 
4 3 5.405571279863002 
4 5 18.219895296516786 
4 6 5.179496091428284 
4 7 22.871729515055144 
4 8 4.764212054595842 
5 0 77.28770731637522 
5 1 35.34838923085905 
5 2 27.908177642050884 
5 3 5.206085673948567 
5 4 25.305410134051094 
5 6 4.423808739758099 
5 7 21.813670006162017 
5 8 5.271887160026998 
6 0 624.1222680515795 
6 1 534.2157739151046 
6 2 272.29570274782907 
6 3 42.04076057263494 
6 4 258.97480457141427 
6 5 159.25711463129159 
6 7 276.14326490626587 
6 8 51.4369744043709 
7 0 72.56439829026661 
7 1 55.16298389925795 
7 2 36.525007628957106 
7 3 4.887924451313284 
7 4 28.58966189381893 
7 5 19.632303005545815 
7 6 6.903581622656648 
7 8 6.899616349325942 
8 0 651.4000383359962 
8 1 411.0065102414124 
8 2 387.033294868182 
8 3 43.8781861351975 
8 4 238.21060272979219 
8 5 189.7879377609719 
8 6 51.436974404370886 
8 7 275.98465397303767 
P 
0 1.0 4.498586071406613 4.498586071406613 
1 1.0 45.71672957343347 45.71672957343347 
2 1.0 50.085141553964945 50.085141553964945 
3 0.0 -1.2471015438104427 -1.2471015438104427 
4 0.0 -48.26634127914371 -48.26634127914371 
5 0.0 -48.31908710157863 -48.31908710157863 
6 0.0 -2.2961904427826054 -2.2961904427826054 
7 0.0 -48.54490138844352 -48.54490138844352 
8 0.0 -3.3774392377480176 -3.3774392377480176 
Alfa 
0 1.0575296108291032 
1 3.90625 
2 8.305647840531561 
3 250.0 
4 5.0 
5 6.944444444444445 
6 250.0 
7 6.25 
8 250.0 
Gamma 
0 1 0.030216842182899217 
0 2 0.029756027126707663 
0 3 -0.021379629799749278 
0 4 -0.007549689263818049 
0 5 -0.005401766896728111 
0 6 0.030216842182899217 
0 7 0.0330520617287231 
0 8 0.029756027126707885 
1 0 0.030216842182899217 
1 2 -0.008732576343513765 
1 3 0.030216842182899217 
1 4 0.015176025860099251 
1 5 0.021027149782648413 
1 6 -0.03435183190134694 
1 7 -0.022277062809802795 
1 8 -0.008732576343513765 
2 0 0.029756027126707663 
2 1 -0.008732576343513765 
2 3 0.029756027126707663 
2 4 0.02347891161480331 
2 5 0.003536823288007973 
2 6 -0.008732576343513765 
2 7 -0.02451587531414212 
2 8 -0.04621246986595007 
3 0 -0.021379629799749278 
3 1 0.030216842182899217 
3 2 0.029756027126707663 
3 4 -0.007549689263818049 
3 5 -0.005401766896728111 
3 6 0.030216842182899217 
3 7 0.0330520617287231 
3 8 0.029756027126707885 
4 0 -0.007549689263818049 
4 1 0.015176025860099251 
4 2 0.02347891161480331 
4 3 -0.007549689263818049 
4 5 0.0051808790097611634 
4 6 0.015176025860099251 
4 7 0.021485104380515985 
4 8 0.02347891161480331 
5 0 -0.005401766896728111 
5 1 0.021027149782648413 
5 2 0.003536823288007973 
5 3 -0.005401766896728111 
5 4 0.0051808790097611634 
5 6 0.021027149782648413 
5 7 0.01604730020133127 
5 8 0.003536823288007973 
6 0 0.030216842182899217 
6 1 -0.03435183190134694 
6 2 -0.008732576343513765 
6 3 0.030216842182899217 
6 4 0.015176025860099251 
6 5 0.021027149782648413 
6 7 -0.022277062809802795 
6 8 -0.008732576343513765 
7 0 0.0330520617287231 
7 1 -0.022277062809803017 
7 2 -0.02451587531414212 
7 3 0.0330520617287231 
7 4 0.021485104380515763 
7 5 0.01604730020133105 
7 6 -0.022277062809803017 
7 8 -0.02451587531414212 
8 0 0.029756027126707663 
8 1 -0.008732576343513765 
8 2 -0.04621246986595007 
8 3 0.029756027126707663 
8 4 0.02347891161480331 
8 5 0.003536823288007973 
8 6 -0.008732576343513765 
8 7 -0.02451587531414212 
