3 6 6 
K 
0 1 69.02411932246464 
0 2 46.173017402483744 
1 0 254.95784074735386 
1 2 95.76619781775769 
2 0 362.63459514774604 
2 1 203.62248040985023 
P 
0 1.0 -26.292206365418828 -26.292206365418828 
1 1.0 11.104367298640181 11.104367298640181 
2 1.0 17.50274063153753 17.50274063153753 
Alfa 
0 1.0575296108291032 
1 3.90625 
2 8.305647840531561 
Gamma 
0 1 -0.2456871300070158 
0 2 -0.24612663910204224 
1 0 -0.2456871300070158 
1 2 -0.25268562725094434 
2 0 -0.24612663910204224 
2 1 -0.25268562725094434 
