9 72 72 
K 
0 1 26.234125394802426 
0 2 17.81581632650769 
0 3 3.9283160610517545 
0 4 19.16498226153937 
0 5 13.210614075638286 
0 6 3.2020872886468585 
0 7 14.992436213972145 
0 8 3.311922131582546 
1 0 96.90230067705144 
1 2 39.0107092515346 
1 3 6.248420236015431 
1 4 36.71993799601443 
1 5 23.463493098313545 
1 6 8.584416579971656 
1 7 37.0754177304396 
1 8 7.2520073720481415 
2 0 139.92222523542918 
2 1 82.94635854146891 
2 3 9.022415954221156 
2 4 48.98018314353251 
2 5 36.849071414355876 
2 6 10.124274254548016 
2 7 52.025073514371634 
2 8 12.887382483129944 
3 0 928.6539168326346 
3 1 399.8988951049875 
3 2 271.57472022205684 
3 4 292.14067996391856 
3 5 201.3754944372116 
3 6 48.81089609388322 
3 7 228.53663259867244 
3 8 50.48515935492234 
4 0 90.6120361325582 
4 1 47.001520634898476 
4 2 29.486070252406577 
4 3 5.8428135992783705 
4 5 20.335030020649988 
4 6 5.736915925617231 
4 7 25.994306355856153 
4 8 5.481397363591129 
5 0 86.74969909669139 
5 1 41.71287661922409 
5 2 30.809918043669786 
5 3 5.5937637343669895 
5 4 28.24309725090277 
5 6 5.091394128266808 
5 7 24.721810033054446 
5 8 5.72749783512595 
6 0 756.9734350361176 
6 1 549.4026611181857 
6 2 304.74065506189527 
6 3 48.81089609388323 
6 4 286.8457962808615 
6 5 183.29018861760505 
6 7 289.6227036790701 
6 8 56.65063567088845 
7 0 88.60529802457536 
7 1 59.32066836870333 
7 2 39.14886781956465 
7 3 5.71341581496681 
7 4 32.49288294482019 
7 5 22.249629029748988 
7 6 7.240567591976752 
7 8 7.2776907542036735 
8 0 782.9383919061139 
8 1 464.12847181108106 
8 2 387.9102127422113 
8 3 50.48515935492234 
8 4 274.0698681795565 
8 5 206.18992206453422 
8 6 56.65063567088845 
8 7 291.107630168147 
P 
0 1.0 4.790860446743054 4.790860446743054 
1 1.0 46.17063980623079 46.17063980623079 
2 1.0 50.740709913960416 50.740709913960416 
3 0.0 -0.855522139376279 -0.855522139376279 
4 0.0 -47.925353260783076 -47.925353260783076 
5 0.0 -47.9849896695118 -47.9849896695118 
6 0.0 -1.751380135775619 -1.751380135775619 
7 0.0 -48.22629267939332 -48.22629267939332 
8 0.0 -2.5889787879816257 -2.5889787879816257 
Alfa 
0 1.0575296108291032 
1 3.90625 
2 8.305647840531561 
3 250.0 
4 5.0 
5 6.944444444444445 
6 250.0 
7 6.25 
8 250.0 
Gamma 
0 1 0.020081677701450085 
0 2 0.019124689846141463 
0 3 -0.014287491720502699 
0 4 -0.004580355515656054 
0 5 -0.0038196847537617096 
0 6 0.020081677701450085 
0 7 0.02148542188237479 
0 8 0.019124689846141463 
1 0 0.020081677701450085 
1 2 -0.008215487433516744 
1 3 0.020081677701450085 
1 4 0.00984228977149959 
1 5 0.0125978888144469 
1 6 -0.026119957660305504 
1 7 -0.017603492831388623 
1 8 -0.008215487433516744 
2 0 0.019124689846141463 
2 1 -0.008215487433516744 
2 3 0.019124689846141463 
2 4 0.014221863564138237 
2 5 0.0008739021362933475 
2 6 -0.008215487433516744 
2 7 -0.01954603277406819 
2 8 -0.03591006832069965 
3 0 -0.014287491720502699 
3 1 0.020081677701450085 
3 2 0.019124689846141463 
3 4 -0.004580355515656054 
3 5 -0.0038196847537617096 
3 6 0.020081677701450085 
3 7 0.02148542188237479 
3 8 0.019124689846141463 
4 0 -0.004580355515656054 
4 1 0.00984228977149959 
4 2 0.014221863564138237 
4 3 -0.004580355515656054 
4 5 0.0028223837689367315 
4 6 0.00984228977149959 
4 7 0.013419889464779455 
4 8 0.014221863564138237 
5 0 -0.0038196847537617096 
5 1 0.0125978888144469 
5 2 0.0008739021362933475 
5 3 -0.0038196847537617096 
5 4 0.0028223837689365094 
5 6 0.0125978888144469 
5 7 0.00920399496543789 
5 8 0.0008739021362933475 
6 0 0.020081677701450085 
6 1 -0.026119957660305504 
6 2 -0.008215487433516744 
6 3 0.020081677701450085 
6 4 0.00984228977149959 
6 5 0.0125978888144469 
6 7 -0.017603492831388623 
6 8 -0.008215487433516744 
7 0 0.02148542188237479 
7 1 -0.017603492831388623 
7 2 -0.01954603277406819 
7 3 0.02148542188237479 
7 4 0.013419889464779455 
7 5 0.00920399496543789 
7 6 -0.017603492831388623 
7 8 -0.01954603277406841 
8 0 0.019124689846141463 
8 1 -0.008215487433516744 
8 2 -0.03591006832069965 
8 3 0.019124689846141463 
8 4 0.014221863564138237 
8 5 0.0008739021362933475 
8 6 -0.008215487433516744 
8 7 -0.01954603277406841 
