12 24 12 
K 
0 3 134.92557115253808 
1 4 254.13587518077813 
2 5 350.097707534246 
3 0 127.58562008184002 
3 6 813.953037585763 
4 1 65.0587840462792 
4 9 757.1148278033039 
5 2 42.15176398712322 
5 11 813.3313502949285 
6 3 813.953037585763 
6 7 524.5799613687896 
6 8 488.830453633754 
7 6 524.5799613687896 
7 9 276.0554685523708 
8 6 488.83045363375385 
8 11 266.5589521133993 
9 4 757.1148278033039 
9 7 276.05546855237077 
9 10 643.3158231917165 
10 9 643.3158231917165 
10 11 462.8279282589919 
11 5 813.3313502949285 
11 8 266.5589521133994 
11 10 462.8279282589919 
P 
0 1.0 5.661245644793789 5.661245644793789 
1 1.0 48.007462737669016 48.007462737669016 
2 1.0 53.22964296780048 53.22964296780048 
3 0.0 -0.0 -0.0 
4 0.0 -0.0 -0.0 
5 0.0 -0.0 -0.0 
6 0.0 -153.04740103259323 -153.04740103259323 
7 0.0 -120.6246964903197 -120.6246964903197 
8 0.0 -152.51734954435653 -152.51734954435653 
9 0.0 -132.21247852318763 -132.21247852318763 
10 0.0 -135.46873972862383 -135.46873972862383 
11 0.0 -116.54706492454761 -116.54706492454761 
Alfa 
0 1.0575296108291032 
1 3.90625 
2 8.305647840531561 
3 0.0 
4 0.0 
5 0.0 
6 0.0 
7 0.0 
8 0.0 
9 0.0 
10 0.0 
11 0.0 
Gamma 
6 7 0.11710874456686438 
6 8 0.18272156076209756 
7 6 0.11710874456686438 
7 9 0.19620081728811645 
8 6 0.18272156076209756 
8 11 0.22550963518842404 
9 7 0.19620081728811645 
9 10 0.11751164543144554 
10 9 0.11751164543144554 
10 11 0.11751164543144554 
11 8 0.22550963518842404 
11 10 0.11751164543144554 
