9 72 72 
K 
0 1 46.60696304325486 
0 2 30.996037328525606 
0 3 5.829986469277679 
0 4 30.382123545997455 
0 5 20.791568946235138 
0 6 5.533100003577194 
0 7 26.08851630282273 
0 8 5.6615049188505235 
1 0 172.15446974102267 
1 2 62.71262948046652 
1 3 10.565386441342559 
1 4 58.68489898095955 
1 5 39.17365956436165 
1 6 12.018766110025387 
1 7 55.03456324199986 
1 8 11.4546210057297 
2 0 243.4373164273573 
2 1 133.34246799833412 
2 3 14.940125145560103 
2 4 80.87040563920696 
2 5 56.94664119158506 
2 6 15.830192786297648 
2 7 77.05016886719774 
2 8 17.44249690797171 
3 0 1378.2088013372431 
3 1 676.1847322459238 
3 2 449.6977668813591 
3 4 440.7909619845108 
3 5 301.6489503475024 
3 6 80.27551035531874 
3 7 378.49830280822437 
3 8 82.13843893044552 
4 0 143.64668012547602 
4 1 75.11667069562823 
4 2 48.683984194802576 
4 3 8.815819239690224 
4 5 31.85398196699156 
4 6 8.917724386138449 
4 7 41.59663946283829 
4 8 8.892253324732545 
5 0 136.53130274694405 
5 1 69.64206144775403 
5 2 47.613719440741946 
5 3 8.379137509652848 
5 4 44.24164162082158 
5 6 8.26778801459492 
5 7 39.441883053709745 
5 8 8.696766749937053 
6 0 1308.0248408456487 
6 1 769.2010310416248 
6 2 476.4888028675592 
6 3 80.27551035531876 
6 4 445.8862193069223 
6 5 297.6403685254171 
6 7 418.15107057004263 
6 8 87.03188967736999 
7 0 154.1831313496823 
7 1 88.05530118719976 
7 2 57.980252072566294 
7 3 9.46245757020561 
7 4 51.995799328547825 
7 5 35.49769474833878 
7 6 10.453776764251069 
7 8 10.59024025638704 
8 0 1338.379762816263 
8 1 733.0957443667008 
8 2 525.0191569299484 
8 3 82.1384389304455 
8 4 444.61266623662715 
8 5 313.08360299773386 
8 6 87.03188967736999 
8 7 423.6096102554815 
P 
0 1.0 5.3202055998255435 5.3202055998255435 
1 1.0 46.739139758709655 46.739139758709655 
2 1.0 51.460586188302145 51.460586188302145 
3 0.0 -0.3036596003406782 -0.3036596003406782 
4 0.0 -47.528258820512356 -47.528258820512356 
5 0.0 -47.63366727053722 -47.63366727053722 
6 0.0 -1.1440506823906371 -1.1440506823906371 
7 0.0 -47.8863421933051 -47.8863421933051 
8 0.0 -1.7764774344586511 -1.7764774344586511 
Alfa 
0 1.0575296108291032 
1 3.90625 
2 8.305647840531561 
3 250.0 
4 5.0 
5 6.944444444444445 
6 250.0 
7 6.25 
8 250.0 
Gamma 
0 1 0.006851093154535359 
0 2 0.005410476276592302 
0 3 -0.003590094219694473 
0 4 -0.0006096834884485869 
0 5 -0.0015708148379602882 
0 6 0.006851093154535359 
0 7 0.006703361625306048 
0 8 0.005410476276592302 
1 0 0.006851093154535359 
1 2 -0.0065389268423949876 
1 3 0.006851093154535359 
1 4 0.0024850973439918267 
1 5 0.0020234760029469445 
1 6 -0.012528499310694663 
1 7 -0.009654868115614113 
1 8 -0.0065389268423949876 
2 0 0.005410476276592302 
2 1 -0.0065389268423949876 
2 3 0.005410476276592302 
2 4 0.002692407227843807 
2 5 -0.0029284874453905374 
2 6 -0.0065389268423949876 
2 7 -0.0113389473893728 
2 8 -0.018526085940266723 
3 0 -0.003590094219694473 
3 1 0.006851093154535359 
3 2 0.005410476276592302 
3 4 -0.0006096834884485869 
3 5 -0.0015708148379602882 
3 6 0.006851093154535359 
3 7 0.006703361625306048 
3 8 0.005410476276592302 
4 0 -0.0006096834884485869 
4 1 0.0024850973439918267 
4 2 0.002692407227843807 
4 3 -0.0006096834884485869 
4 5 -0.00012623908641007375 
4 6 0.0024850973439918267 
4 7 0.0030290177612781743 
4 8 0.002692407227843807 
5 0 -0.0015708148379602882 
5 1 0.0020234760029469445 
5 2 -0.0029284874453905374 
5 3 -0.0015708148379602882 
5 4 -0.00012623908641007375 
5 6 0.0020234760029469445 
5 7 0.00036579737879960383 
5 8 -0.0029284874453905374 
6 0 0.006851093154535359 
6 1 -0.012528499310694663 
6 2 -0.0065389268423949876 
6 3 0.006851093154535359 
6 4 0.0024850973439918267 
6 5 0.0020234760029469445 
6 7 -0.009654868115614113 
6 8 -0.0065389268423949876 
7 0 0.006703361625306048 
7 1 -0.009654868115614113 
7 2 -0.0113389473893728 
7 3 0.006703361625306048 
7 4 0.0030290177612781743 
7 5 0.00036579737879960383 
7 6 -0.009654868115614113 
7 8 -0.0113389473893728 
8 0 0.005410476276592302 
8 1 -0.0065389268423949876 
8 2 -0.018526085940266723 
8 3 0.005410476276592302 
8 4 0.002692407227843807 
8 5 -0.0029284874453905374 
8 6 -0.0065389268423949876 
8 7 -0.0113389473893728 
