12 24 12 
K 
0 3 134.92557115253808 
1 4 254.13587518077813 
2 5 350.097707534246 
3 0 127.58562008184002 
3 6 1873.3839753958007 
4 1 65.0587840462792 
4 9 1742.5658735155387 
5 2 42.15176398712322 
5 11 1871.9531078216583 
6 3 1873.3839753958007 
6 7 1207.3665777535618 
6 8 1125.0859647126065 
7 6 1207.3665777535618 
7 9 635.3657609538685 
8 6 1125.085964712607 
8 11 613.5086993086169 
9 4 1742.5658735155387 
9 7 635.3657609538684 
9 10 1480.6475295682344 
10 9 1480.6475295682344 
10 11 1065.2388825008532 
11 5 1871.9531078216583 
11 8 613.5086993086168 
11 10 1065.2388825008532 
P 
0 1.0 5.661245644793789 5.661245644793789 
1 1.0 48.007462737669016 48.007462737669016 
2 1.0 53.22964296780048 53.22964296780048 
3 0.0 -0.0 -0.0 
4 0.0 -0.0 -0.0 
5 0.0 -0.0 -0.0 
6 0.0 -352.25195475755527 -352.25195475755527 
7 0.0 -265.36109838592455 -265.36109838592455 
8 0.0 -342.19963163694996 -342.19963163694996 
9 0.0 -304.29856168035207 -304.29856168035207 
10 0.0 -301.9793940702215 -301.9793940702215 
11 0.0 -268.24324466760913 -268.24324466760913 
Alfa 
0 1.0575296108291032 
1 3.90625 
2 8.305647840531561 
3 0.0 
4 0.0 
5 0.0 
6 0.0 
7 0.0 
8 0.0 
9 0.0 
10 0.0 
11 0.0 
Gamma 
6 7 0.11710874456686438 
6 8 0.18272156076209756 
7 6 0.11710874456686438 
7 9 0.19620081728811645 
8 6 0.18272156076209756 
8 11 0.22550963518842404 
9 7 0.19620081728811645 
9 10 0.11751164543144554 
10 9 0.11751164543144554 
10 11 0.11751164543144554 
11 8 0.22550963518842404 
11 10 0.11751164543144554 
