3 6 6 
K 
0 1 198.6897447314928 
0 2 131.52529004297358 
1 0 733.9102446019515 
1 2 261.5090761289129 
2 0 1032.9760320983044 
2 1 556.0325871179543 
P 
0 1.0 -235.34475058896652 -235.34475058896652 
1 1.0 -209.61650600899506 -209.61650600899506 
2 1.0 -187.68785830633496 -187.68785830633496 
Alfa 
0 1.0575296108291032 
1 3.90625 
2 8.305647840531561 
Gamma 
0 1 -0.7061145533180799 
0 2 -0.7071328438138778 
1 0 -0.7061145533180799 
1 2 -0.708873481720799 
2 0 -0.7071328438138776 
2 1 -0.7088734817207991 
