12 24 12 
K 
0 3 134.92557115253808 
1 4 254.13587518077813 
2 5 350.097707534246 
3 0 127.58562008184002 
3 6 2532.2983391557104 
4 1 65.0587840462792 
4 9 2355.468353165838 
5 2 42.15176398712322 
5 11 2530.3642009175587 
6 3 2532.2983391557104 
6 7 1632.0265464806814 
6 8 1520.805855749459 
7 6 1632.0265464806814 
7 9 858.8392354962659 
8 6 1520.805855749459 
8 11 829.2945176861326 
9 4 2355.468353165838 
9 7 858.8392354962659 
9 10 2001.427005485343 
10 9 2001.427005485343 
10 11 1439.9091101390882 
11 5 2530.3642009175587 
11 8 829.2945176861326 
11 10 1439.909110139088 
P 
0 1.0 5.661245644793789 5.661245644793789 
1 1.0 48.007462737669016 48.007462737669016 
2 1.0 53.22964296780048 53.22964296780048 
3 0.0 -0.0 -0.0 
4 0.0 -0.0 -0.0 
5 0.0 -0.0 -0.0 
6 0.0 -476.1474698791796 -476.1474698791796 
7 0.0 -355.3800800527043 -355.3800800527043 
8 0.0 -460.172758304296 -460.172758304296 
9 0.0 -411.32771096102886 -411.32771096102886 
10 0.0 -405.540898599753 -405.540898599753 
11 0.0 -362.59086865414866 -362.59086865414866 
Alfa 
0 1.0575296108291032 
1 3.90625 
2 8.305647840531561 
3 0.0 
4 0.0 
5 0.0 
6 0.0 
7 0.0 
8 0.0 
9 0.0 
10 0.0 
11 0.0 
Gamma 
6 7 0.11710874456686438 
6 8 0.18272156076209756 
7 6 0.11710874456686438 
7 9 0.19620081728811645 
8 6 0.18272156076209756 
8 11 0.22550963518842404 
9 7 0.19620081728811645 
9 10 0.11751164543144554 
10 9 0.11751164543144554 
10 11 0.11751164543144554 
11 8 0.22550963518842404 
11 10 0.11751164543144554 
