3 6 6 
K 
0 1 153.70449399937044 
0 2 101.87867481252074 
1 0 567.7459747101744 
1 2 203.64734938478813 
2 0 800.136834740196 
2 1 433.004330917822 
P 
0 1.0 -139.8954630024284 -139.8954630024284 
1 1.0 -109.2485306504543 -109.2485306504543 
2 1.0 -94.47724306924532 -94.47724306924532 
Alfa 
0 1.0575296108291032 
1 3.90625 
2 8.305647840531561 
Gamma 
0 1 -0.5318602906038139 
0 2 -0.5328105266764851 
1 0 -0.5318602906038139 
1 2 -0.5351876742820016 
2 0 -0.5328105266764851 
2 1 -0.5351876742820016 
