9 72 72 
K 
0 1 11.263587144977397 
0 2 8.433604496276882 
0 3 3.586712233334047 
0 4 13.695220056370532 
0 5 9.736684893949434 
0 6 1.5948564240327865 
0 7 7.137456640036196 
0 8 1.7278873772264962 
1 0 41.60487501676025 
1 2 24.659452723681945 
1 3 3.4396443442735394 
1 4 25.69575627502264 
1 5 13.238057602066519 
1 6 9.322727134057114 
1 7 32.6542115748701 
1 8 5.0522593405196705 
2 0 66.23601670830082 
2 1 52.43205894736361 
2 3 5.476001073579367 
2 4 28.986393401373306 
2 5 29.838941659572736 
2 6 7.424065261017377 
2 7 46.99480996432796 
2 8 15.728064316086869 
3 0 847.8987719601687 
3 1 220.13723803350652 
3 2 164.82763231473896 
3 4 267.6614366866997 
3 5 190.29523122324056 
3 6 31.170113368646298 
3 7 139.495524036684 
3 8 33.77009028826258 
4 0 64.75100042651988 
4 1 32.89056803202897 
4 2 17.449808827626722 
4 3 5.353228733733994 
4 5 15.677329144717714 
4 6 4.657107282146756 
4 7 18.20122837955231 
4 8 3.5751385331838077 
5 0 63.937564136934654 
5 1 23.534324625896026 
5 2 24.948670665364983 
5 3 5.285978645090017 
5 4 21.774068256552386 
5 6 3.3323192986188435 
5 7 17.603717313223523 
5 8 5.111514672083081 
6 0 377.02405864135085 
6 1 596.6545365796555 
6 2 223.4643643566231 
6 3 31.170113368646305 
6 4 232.85536410733792 
6 5 119.96349475027839 
6 7 295.912999972511 
6 8 45.78365686963498 
7 0 42.18236874261393 
7 1 52.24673851979217 
7 2 35.363594498156786 
7 3 3.487388100917102 
7 4 22.751535474440402 
7 5 15.843345581901167 
7 6 7.397824999312775 
7 8 7.2453372189431855 
8 0 408.47257597634365 
8 1 323.3445977932589 
8 2 473.4147359142147 
8 3 33.770090288262566 
8 4 178.75692665919044 
8 5 184.0145281949909 
8 6 45.78365686963498 
8 7 289.81348875772744 
P 
0 1.0 4.021434116410949 4.021434116410949 
1 1.0 44.64888934838424 44.64888934838424 
2 1.0 48.165710325740825 48.165710325740825 
3 0.0 -2.6495983379720482 -2.6495983379720482 
4 0.0 -49.65924338959437 -49.65924338959437 
5 0.0 -49.797589319775945 -49.797589319775945 
6 0.0 -4.309476867055611 -4.309476867055611 
7 0.0 -49.677824503190315 -49.677824503190315 
8 0.0 -6.3982148434502015 -6.3982148434502015 
Alfa 
0 1.0575296108291032 
1 3.90625 
2 8.305647840531561 
3 250.0 
4 5.0 
5 6.944444444444445 
6 250.0 
7 6.25 
8 250.0 
Gamma 
0 1 0.06735149627162551 
0 2 0.06991692442529285 
0 3 -0.037806822993971645 
0 4 -0.01399107644867903 
0 5 -0.006697659840397829 
0 6 0.06735149627162551 
0 7 0.07759264697822177 
0 8 0.06991692442529285 
1 0 0.06735149627162551 
1 2 -0.00286580615887444 
1 3 0.06735149627162551 
1 4 0.033927622417080805 
1 5 0.05603387407194549 
1 6 -0.05103231381995599 
1 7 -0.02853535721689915 
1 8 -0.00286580615887444 
2 0 0.06991692442529285 
2 1 -0.00286580615887444 
2 3 0.06991692442529285 
2 4 0.062013410339938124 
2 5 0.014454040359088705 
2 6 -0.00286580615887444 
2 7 -0.03165383218832707 
2 8 -0.06601312836723805 
3 0 -0.037806822993971645 
3 1 0.06735149627162551 
3 2 0.06991692442529285 
3 4 -0.01399107644867903 
3 5 -0.006697659840397829 
3 6 0.06735149627162551 
3 7 0.07759264697822177 
3 8 0.06991692442529285 
4 0 -0.01399107644867903 
4 1 0.03392762241708058 
4 2 0.062013410339938124 
4 3 -0.01399107644867903 
4 5 0.017595506817007056 
4 6 0.033927622417080805 
4 7 0.052954194587795156 
4 8 0.062013410339938124 
5 0 -0.006697659840398051 
5 1 0.05603387407194549 
5 2 0.014454040359088705 
5 3 -0.006697659840398051 
5 4 0.017595506817006834 
5 6 0.05603387407194549 
5 7 0.04349596830459501 
5 8 0.014454040359088705 
6 0 0.06735149627162551 
6 1 -0.05103231381995599 
6 2 -0.00286580615887444 
6 3 0.06735149627162551 
6 4 0.033927622417080805 
6 5 0.05603387407194549 
6 7 -0.02853535721689915 
6 8 -0.00286580615887444 
7 0 0.07759264697822155 
7 1 -0.02853535721689915 
7 2 -0.03165383218832707 
7 3 0.07759264697822155 
7 4 0.052954194587795156 
7 5 0.04349596830459501 
7 6 -0.02853535721689915 
7 8 -0.03165383218832707 
8 0 0.06991692442529285 
8 1 -0.00286580615887444 
8 2 -0.06601312836723805 
8 3 0.06991692442529285 
8 4 0.062013410339938124 
8 5 0.014454040359088705 
8 6 -0.00286580615887444 
8 7 -0.03165383218832707 
