12 24 12 
K 
0 3 134.92557115253808 
1 4 254.13587518077813 
2 5 350.097707534246 
3 0 127.58562008184002 
3 6 284.237568680743 
4 1 65.0587840462792 
4 9 264.38930494718585 
5 2 42.15176398712322 
5 11 284.0204715315627 
6 3 284.237568680743 
6 7 183.18665317640298 
6 8 170.70269809432696 
7 6 183.18665317640298 
7 9 96.40032235162168 
8 6 170.70269809432696 
8 11 93.08407851579038 
9 4 264.38930494718585 
9 7 96.40032235162168 
9 10 224.64997000345684 
10 9 224.64997000345684 
10 11 161.62245113806088 
11 5 284.0204715315627 
11 8 93.08407851579038 
11 10 161.62245113806088 
P 
0 1.0 5.661245644793789 5.661245644793789 
1 1.0 48.007462737669016 48.007462737669016 
2 1.0 53.22964296780048 53.22964296780048 
3 0.0 -0.0 -0.0 
4 0.0 -0.0 -0.0 
5 0.0 -0.0 -0.0 
6 0.0 -53.44512417011199 -53.44512417011199 
7 0.0 -48.256495542517165 -48.256495542517165 
8 0.0 -57.6762084980597 -57.6762084980597 
9 0.0 -46.169436944605266 -46.169436944605266 
10 0.0 -52.21341255782481 -52.21341255782481 
11 0.0 -40.69897505301668 -40.69897505301668 
Alfa 
0 1.0575296108291032 
1 3.90625 
2 8.305647840531561 
3 0.0 
4 0.0 
5 0.0 
6 0.0 
7 0.0 
8 0.0 
9 0.0 
10 0.0 
11 0.0 
Gamma 
6 7 0.11710874456686438 
6 8 0.18272156076209756 
7 6 0.11710874456686438 
7 9 0.19620081728811645 
8 6 0.18272156076209756 
8 11 0.22550963518842404 
9 7 0.19620081728811645 
9 10 0.11751164543144554 
10 9 0.11751164543144554 
10 11 0.11751164543144554 
11 8 0.22550963518842404 
11 10 0.11751164543144554 
