12 24 12 
K 
0 3 134.92557115253808 
1 4 254.13587518077813 
2 5 350.097707534246 
3 0 127.58562008184002 
3 6 1718.3453015699415 
4 1 65.0587840462792 
4 9 1598.3535253625284 
5 2 42.15176398712322 
5 11 1717.0328506226244 
6 3 1718.3453015699415 
6 7 1107.4465851118878 
6 8 1031.9754021157014 
7 6 1107.4465851118875 
7 9 582.7837669438932 
8 6 1031.9754021157012 
8 11 562.7355655727314 
9 4 1598.3535253625284 
9 7 582.7837669438932 
9 10 1358.111182293622 
10 9 1358.111182293622 
10 11 977.0811818800928 
11 5 1717.0328506226244 
11 8 562.7355655727314 
11 10 977.0811818800928 
P 
0 1.0 5.661245644793789 5.661245644793789 
1 1.0 48.007462737669016 48.007462737669016 
2 1.0 53.22964296780048 53.22964296780048 
3 0.0 -0.0 -0.0 
4 0.0 -0.0 -0.0 
5 0.0 -0.0 -0.0 
6 0.0 -323.10006884658526 -323.10006884658526 
7 0.0 -244.18016152315312 -244.18016152315312 
8 0.0 -314.4412488916924 -314.4412488916924 
9 0.0 -279.1152324378402 -279.1152324378402 
10 0.0 -277.6119812397438 -277.6119812397438 
11 0.0 -246.0438037296002 -246.0438037296002 
Alfa 
0 1.0575296108291032 
1 3.90625 
2 8.305647840531561 
3 0.0 
4 0.0 
5 0.0 
6 0.0 
7 0.0 
8 0.0 
9 0.0 
10 0.0 
11 0.0 
Gamma 
6 7 0.11710874456686438 
6 8 0.18272156076209756 
7 6 0.11710874456686438 
7 9 0.19620081728811645 
8 6 0.18272156076209756 
8 11 0.22550963518842404 
9 7 0.19620081728811645 
9 10 0.11751164543144554 
10 9 0.11751164543144554 
10 11 0.11751164543144554 
11 8 0.22550963518842404 
11 10 0.11751164543144554 
