3 6 6 
K 
0 1 72.6293155175006 
0 2 48.533095047314404 
1 0 268.27453419276776 
1 2 100.24073609790369 
2 0 381.1702215676122 
2 1 213.1364488460412 
P 
0 1.0 -29.332926686137373 -29.332926686137373 
1 1.0 7.8765962988093206 7.8765962988093206 
2 1.0 14.508930559793852 14.508930559793852 
Alfa 
0 1.0575296108291032 
1 3.90625 
2 8.305647840531561 
Gamma 
0 1 -0.25688969187851485 
0 2 -0.25739080066730313 
1 0 -0.25688969187851485 
1 2 -0.2634948416878098 
2 0 -0.25739080066730313 
2 1 -0.2634948416878098 
