9 72 72 
K 
0 1 13.332659580945784 
0 2 9.749951620104756 
0 3 3.5674151639403724 
0 4 14.367700831448925 
0 5 10.14025206416258 
0 6 1.8157079104795877 
0 7 8.232075232646276 
0 8 1.9463359957022677 
1 0 49.247511327118495 
1 2 26.840586096680408 
1 3 3.8234300493043145 
1 4 27.03949142571699 
1 5 14.701481818017227 
1 6 8.97394754709911 
1 7 32.89572109195469 
1 8 5.358057239791061 
2 0 76.574370863547 
2 1 57.06968472383876 
2 3 5.945006004903215 
2 4 31.838260589413878 
2 5 30.35955584821509 
2 6 7.772033582087412 
2 7 46.99815175967622 
2 8 14.78020044181233 
3 0 843.3369447555041 
3 1 244.69952315547624 
3 2 178.94468074758677 
3 4 263.696040609978 
3 5 186.10801766236193 
3 6 33.32439842077357 
3 7 151.08650091744522 
3 8 35.72186683063116 
4 0 67.93048953109052 
4 1 34.610549024917745 
4 2 19.166632874827148 
4 3 5.273920812199559 
4 5 16.103470085335246 
4 6 4.71343675048867 
4 7 19.128588561796846 
4 8 3.826142829648799 
5 0 66.58765522133426 
5 1 26.13596767647507 
5 2 25.38396197309095 
5 3 5.169667157287831 
5 4 22.365930674076733 
5 6 3.559326102200552 
5 7 18.42128166168026 
5 8 5.067278364734453 
6 0 429.2333500373747 
6 1 574.3326430143431 
6 2 233.93821082083107 
6 3 33.32439842077356 
6 4 235.6718375244335 
6 5 128.13573967921982 
6 7 286.7137888939292 
6 8 46.69996100820417 
7 0 48.651564624939496 
7 1 52.63315374712753 
7 2 35.366109199156355 
7 3 3.777162522936131 
7 4 23.91073570224607 
7 5 16.579153495512234 
7 6 7.167844722348227 
7 8 7.05996645360949 
8 0 460.113829384016 
8 1 342.91566334662804 
8 2 444.88403329855106 
8 3 35.72186683063116 
8 4 191.30714148243996 
8 5 182.42202113044033 
8 6 46.69996100820417 
8 7 282.3986581443796 
P 
0 1.0 4.069907214298535 4.069907214298535 
1 1.0 44.837300358718885 44.837300358718885 
2 1.0 48.58139758270884 48.58139758270884 
3 0.0 -2.2675023396378275 -2.2675023396378275 
4 0.0 -49.267383939383635 -49.267383939383635 
5 0.0 -49.36298431284969 -49.36298431284969 
6 0.0 -3.7628756969195765 -3.7628756969195765 
7 0.0 -49.38234300805554 -49.38234300805554 
8 0.0 -5.575531196748992 -5.575531196748992 
Alfa 
0 1.0575296108291032 
1 3.90625 
2 8.305647840531561 
3 250.0 
4 5.0 
5 6.944444444444445 
6 250.0 
7 6.25 
8 250.0 
Gamma 
0 1 0.05740333712921242 
0 2 0.058932482071091696 
0 3 -0.03463894125502054 
0 4 -0.013040744711648733 
0 5 -0.007126608171563742 
0 6 0.05740333712921242 
0 7 0.0652580391101305 
0 8 0.058932482071091474 
1 0 0.057403337129212195 
1 2 -0.005579139684100287 
1 3 0.05740333712921242 
1 4 0.0289645608641953 
1 5 0.045891114852193216 
1 6 -0.04812767108690541 
1 7 -0.028277669472973388 
1 8 -0.005579139684100287 
2 0 0.058932482071091696 
2 1 -0.005579139684100287 
2 3 0.058932482071091474 
2 4 0.05086029832281147 
2 5 0.011193511495059205 
2 6 -0.005579139684100287 
2 7 -0.03125584687237315 
2 8 -0.06282171331294695 
3 0 -0.03463894125502054 
3 1 0.05740333712921242 
3 2 0.058932482071091696 
3 4 -0.013040744711648733 
3 5 -0.007126608171563742 
3 6 0.05740333712921242 
3 7 0.0652580391101305 
3 8 0.058932482071091474 
4 0 -0.013040744711648733 
4 1 0.0289645608641953 
4 2 0.05086029832281147 
4 3 -0.013040744711648733 
4 5 0.01354847496540601 
4 6 0.0289645608641953 
4 7 0.04415832451350088 
4 8 0.05086029832281147 
5 0 -0.007126608171563742 
5 1 0.04589111485219299 
5 2 0.011193511495059205 
5 3 -0.007126608171563742 
5 4 0.01354847496540601 
5 6 0.04589111485219299 
5 7 0.035653600772128646 
5 8 0.011193511495059205 
6 0 0.057403337129212195 
6 1 -0.04812767108690541 
6 2 -0.005579139684100287 
6 3 0.05740333712921242 
6 4 0.0289645608641953 
6 5 0.045891114852193216 
6 7 -0.028277669472973388 
6 8 -0.005579139684100287 
7 0 0.06525803911013028 
7 1 -0.02827766947297361 
7 2 -0.03125584687237315 
7 3 0.0652580391101305 
7 4 0.04415832451350088 
7 5 0.035653600772128646 
7 6 -0.02827766947297361 
7 8 -0.03125584687237315 
8 0 0.058932482071091474 
8 1 -0.005579139684100287 
8 2 -0.06282171331294695 
8 3 0.058932482071091474 
8 4 0.05086029832281147 
8 5 0.011193511495059205 
8 6 -0.005579139684100287 
8 7 -0.03125584687237315 
