3 6 6 
K 
0 1 42.73887540713586 
0 2 29.134574038396558 
1 0 157.86672103510804 
1 2 64.88034414455026 
2 0 228.81771769690857 
2 1 137.95156230070495 
P 
0 1.0 -9.452837284480834 -9.452837284480834 
1 1.0 28.614600297678752 28.614600297678752 
2 1.0 33.401510450426166 33.401510450426166 
Alfa 
0 1.0575296108291032 
1 3.90625 
2 8.305647840531561 
Gamma 
0 1 -0.17196473256388933 
0 2 -0.17119480571872692 
1 0 -0.17196473256388956 
1 2 -0.18472385020953896 
2 0 -0.1711948057187267 
2 1 -0.18472385020953896 
