12 24 12 
K 
0 3 134.92557115253808 
1 4 254.13587518077813 
2 5 350.097707534246 
3 0 127.58562008184002 
3 6 361.7569055936729 
4 1 65.0587840462792 
4 9 336.49547902369113 
5 2 42.15176398712322 
5 11 361.4806001310798 
6 3 361.7569055936729 
6 7 233.14664949724016 
6 8 217.25797939277984 
7 6 233.14664949724016 
7 9 122.69131935660941 
8 6 217.2579793927798 
8 11 118.47064538373326 
9 4 336.49547902369113 
9 7 122.69131935660941 
9 10 285.9181436407634 
10 9 285.9181436407634 
10 11 205.70130144844117 
11 5 361.4806001310798 
11 8 118.47064538373323 
11 10 205.70130144844117 
P 
0 1.0 5.661245644793789 5.661245644793789 
1 1.0 48.007462737669016 48.007462737669016 
2 1.0 53.22964296780048 53.22964296780048 
3 0.0 -0.0 -0.0 
4 0.0 -0.0 -0.0 
5 0.0 -0.0 -0.0 
6 0.0 -68.02106712559707 -68.02106712559707 
7 0.0 -58.84696397390294 -58.84696397390294 
8 0.0 -71.55539987068855 -71.55539987068855 
9 0.0 -58.76110156586126 -58.76110156586126 
10 0.0 -64.39711897306371 -64.39711897306371 
11 0.0 -51.79869552202123 -51.79869552202123 
Alfa 
0 1.0575296108291032 
1 3.90625 
2 8.305647840531561 
3 0.0 
4 0.0 
5 0.0 
6 0.0 
7 0.0 
8 0.0 
9 0.0 
10 0.0 
11 0.0 
Gamma 
6 7 0.11710874456686438 
6 8 0.18272156076209756 
7 6 0.11710874456686438 
7 9 0.19620081728811645 
8 6 0.18272156076209756 
8 11 0.22550963518842404 
9 7 0.19620081728811645 
9 10 0.11751164543144554 
10 9 0.11751164543144554 
10 11 0.11751164543144554 
11 8 0.22550963518842404 
11 10 0.11751164543144554 
