3 6 6 
K 
0 1 46.958187960529415 
0 2 31.83596539623805 
1 0 173.45180677920555 
1 2 69.49089890708797 
2 0 250.03396078640114 
2 1 147.75473521772855 
P 
0 1.0 -11.477299441219635 -11.477299441219635 
1 1.0 26.608125347005704 26.608125347005704 
2 1.0 31.67239097897247 31.67239097897247 
Alfa 
0 1.0575296108291032 
1 3.90625 
2 8.305647840531561 
Gamma 
0 1 -0.18211750759409395 
0 2 -0.18172126263384092 
1 0 -0.18211750759409395 
1 2 -0.19343348179737485 
2 0 -0.18172126263384092 
2 1 -0.19343348179737485 
