3 6 6 
K 
0 1 146.10520331319944 
0 2 96.8710666033976 
1 0 539.6760947381305 
1 2 193.87852040473987 
2 0 760.8079782406372 
2 1 412.23339886722107 
P 
0 1.0 -126.1604228106734 -126.1604228106734 
1 1.0 -94.75682606069908 -94.75682606069908 
2 1.0 -81.0033990335946 -81.0033990335946 
Alfa 
0 1.0575296108291032 
1 3.90625 
2 8.305647840531561 
Gamma 
0 1 -0.5042991895983018 
0 2 -0.5052333651292127 
1 0 -0.5042991895983018 
1 2 -0.5077576816117171 
2 0 -0.5052333651292129 
2 1 -0.5077576816117173 
