12 24 12 
K 
0 3 134.92557115253808 
1 4 254.13587518077813 
2 5 350.097707534246 
3 0 127.58562008184002 
3 6 1149.8701642084577 
4 1 65.0587840462792 
4 9 1069.5749154681587 
5 2 42.15176398712322 
5 11 1148.991907559501 
6 3 1149.8701642084577 
6 7 741.0732787590832 
6 8 690.5700059270486 
7 6 741.0732787590832 
7 9 389.9831222406506 
8 6 690.5700059270487 
8 11 376.56740854115134 
9 4 1069.5749154681587 
9 7 389.9831222406506 
9 10 908.81124228671 
10 9 908.8112422867098 
10 11 653.8362796039723 
11 5 1148.991907559501 
11 8 376.56740854115134 
11 10 653.8362796039722 
P 
0 1.0 5.661245644793789 5.661245644793789 
1 1.0 48.007462737669016 48.007462737669016 
2 1.0 53.22964296780048 53.22964296780048 
3 0.0 -0.0 -0.0 
4 0.0 -0.0 -0.0 
5 0.0 -0.0 -0.0 
6 0.0 -216.20982050636172 -216.20982050636172 
7 0.0 -166.51672635965784 -166.51672635965784 
8 0.0 -212.6605121590813 -212.6605121590813 
9 0.0 -186.77635854863001 -186.77635854863001 
10 0.0 -188.2648008613255 -188.2648008613255 
11 0.0 -164.64585362356715 -164.64585362356715 
Alfa 
0 1.0575296108291032 
1 3.90625 
2 8.305647840531561 
3 0.0 
4 0.0 
5 0.0 
6 0.0 
7 0.0 
8 0.0 
9 0.0 
10 0.0 
11 0.0 
Gamma 
6 7 0.11710874456686438 
6 8 0.18272156076209756 
7 6 0.11710874456686438 
7 9 0.19620081728811645 
8 6 0.18272156076209756 
8 11 0.22550963518842404 
9 7 0.19620081728811645 
9 10 0.11751164543144554 
10 9 0.11751164543144554 
10 11 0.11751164543144554 
11 8 0.22550963518842404 
11 10 0.11751164543144554 
