3 6 6 
K 
0 1 115.99641385099646 
0 2 77.0372647416712 
1 0 428.4617536621181 
1 2 155.24161095606286 
2 0 605.0368566422283 
2 1 330.08183060425335 
P 
0 1.0 -78.56037717668131 -78.56037717668131 
1 1.0 -44.41171892955809 -44.41171892955809 
2 1.0 -34.15977037182688 -34.15977037182688 
Alfa 
0 1.0575296108291032 
1 3.90625 
2 8.305647840531561 
Gamma 
0 1 -0.3989991676527369 
0 2 -0.39984359496712685 
1 0 -0.39899916765273713 
1 2 -0.40316979616178106 
2 0 -0.39984359496712685 
2 1 -0.40316979616178106 
