3 6 6 
K 
0 1 63.184785158327806 
0 2 42.35739918961053 
1 0 233.3888001785734 
1 2 88.59067917968413 
2 0 332.66741423335316 
2 1 188.36556370431182 
P 
0 1.0 -21.724189403388785 -21.724189403388785 
1 1.0 15.94169583192477 15.94169583192477 
2 1.0 21.97708060734981 21.97708060734981 
Alfa 
0 1.0575296108291032 
1 3.90625 
2 8.305647840531561 
Gamma 
0 1 -0.22787100873813193 
0 2 -0.22818437100612154 
1 0 -0.22787100873813193 
1 2 -0.23563824872415706 
2 0 -0.22818437100612154 
2 1 -0.23563824872415684 
