9 72 72 
K 
0 1 19.933407045797427 
0 2 13.86346826326526 
0 3 3.6265402507480258 
0 4 16.539242725082104 
0 5 11.490330010165566 
0 6 2.5153553063394063 
0 7 11.671038297100973 
0 8 2.6328236180284312 
1 0 73.62902227541426 
1 2 32.93200414955465 
1 3 5.030885108915601 
1 4 31.455024899870313 
1 5 19.103602723777914 
1 6 8.364184753191424 
1 7 34.08342082114859 
1 8 6.254146268989719 
2 0 108.88119260584406 
2 1 70.021537062176 
2 3 7.439576862405521 
2 4 40.370171905276315 
2 5 32.76471176443493 
2 6 8.835872583283205 
2 7 48.04461226122066 
2 8 12.98492136123224 
3 0 857.3141152768335 
3 1 321.97664697059844 
3 2 223.93126355840621 
3 4 267.1520179074217 
3 5 185.5988753331932 
3 6 40.62956551351884 
3 7 188.51778669508863 
3 8 42.526985911147435 
4 0 78.19753960418817 
4 1 40.262431871833996 
4 2 24.302843486976332 
4 3 5.343040358148433 
4 5 17.825022135995635 
4 6 5.080632800116233 
4 7 22.246677132057012 
4 8 4.6153746741213615 
5 0 75.45316706675386 
5 1 33.9619603978274 
5 2 27.394939558596977 
5 3 5.155524314810919 
5 4 24.756975188882826 
5 6 4.285589367843386 
5 7 21.237667361165837 
5 8 5.202597395880479 
6 0 594.6299944186354 
6 1 535.307824204251 
6 2 265.9597647568245 
6 3 40.62956551351883 
6 4 254.03164000581168 
6 5 154.28121724236192 
6 7 275.2586372373307 
6 8 50.508656044784665 
7 0 68.97583633586675 
7 1 54.53347331383773 
7 2 36.15357072656854 
7 3 4.712944667377215 
7 4 27.80834641507127 
7 5 19.113900625049258 
7 6 6.881465930933266 
7 8 6.8659568498591454 
8 0 622.399503301921 
8 1 400.265361215342 
8 2 390.8461329730904 
8 3 42.52698591114744 
8 4 230.76873370606813 
8 5 187.29350625169732 
8 6 50.50865604478467 
8 7 274.6382739943658 
P 
0 1.0 4.425068762748133 4.425068762748133 
1 1.0 45.59033301792581 45.59033301792581 
2 1.0 49.89160247535137 49.89160247535137 
3 0.0 -1.3643280920761145 -1.3643280920761145 
4 0.0 -48.37428718475318 -48.37428718475318 
5 0.0 -48.42739242321201 -48.42739242321201 
6 0.0 -2.4632899877636594 -2.4632899877636594 
7 0.0 -48.64233914150694 -48.64233914150694 
8 0.0 -3.6237467719770495 -3.6237467719770495 
Alfa 
0 1.0575296108291032 
1 3.90625 
2 8.305647840531561 
3 250.0 
4 5.0 
5 6.944444444444445 
6 250.0 
7 6.25 
8 250.0 
Gamma 
0 1 0.033312879183534205 
0 2 0.033027031455382216 
0 3 -0.023292856636787818 
0 4 -0.00836963346994879 
0 5 -0.005794337090381463 
0 6 0.033312879183534205 
0 7 0.03662759099821322 
0 8 0.033027031455382216 
1 0 0.033312879183534205 
1 2 -0.008704873583871953 
1 3 0.033312879183534205 
1 4 0.016778001238547446 
1 5 0.0236810491520274 
1 6 -0.03647459238977646 
1 7 -0.023415625991025202 
1 8 -0.008704873583871953 
2 0 0.033027031455382216 
2 1 -0.008704873583871953 
2 3 0.033027031455382216 
2 4 0.026398665330207738 
2 5 0.004354733438629577 
2 6 -0.008704873583871953 
2 7 -0.025750334983153378 
2 8 -0.04883990602030819 
3 0 -0.023292856636787818 
3 1 0.033312879183534205 
3 2 0.033027031455382216 
3 4 -0.00836963346994879 
3 5 -0.005794337090381463 
3 6 0.033312879183534205 
3 7 0.03662759099821322 
3 8 0.033027031455382216 
4 0 -0.00836963346994879 
4 1 0.016778001238547446 
4 2 0.026398665330207738 
4 3 -0.00836963346994879 
4 5 0.005969176386954711 
4 6 0.016778001238547446 
4 7 0.023983968748195084 
4 8 0.026398665330207738 
5 0 -0.005794337090381463 
5 1 0.023681049152027178 
5 2 0.004354733438629577 
5 3 -0.005794337090381463 
5 4 0.005969176386954711 
5 6 0.023681049152027178 
5 7 0.018176656123171986 
5 8 0.004354733438629577 
6 0 0.033312879183534205 
6 1 -0.03647459238977646 
6 2 -0.008704873583871953 
6 3 0.033312879183534205 
6 4 0.016778001238547446 
6 5 0.0236810491520274 
6 7 -0.023415625991025202 
6 8 -0.008704873583871953 
7 0 0.03662759099821322 
7 1 -0.023415625991025202 
7 2 -0.025750334983153378 
7 3 0.03662759099821322 
7 4 0.023983968748195084 
7 5 0.018176656123171986 
7 6 -0.023415625991025202 
7 8 -0.025750334983153378 
8 0 0.033027031455382216 
8 1 -0.008704873583871953 
8 2 -0.04883990602030819 
8 3 0.033027031455382216 
8 4 0.026398665330207738 
8 5 0.004354733438629577 
8 6 -0.008704873583871953 
8 7 -0.025750334983153378 
