3 6 6 
K 
0 1 47.8331036617594 
0 2 32.39849101724494 
1 0 176.68352665062372 
1 2 70.47144969411248 
2 0 254.45193609557157 
2 1 149.8396272565847 
P 
0 1.0 -11.93207488394325 -11.93207488394325 
1 1.0 26.148498257483475 26.148498257483475 
2 1.0 31.26737298084213 31.26737298084213 
Alfa 
0 1.0575296108291032 
1 3.90625 
2 8.305647840531561 
Gamma 
0 1 -0.1843532159513206 
0 2 -0.1840195426374729 
1 0 -0.18435321595132081 
1 2 -0.19540203946091506 
2 0 -0.1840195426374729 
2 1 -0.19540203946091506 
