9 72 72 
K 
0 1 22.024240638925654 
0 2 15.166427361631946 
0 3 3.6992296857601037 
0 4 17.336070374118442 
0 5 12.00522002543273 
0 6 2.740367065966145 
0 7 12.764859772414306 
0 8 2.85428926741617 
1 0 81.35203886003168 
1 2 34.86211394801372 
1 3 5.425027727764276 
1 4 33.065176946969196 
1 5 20.51337847135185 
1 6 8.353388623758356 
1 7 34.843177881199125 
1 8 6.560975456420737 
2 0 119.1143996109566 
2 1 74.12542500574348 
2 3 7.943241862410312 
2 4 43.13126604417897 
2 5 33.91598250100223 
2 6 9.223059117755419 
2 7 49.01284491724499 
2 8 12.795373302045538 
3 0 874.4978977136886 
3 1 347.20177457691364 
3 2 239.09158005855036 
3 4 273.29497968915194 
3 5 189.25663614706443 
3 6 43.200595375532004 
3 7 201.2319987720538 
3 8 44.99652519466273 
4 0 81.96494072883203 
4 1 42.32342649212057 
4 2 25.96502215859574 
4 3 5.465899593783041 
4 5 18.558212245025356 
4 6 5.266094117808541 
4 7 23.392719366204265 
4 8 4.886561766219955 
5 0 78.83427816700825 
5 1 36.46822839351438 
5 2 28.35752981333797 
5 3 5.257128781862901 
5 4 25.775294784757435 
5 6 4.537560848617441 
5 7 22.295789585028384 
5 8 5.336826601722189 
6 0 647.8227743943966 
6 1 534.6168719205348 
6 2 277.614079444438 
6 3 43.200595375532 
6 4 263.30470589042704 
6 5 163.35219055022796 
6 7 277.46328770631015 
6 8 52.24637737998015 
7 0 75.44032125496855 
7 1 55.74908460991858 
7 2 36.88216580022686 
7 3 5.030799969301344 
7 4 29.240899207755316 
7 5 20.06621062652555 
7 6 6.9365821926577516 
7 8 6.941144904631228 
8 0 674.7539828171826 
8 1 419.90242921092727 
8 2 385.14073639157067 
8 3 44.99652519466272 
8 4 244.32808831099774 
8 5 192.1257576619988 
8 6 52.24637737998015 
8 7 277.64579618524914 
P 
0 1.0 4.556254674666389 4.556254674666389 
1 1.0 45.81215952968236 45.81215952968236 
2 1.0 50.22788080891933 50.22788080891933 
3 0.0 -1.1616445043747943 -1.1616445043747943 
4 0.0 -48.1892213327989 -48.1892213327989 
5 0.0 -48.242386850156244 -48.242386850156244 
6 0.0 -2.175154338673366 -2.175154338673366 
7 0.0 -48.474171359174136 -48.474171359174136 
8 0.0 -3.200163475714901 -3.200163475714901 
Alfa 
0 1.0575296108291032 
1 3.90625 
2 8.305647840531561 
3 250.0 
4 5.0 
5 6.944444444444445 
6 250.0 
7 6.25 
8 250.0 
Gamma 
0 1 0.02797440905112869 
0 2 0.02739395685708712 
0 3 -0.0199209330910064 
0 4 -0.006928327181811245 
0 5 -0.005089176928109396 
0 6 0.02797440905112869 
0 7 0.03047505547101159 
0 8 0.027393956857087343 
1 0 0.02797440905112869 
1 2 -0.008697916850883614 
1 3 0.02797440905112869 
1 4 0.01400854442911137 
1 5 0.019129226108625552 
1 6 -0.032705217878826964 
1 7 -0.021369779842588477 
1 8 -0.008697916850883614 
2 0 0.027393956857087343 
2 1 -0.008697916850883614 
2 3 0.027393956857087343 
2 4 0.02139211011690123 
2 5 0.0029476127500569493 
2 6 -0.008697916850883614 
2 7 -0.023539834876698862 
2 8 -0.04416509895147902 
3 0 -0.019920933091006177 
3 1 0.02797440905112869 
3 2 0.02739395685708712 
3 4 -0.006928327181811245 
3 5 -0.005089176928109396 
3 6 0.02797440905112869 
3 7 0.03047505547101159 
3 8 0.027393956857087343 
4 0 -0.006928327181811245 
4 1 0.01400854442911137 
4 2 0.02139211011690123 
4 3 -0.006928327181811467 
4 5 0.004631527312966677 
4 6 0.01400854442911137 
4 7 0.019686208900062896 
4 8 0.02139211011690123 
5 0 -0.005089176928109396 
5 1 0.019129226108625552 
5 2 0.0029476127500569493 
5 3 -0.005089176928109396 
5 4 0.004631527312966677 
5 6 0.019129226108625552 
5 7 0.014517601871550712 
5 8 0.0029476127500569493 
6 0 0.02797440905112869 
6 1 -0.032705217878826964 
6 2 -0.008697916850883614 
6 3 0.02797440905112869 
6 4 0.01400854442911137 
6 5 0.019129226108625552 
6 7 -0.021369779842588477 
6 8 -0.008697916850883614 
7 0 0.03047505547101159 
7 1 -0.021369779842588477 
7 2 -0.023539834876698862 
7 3 0.03047505547101159 
7 4 0.019686208900062896 
7 5 0.01451760187155049 
7 6 -0.021369779842588477 
7 8 -0.023539834876698862 
8 0 0.027393956857087343 
8 1 -0.008697916850883614 
8 2 -0.04416509895147902 
8 3 0.027393956857087343 
8 4 0.02139211011690123 
8 5 0.0029476127500569493 
8 6 -0.008697916850883614 
8 7 -0.023539834876698862 
