3 6 6 
K 
0 1 42.3277877743099 
0 2 28.872487779218385 
1 0 156.34826609135717 
1 2 64.44266132808364 
2 0 226.7593392361205 
2 1 137.02094102981243 
P 
0 1.0 -9.270833145732245 -9.270833145732245 
1 1.0 28.79079269521291 28.79079269521291 
2 1.0 33.54905286451397 33.54905286451397 
Alfa 
0 1.0575296108291032 
1 3.90625 
2 8.305647840531561 
Gamma 
0 1 -0.17104102966034973 
0 2 -0.1702269956941147 
1 0 -0.17104102966034973 
1 2 -0.18395456747052497 
2 0 -0.1702269956941147 
2 1 -0.18395456747052497 
