12 24 12 
K 
0 3 134.92557115253808 
1 4 254.13587518077813 
2 5 350.097707534246 
3 0 127.58562008184002 
3 6 1614.9861856860357 
4 1 65.0587840462792 
4 9 1502.2119599271884 
5 2 42.15176398712322 
5 11 1613.752679156602 
6 3 1614.9861856860357 
6 7 1040.8332566841052 
6 8 969.9016937177645 
7 6 1040.8332566841052 
7 9 547.7291042705763 
8 6 969.9016937177643 
8 11 528.8868097488075 
9 4 1502.2119599271884 
9 7 547.7291042705763 
9 10 1276.4202841105473 
10 9 1276.4202841105473 
10 11 918.3093814662527 
11 5 1613.752679156602 
11 8 528.8868097488075 
11 10 918.3093814662527 
P 
0 1.0 5.661245644793789 5.661245644793789 
1 1.0 48.007462737669016 48.007462737669016 
2 1.0 53.22964296780048 53.22964296780048 
3 0.0 -0.0 -0.0 
4 0.0 -0.0 -0.0 
5 0.0 -0.0 -0.0 
6 0.0 -303.66547823927186 -303.66547823927186 
7 0.0 -230.0595369479722 -230.0595369479722 
8 0.0 -295.9356603948539 -295.9356603948539 
9 0.0 -262.3263462761656 -262.3263462761656 
10 0.0 -261.36703935275864 -261.36703935275864 
11 0.0 -231.24417643759418 -231.24417643759418 
Alfa 
0 1.0575296108291032 
1 3.90625 
2 8.305647840531561 
3 0.0 
4 0.0 
5 0.0 
6 0.0 
7 0.0 
8 0.0 
9 0.0 
10 0.0 
11 0.0 
Gamma 
6 7 0.11710874456686438 
6 8 0.18272156076209756 
7 6 0.11710874456686438 
7 9 0.19620081728811645 
8 6 0.18272156076209756 
8 11 0.22550963518842404 
9 7 0.19620081728811645 
9 10 0.11751164543144554 
10 9 0.11751164543144554 
10 11 0.11751164543144554 
11 8 0.22550963518842404 
11 10 0.11751164543144554 
