12 24 12 
K 
0 3 134.92557115253808 
1 4 254.13587518077813 
2 5 350.097707534246 
3 0 127.58562008184002 
3 6 2545.218228641199 
4 1 65.0587840462792 
4 9 2367.486048845256 
5 2 42.15176398712322 
5 11 2543.2742223508117 
6 3 2545.218228641199 
6 7 1640.3532125341542 
6 8 1528.565069299201 
7 6 1640.3532125341542 
7 9 863.2210683304307 
8 6 1528.565069299201 
8 11 833.5256121641233 
9 4 2367.486048845256 
9 7 863.2210683304305 
9 10 2011.638367758228 
10 9 2011.6383677582276 
10 11 1447.2555851908185 
11 5 2543.2742223508117 
11 8 833.5256121641233 
11 10 1447.2555851908185 
P 
0 1.0 5.661245644793789 5.661245644793789 
1 1.0 48.007462737669016 48.007462737669016 
2 1.0 53.22964296780048 53.22964296780048 
3 0.0 -0.0 -0.0 
4 0.0 -0.0 -0.0 
5 0.0 -0.0 -0.0 
6 0.0 -478.57679370509385 -478.57679370509385 
7 0.0 -357.14515812460195 -357.14515812460195 
8 0.0 -462.4859568664009 -462.4859568664009 
9 0.0 -413.42632173123815 -413.42632173123815 
10 0.0 -407.5715163356262 -407.5715163356262 
11 0.0 -364.4408220656494 -364.4408220656494 
Alfa 
0 1.0575296108291032 
1 3.90625 
2 8.305647840531561 
3 0.0 
4 0.0 
5 0.0 
6 0.0 
7 0.0 
8 0.0 
9 0.0 
10 0.0 
11 0.0 
Gamma 
6 7 0.11710874456686438 
6 8 0.18272156076209756 
7 6 0.11710874456686438 
7 9 0.19620081728811645 
8 6 0.18272156076209756 
8 11 0.22550963518842404 
9 7 0.19620081728811645 
9 10 0.11751164543144554 
10 9 0.11751164543144554 
10 11 0.11751164543144554 
11 8 0.22550963518842404 
11 10 0.11751164543144554 
