3 6 6 
K 
0 1 95.12034970233046 
0 2 63.29917635841419 
1 0 351.3507917129832 
1 2 128.59360150224788 
2 0 497.1403751205688 
2 1 273.4216111675703 
P 
0 1.0 -51.98444790305005 -51.98444790305005 
1 1.0 -16.205169040866714 -16.205169040866714 
2 1.0 -7.8950071854554915 -7.8950071854554915 
Alfa 
0 1.0575296108291032 
1 3.90625 
2 8.305647840531561 
Gamma 
0 1 -0.3291542035325692 
0 2 -0.3298894150195608 
1 0 -0.3291542035325692 
1 2 -0.3341468368194651 
2 0 -0.3298894150195608 
2 1 -0.3341468368194651 
