3 6 6 
K 
0 1 29.32711638088285 
0 2 20.693723160586305 
1 0 108.32703613188608 
1 2 51.7564795632644 
2 0 162.52478920805999 
2 1 110.04699973584455 
P 
0 1.0 -4.911333890371912 -4.911333890371912 
1 1.0 32.50244234474499 32.50244234474499 
2 1.0 36.0513670798384 36.0513670798384 
Alfa 
0 1.0575296108291032 
1 3.90625 
2 8.305647840531561 
Gamma 
0 1 -0.15214351660098502 
0 2 -0.14856501664032473 
1 0 -0.15214351660098502 
1 2 -0.1703128505732665 
2 0 -0.14856501664032473 
2 1 -0.1703128505732665 
