3 6 6 
K 
0 1 41.50961529146079 
0 2 28.351502201371655 
1 0 153.32614148283332 
1 2 63.57816259629369 
2 0 222.66761197356342 
2 1 135.18280419145503 
P 
0 1.0 -8.916783301516542 -8.916783301516542 
1 1.0 29.130919748586724 29.130919748586724 
2 1.0 33.83106839778295 33.83106839778295 
Alfa 
0 1.0575296108291032 
1 3.90625 
2 8.305647840531561 
Gamma 
0 1 -0.16924311484157983 
0 2 -0.16833640142657913 
1 0 -0.16924311484157983 
1 2 -0.18247103116554686 
2 0 -0.16833640142657913 
2 1 -0.18247103116554686 
