12 24 12 
K 
0 3 134.92557115253808 
1 4 254.13587518077813 
2 5 350.097707534246 
3 0 127.58562008184002 
3 6 2286.820438931429 
4 1 65.0587840462792 
4 9 2127.1321352569016 
5 2 42.15176398712322 
5 11 2285.0737936857504 
6 3 2286.820438931429 
6 7 1473.8198914646946 
6 8 1373.380798304356 
7 6 1473.8198914646946 
7 9 775.584411647137 
8 6 1373.3807983043562 
8 11 748.9037226043125 
9 4 2127.1321352569016 
9 7 775.584411647137 
9 10 1807.4111223005368 
10 9 1807.4111223005368 
10 11 1300.3260841562155 
11 5 2285.0737936857504 
11 8 748.9037226043126 
11 10 1300.3260841562153 
P 
0 1.0 5.661245644793789 5.661245644793789 
1 1.0 48.007462737669016 48.007462737669016 
2 1.0 53.22964296780048 53.22964296780048 
3 0.0 -0.0 -0.0 
4 0.0 -0.0 -0.0 
5 0.0 -0.0 -0.0 
6 0.0 -429.9903171868095 -429.9903171868095 
7 0.0 -321.84359668664894 -321.84359668664894 
8 0.0 -416.22198562430407 -416.22198562430407 
9 0.0 -371.45410632705097 -371.45410632705097 
10 0.0 -366.9591616181627 -366.9591616181627 
11 0.0 -327.4417538356338 -327.4417538356338 
Alfa 
0 1.0575296108291032 
1 3.90625 
2 8.305647840531561 
3 0.0 
4 0.0 
5 0.0 
6 0.0 
7 0.0 
8 0.0 
9 0.0 
10 0.0 
11 0.0 
Gamma 
6 7 0.11710874456686438 
6 8 0.18272156076209756 
7 6 0.11710874456686438 
7 9 0.19620081728811645 
8 6 0.18272156076209756 
8 11 0.22550963518842404 
9 7 0.19620081728811645 
9 10 0.11751164543144554 
10 9 0.11751164543144554 
10 11 0.11751164543144554 
11 8 0.22550963518842404 
11 10 0.11751164543144554 
