12 24 12 
K 
0 3 134.92557115253808 
1 4 254.13587518077813 
2 5 350.097707534246 
3 0 127.58562008184002 
3 6 2390.179554815337 
4 1 65.0587840462792 
4 9 2223.273700692243 
5 2 42.15176398712322 
5 11 2388.353965151775 
6 3 2390.179554815337 
6 7 1540.4332198924783 
6 8 1435.4545067022939 
7 6 1540.4332198924783 
7 9 810.6390743204545 
8 6 1435.454506702294 
8 11 782.7524784282368 
9 4 2223.273700692243 
9 7 810.6390743204545 
9 10 1889.1020204836132 
10 9 1889.102020483613 
10 11 1359.0978845700565 
11 5 2388.353965151775 
11 8 782.752478428237 
11 10 1359.0978845700565 
P 
0 1.0 5.661245644793789 5.661245644793789 
1 1.0 48.007462737669016 48.007462737669016 
2 1.0 53.22964296780048 53.22964296780048 
3 0.0 -0.0 -0.0 
4 0.0 -0.0 -0.0 
5 0.0 -0.0 -0.0 
6 0.0 -449.42490779412316 -449.42490779412316 
7 0.0 -335.96422126183006 -335.96422126183006 
8 0.0 -434.7275741211428 -434.7275741211428 
9 0.0 -388.24299248872586 -388.24299248872586 
10 0.0 -383.20410350514805 -383.20410350514805 
11 0.0 -342.24138112764 -342.24138112764 
Alfa 
0 1.0575296108291032 
1 3.90625 
2 8.305647840531561 
3 0.0 
4 0.0 
5 0.0 
6 0.0 
7 0.0 
8 0.0 
9 0.0 
10 0.0 
11 0.0 
Gamma 
6 7 0.11710874456686438 
6 8 0.18272156076209756 
7 6 0.11710874456686438 
7 9 0.19620081728811645 
8 6 0.18272156076209756 
8 11 0.22550963518842404 
9 7 0.19620081728811645 
9 10 0.11751164543144554 
10 9 0.11751164543144554 
10 11 0.11751164543144554 
11 8 0.22550963518842404 
11 10 0.11751164543144554 
