3 6 6 
K 
0 1 82.62131548278472 
0 2 55.086109881143905 
1 0 305.18248406453597 
1 2 112.7646151626685 
2 0 432.63642444858544 
2 1 239.76529469803273 
P 
0 1.0 -38.62042707739567 -38.62042707739567 
1 1.0 -1.9964022021598693 -1.9964022021598693 
2 1.0 5.331920822236972 5.331920822236972 
Alfa 
0 1.0575296108291032 
1 3.90625 
2 8.305647840531561 
Gamma 
0 1 -0.2885531147999796 
0 2 -0.28918233009438477 
1 0 -0.2885531147999796 
1 2 -0.29429989835956794 
2 0 -0.28918233009438477 
2 1 -0.29429989835956794 
