9 72 72 
K 
0 1 22.387740977726846 
0 2 15.393711606216286 
0 3 3.7147754324965723 
0 4 17.48218953626421 
0 5 12.100479585558187 
0 6 2.779771757607298 
0 7 12.95580691885867 
0 8 2.893172478780684 
1 0 82.69471823647852 
1 2 35.20537896363447 
1 3 5.494532930699087 
1 4 33.35915644477512 
1 5 20.76189413337931 
1 6 8.360546904735562 
1 7 34.99935739150853 
1 8 6.616678038940296 
2 0 120.89944929267541 
2 1 74.85529081968792 
2 3 8.032991944447522 
2 4 43.620348158835846 
2 5 34.13771815343411 
2 6 9.294400160117313 
2 7 49.2181353735945 
2 8 12.779671299884859 
3 0 878.1729122421895 
3 1 351.6501075647415 
3 2 241.79305752787022 
3 4 274.5973270376254 
3 5 190.0654001705599 
3 6 43.66260260651311 
3 7 203.50025047803018 
3 8 45.44381741680656 
4 0 82.65579212745716 
4 1 42.69972024931212 
4 2 26.25944959161918 
4 3 5.491946540752509 
4 5 18.696188026323732 
4 6 5.301806757763469 
4 7 23.60202697531063 
4 8 4.935334558023149 
5 0 79.45981594516545 
5 1 36.91003401489656 
5 2 28.54292545606573 
5 3 5.279594449182221 
5 4 25.96692781433853 
5 6 4.58293090977828 
5 7 22.48992549447289 
5 8 5.364502629764137 
6 0 657.138043498365 
6 1 535.075001903076 
6 2 279.761444819531 
6 3 43.66260260651313 
6 4 265.09033788817345 
6 5 164.98551275201805 
6 7 278.12428327266963 
6 8 52.579789298439046 
7 0 76.56881889045472 
7 1 55.99897182641362 
7 2 37.03664686862984 
7 3 5.087506261950755 
7 4 29.50253371913829 
7 5 20.240932945025595 
7 6 6.953107081816745 
7 8 6.9608558460565115 
8 0 683.9459739837534 
8 1 423.46739449217904 
8 2 384.6681061265341 
8 3 45.44381741680657 
8 4 246.76672790115745 
8 5 193.12209467150888 
8 6 52.57978929843906 
8 7 278.4342338422605 
P 
0 1.0 4.578411392881708 4.578411392881708 
1 1.0 45.84802042409976 45.84802042409976 
2 1.0 50.28081046045946 50.28081046045946 
3 0.0 -1.130096356342433 -1.130096356342433 
4 0.0 -48.16110491009629 -48.16110491009629 
5 0.0 -48.21457176015937 -48.21457176015937 
6 0.0 -2.1306853031045074 -2.1306853031045074 
7 0.0 -48.44816233361897 -48.44816233361897 
8 0.0 -3.13529608043967 -3.13529608043967 
Alfa 
0 1.0575296108291032 
1 3.90625 
2 8.305647840531561 
3 250.0 
4 5.0 
5 6.944444444444445 
6 250.0 
7 6.25 
8 250.0 
Gamma 
0 1 0.02715017906832773 
0 2 0.02652720576542489 
0 3 -0.01936910638033429 
0 4 -0.006694401592050481 
0 5 -0.004968542017455668 
0 6 0.02715017906832773 
0 7 0.029530464337560458 
0 8 0.026527205765424666 
1 0 0.02715017906832773 
1 2 -0.008673638411657025 
1 3 0.02715017906832773 
1 4 0.013577793683149153 
1 5 0.018436560987635575 
1 6 -0.03207600396950294 
1 7 -0.021018476347148596 
1 8 -0.008673638411657025 
2 0 0.026527205765424666 
2 1 -0.008673638411656803 
2 3 0.026527205765424666 
2 4 0.020630814156163302 
2 5 0.0027314370271722677 
2 6 -0.008673638411656803 
2 7 -0.02316354409802268 
2 8 -0.04338080688361723 
3 0 -0.01936910638033429 
3 1 0.02715017906832773 
3 2 0.02652720576542489 
3 4 -0.006694401592050481 
3 5 -0.004968542017455668 
3 6 0.02715017906832773 
3 7 0.029530464337560458 
3 8 0.026527205765424666 
4 0 -0.006694401592050259 
4 1 0.013577793683149375 
4 2 0.020630814156163302 
4 3 -0.006694401592050481 
4 5 0.004433913229956898 
4 6 0.013577793683149153 
4 7 0.019027218598142825 
4 8 0.020630814156163302 
5 0 -0.004968542017455668 
5 1 0.018436560987635575 
5 2 0.0027314370271722677 
5 3 -0.004968542017455668 
5 4 0.004433913229956676 
5 6 0.018436560987635575 
5 7 0.013957815028444731 
5 8 0.0027314370271722677 
6 0 0.02715017906832773 
6 1 -0.03207600396950294 
6 2 -0.008673638411657025 
6 3 0.02715017906832773 
6 4 0.013577793683149153 
6 5 0.018436560987635575 
6 7 -0.021018476347148596 
6 8 -0.008673638411657025 
7 0 0.029530464337560458 
7 1 -0.021018476347148596 
7 2 -0.023163544098022903 
7 3 0.029530464337560458 
7 4 0.019027218598142825 
7 5 0.013957815028444731 
7 6 -0.021018476347148596 
7 8 -0.023163544098022903 
8 0 0.026527205765424666 
8 1 -0.008673638411656803 
8 2 -0.04338080688361723 
8 3 0.026527205765424666 
8 4 0.020630814156163302 
8 5 0.0027314370271722677 
8 6 -0.008673638411656803 
8 7 -0.02316354409802268 
