12 24 12 
K 
0 3 134.92557115253808 
1 4 254.13587518077813 
2 5 350.097707534246 
3 0 127.58562008184002 
3 6 180.8784527968364 
4 1 65.0587840462792 
4 9 168.2477395118455 
5 2 42.15176398712322 
5 11 180.74030006553986 
6 3 180.8784527968364 
6 7 116.57332474862004 
6 8 108.62898969638988 
7 6 116.57332474862004 
7 9 61.34565967830468 
8 6 108.62898969638988 
8 11 59.23532269186659 
9 4 168.2477395118455 
9 7 61.34565967830468 
9 10 142.9590718203816 
10 9 142.9590718203816 
10 11 102.85065072422054 
11 5 180.74030006553986 
11 8 59.23532269186659 
11 10 102.85065072422054 
P 
0 1.0 5.661245644793789 5.661245644793789 
1 1.0 48.007462737669016 48.007462737669016 
2 1.0 53.22964296780048 53.22964296780048 
3 0.0 -0.0 -0.0 
4 0.0 -0.0 -0.0 
5 0.0 -0.0 -0.0 
6 0.0 -34.010533562798535 -34.010533562798535 
7 0.0 -34.13587096733615 -34.13587096733615 
8 0.0 -39.17062000122124 -39.17062000122124 
9 0.0 -29.38055078293062 -29.38055078293062 
10 0.0 -35.9684706708396 -35.9684706708396 
11 0.0 -25.89934776101061 -25.89934776101061 
Alfa 
0 1.0575296108291032 
1 3.90625 
2 8.305647840531561 
3 0.0 
4 0.0 
5 0.0 
6 0.0 
7 0.0 
8 0.0 
9 0.0 
10 0.0 
11 0.0 
Gamma 
6 7 0.11710874456686438 
6 8 0.18272156076209756 
7 6 0.11710874456686438 
7 9 0.19620081728811645 
8 6 0.18272156076209756 
8 11 0.22550963518842404 
9 7 0.19620081728811645 
9 10 0.11751164543144554 
10 9 0.11751164543144554 
10 11 0.11751164543144554 
11 8 0.22550963518842404 
11 10 0.11751164543144554 
