12 24 12 
K 
0 3 134.92557115253808 
1 4 254.13587518077813 
2 5 350.097707534246 
3 0 127.58562008184002 
3 6 439.27624250660284 
4 1 65.0587840462792 
4 9 408.6016531001965 
5 2 42.15176398712322 
5 11 438.94072873059696 
6 3 439.27624250660284 
6 7 283.10664581807737 
6 8 263.81326069123264 
7 6 283.10664581807737 
7 9 148.98231636159719 
8 6 263.81326069123264 
8 11 143.8572122516761 
9 4 408.6016531001965 
9 7 148.98231636159719 
9 10 347.1863172780698 
10 9 347.1863172780697 
10 11 249.7801517588214 
11 5 438.94072873059696 
11 8 143.85721225167606 
11 10 249.7801517588214 
P 
0 1.0 5.661245644793789 5.661245644793789 
1 1.0 48.007462737669016 48.007462737669016 
2 1.0 53.22964296780048 53.22964296780048 
3 0.0 -0.0 -0.0 
4 0.0 -0.0 -0.0 
5 0.0 -0.0 -0.0 
6 0.0 -82.59701008108217 -82.59701008108217 
7 0.0 -69.43743240528872 -69.43743240528872 
8 0.0 -85.43459124331739 -85.43459124331739 
9 0.0 -71.35276618711725 -71.35276618711725 
10 0.0 -76.58082538830264 -76.58082538830264 
11 0.0 -62.89841599102579 -62.89841599102579 
Alfa 
0 1.0575296108291032 
1 3.90625 
2 8.305647840531561 
3 0.0 
4 0.0 
5 0.0 
6 0.0 
7 0.0 
8 0.0 
9 0.0 
10 0.0 
11 0.0 
Gamma 
6 7 0.11710874456686438 
6 8 0.18272156076209756 
7 6 0.11710874456686438 
7 9 0.19620081728811645 
8 6 0.18272156076209756 
8 11 0.22550963518842404 
9 7 0.19620081728811645 
9 10 0.11751164543144554 
10 9 0.11751164543144554 
10 11 0.11751164543144554 
11 8 0.22550963518842404 
11 10 0.11751164543144554 
