12 24 12 
K 
0 3 134.92557115253808 
1 4 254.13587518077813 
2 5 350.097707534246 
3 0 127.58562008184002 
3 6 503.87568993404454 
4 1 65.0587840462792 
4 9 468.69013149728414 
5 2 42.15176398712322 
5 11 503.49083589686126 
6 3 503.87568993404454 
6 7 324.73997608544175 
6 8 302.6093284399434 
7 6 324.7399760854418 
7 9 170.89148053242025 
8 6 302.6093284399433 
8 11 165.01268464162845 
9 4 468.69013149728414 
9 7 170.89148053242025 
9 10 398.24312864249185 
10 9 398.24312864249185 
10 11 286.51252701747165 
11 5 503.49083589686126 
11 8 165.01268464162845 
11 10 286.51252701747165 
P 
0 1.0 5.661245644793789 5.661245644793789 
1 1.0 48.007462737669016 48.007462737669016 
2 1.0 53.22964296780048 53.22964296780048 
3 0.0 -0.0 -0.0 
4 0.0 -0.0 -0.0 
5 0.0 -0.0 -0.0 
6 0.0 -94.7436292106531 -94.7436292106531 
7 0.0 -78.26282276477684 -78.26282276477684 
8 0.0 -97.00058405384141 -97.00058405384141 
9 0.0 -81.84582003816391 -81.84582003816391 
10 0.0 -86.7339140676684 -86.7339140676684 
11 0.0 -72.14818304852959 -72.14818304852959 
Alfa 
0 1.0575296108291032 
1 3.90625 
2 8.305647840531561 
3 0.0 
4 0.0 
5 0.0 
6 0.0 
7 0.0 
8 0.0 
9 0.0 
10 0.0 
11 0.0 
Gamma 
6 7 0.11710874456686438 
6 8 0.18272156076209756 
7 6 0.11710874456686438 
7 9 0.19620081728811645 
8 6 0.18272156076209756 
8 11 0.22550963518842404 
9 7 0.19620081728811645 
9 10 0.11751164543144554 
10 9 0.11751164543144554 
10 11 0.11751164543144554 
11 8 0.22550963518842404 
11 10 0.11751164543144554 
