9 72 72 
K 
0 1 20.522188537975047 
0 2 14.229728980644541 
0 3 3.64411372074762 
0 4 16.756287730970506 
0 5 11.629733523956622 
0 6 2.578447755498882 
0 7 11.978351914484627 
0 8 2.694831128810404 
1 0 75.80383391214535 
1 2 33.46887492831367 
1 3 5.140943477267625 
1 4 31.894780960743542 
1 5 19.497532246456913 
1 6 8.35204590234109 
1 7 34.273800128528215 
1 8 6.3383474222006155 
2 0 111.75773857223822 
2 1 71.16305632598251 
2 3 7.5793028860915586 
2 4 41.139449926466604 
2 5 33.06746072815749 
2 6 8.941065058370002 
2 7 48.280758570969915 
2 8 12.91395620101273 
3 0 861.4684835847374 
3 1 329.0203825451279 
3 2 228.13701687135588 
3 4 268.6438724153805 
3 5 186.4527930766035 
3 6 41.33876196084191 
3 7 192.04199015475825 
3 8 43.20466929026691 
4 0 79.22372839202858 
4 1 40.82531962975174 
4 2 24.765948855732898 
4 3 5.372877448307609 
4 5 18.021068783055615 
4 6 5.1293727066228625 
4 7 22.559573502715857 
4 8 4.690184191261554 
5 0 76.36858347398183 
5 1 34.662279549256716 
5 2 27.648071331042782 
5 3 5.1792442521278765 
5 4 25.029262198688365 
5 6 4.355036342194842 
5 7 21.52565080997953 
5 8 5.236001569377027 
6 0 609.5450493999358 
6 1 534.5309377498297 
6 2 269.12605825693714 
6 3 41.33876196084189 
6 4 256.4686353311431 
6 5 156.78130831901433 
6 7 275.59852997250596 
6 8 50.96718850733768 
7 0 70.79205981460416 
7 1 54.83808020564515 
7 2 36.331270824654865 
7 3 4.801049753868957 
7 4 28.199466878394816 
7 5 19.373085728981575 
7 6 6.889963249312647 
7 8 6.880428973784044 
8 0 637.0580788507797 
8 1 405.6542350208394 
8 2 388.7100816504832 
8 3 43.20466929026691 
8 4 234.5092095630778 
8 5 188.49605649757302 
8 6 50.96718850733768 
8 7 275.21715895136174 
P 
0 1.0 4.462410469919501 4.462410469919501 
1 1.0 45.65523558277134 45.65523558277134 
2 1.0 49.991644999741204 49.991644999741204 
3 0.0 -1.3034976857159246 -1.3034976857159246 
4 0.0 -48.31797161594763 -48.31797161594763 
5 0.0 -48.37075535441282 -48.37075535441282 
6 0.0 -2.376449332448302 -2.376449332448302 
7 0.0 -48.59173686321576 -48.59173686321576 
8 0.0 -3.4955290927597495 -3.4955290927597495 
Alfa 
0 1.0575296108291032 
1 3.90625 
2 8.305647840531561 
3 250.0 
4 5.0 
5 6.944444444444445 
6 250.0 
7 6.25 
8 250.0 
Gamma 
0 1 0.03170369770192738 
0 2 0.0313254665074052 
0 3 -0.022312860508717947 
0 4 -0.007949092372918853 
0 5 -0.00559605966675325 
0 6 0.03170369770192738 
0 7 0.034766606046286785 
0 8 0.0313254665074052 
1 0 0.03170369770192738 
1 2 -0.008730204794567431 
1 3 0.03170369770192738 
1 4 0.015946741104798434 
1 5 0.02229671331668226 
1 6 -0.03539253922661856 
1 7 -0.022840138876065952 
1 8 -0.008730204794567431 
2 0 0.0313254665074052 
2 1 -0.008730204794567431 
2 3 0.0313254665074052 
2 4 0.024875424110553546 
2 5 0.003928828650983984 
2 6 -0.008730204794567431 
2 7 -0.025124941766307973 
2 8 -0.04750239767843034 
3 0 -0.022312860508717947 
3 1 0.03170369770192738 
3 2 0.0313254665074052 
3 4 -0.007949092372918853 
3 5 -0.00559605966675325 
3 6 0.03170369770192738 
3 7 0.034766606046286785 
3 8 0.0313254665074052 
4 0 -0.007949092372918631 
4 1 0.015946741104798434 
4 2 0.024875424110553546 
4 3 -0.007949092372918853 
4 5 0.005554998202088157 
4 6 0.015946741104798434 
4 7 0.022682908072689578 
4 8 0.024875424110553546 
5 0 -0.00559605966675325 
5 1 0.02229671331668226 
5 2 0.003928828650983984 
5 3 -0.00559605966675325 
5 4 0.005554998202088157 
5 6 0.02229671331668226 
5 7 0.01706729515550709 
5 8 0.003928828650983984 
6 0 0.03170369770192738 
6 1 -0.03539253922661856 
6 2 -0.008730204794567431 
6 3 0.03170369770192738 
6 4 0.015946741104798434 
6 5 0.02229671331668226 
6 7 -0.022840138876065952 
6 8 -0.008730204794567431 
7 0 0.034766606046286785 
7 1 -0.022840138876065952 
7 2 -0.025124941766307973 
7 3 0.034766606046286785 
7 4 0.022682908072689578 
7 5 0.01706729515550709 
7 6 -0.022840138876065952 
7 8 -0.025124941766307973 
8 0 0.0313254665074052 
8 1 -0.008730204794567431 
8 2 -0.04750239767843034 
8 3 0.0313254665074052 
8 4 0.024875424110553546 
8 5 0.003928828650983984 
8 6 -0.008730204794567431 
8 7 -0.025124941766307973 
