3 6 6 
K 
0 1 60.24463694972123 
0 2 40.440430068020554 
1 0 222.52862773303286 
1 2 85.02116336078842 
2 0 317.6118826604673 
2 1 180.77589551795552 
P 
0 1.0 -19.594713121331004 -19.594713121331004 
1 1.0 18.188181239517952 18.188181239517952 
2 1.0 24.04669720197757 24.04669720197757 
Alfa 
0 1.0575296108291032 
1 3.90625 
2 8.305647840531561 
Gamma 
0 1 -0.219092482011505 
0 2 -0.2193256397731198 
1 0 -0.21909248201150477 
1 2 -0.22732416723346605 
2 0 -0.2193256397731198 
2 1 -0.22732416723346627 
