3 6 6 
K 
0 1 5.302468991533584 
0 2 4.636753818307618 
1 0 19.585994837477173 
1 2 19.13788077893411 
2 0 36.416232646110316 
2 1 40.69183952995957 
P 
0 1.0 0.633819471756979 0.633819471756979 
1 1.0 36.927016518604404 36.927016518604404 
2 1.0 36.6206716248896 36.6206716248896 
Alfa 
0 1.0575296108291032 
1 3.90625 
2 8.305647840531561 
Gamma 
0 1 -0.3519321028770046 
0 2 -0.30345147084910984 
1 0 -0.3519321028770046 
1 2 -0.2974467570141974 
2 0 -0.30345147084910984 
2 1 -0.2974467570141974 
