3 6 6 
K 
0 1 73.38576355860552 
0 2 49.02863067119552 
1 0 271.06866414459927 
1 2 101.18308539868207 
2 0 385.0620694574959 
2 1 215.1401151334105 
P 
0 1.0 -29.99200783698091 -29.99200783698091 
1 1.0 7.176488010242935 7.176488010242935 
2 1.0 13.858990921610761 13.858990921610761 
Alfa 
0 1.0575296108291032 
1 3.90625 
2 8.305647840531561 
Gamma 
0 1 -0.2592569253317927 
0 2 -0.25976971946384464 
1 0 -0.2592569253317927 
1 2 -0.26578607190039705 
2 0 -0.2597697194638444 
2 1 -0.26578607190039705 
