9 72 72 
K 
0 1 36.875222589765166 
0 2 24.654247757978666 
0 3 4.8322778654795595 
0 4 24.747524256629188 
0 5 16.967416802014633 
0 6 4.408095795388484 
0 7 20.748924390213237 
0 8 4.522866669386416 
1 0 136.20785344094506 
1 2 50.92851333403116 
1 3 8.463619397787355 
1 4 47.69610506463328 
1 5 31.490227412708236 
1 6 10.122414960361857 
1 7 45.630462859411274 
1 8 9.3429285590491 
2 0 193.63003886997203 
2 1 108.28653997933539 
2 3 12.031692090975833 
2 4 65.1945966653748 
2 5 46.68228398142338 
2 6 12.94466604013291 
2 7 63.908697721301266 
2 8 14.824150276152702 
3 0 1142.3504873993677 
3 1 541.6716414583906 
3 2 362.1539319383724 
3 4 363.5240995084942 
3 5 249.23967545098623 
3 6 64.75189348027516 
3 7 304.7874194002096 
3 8 66.4377986313217 
4 0 117.00629468534278 
4 1 61.05101448273063 
4 2 39.24714719255562 
4 3 7.270481990169885 
4 5 26.020953458447778 
4 6 7.298090732616241 
4 7 33.79540031933755 
4 8 7.19996065782483 
5 0 111.41937033322945 
5 1 55.98262651148137 
5 2 39.03157632891233 
5 3 6.923324318082952 
5 4 36.14021313673303 
5 6 6.692211279249564 
5 7 32.06807619596899 
5 8 7.160413790135568 
6 0 1042.0738460298373 
6 1 647.8345574631593 
6 2 389.6344478080006 
6 3 64.75189348027514 
6 4 364.904536630812 
6 5 240.91960605298425 
6 7 349.10110340035925 
6 8 71.47914933503816 
7 0 122.62614314616016 
7 1 73.00874057505804 
7 2 48.0912950352792 
7 3 7.619685485005239 
7 4 42.24425039917193 
7 5 28.861268576372076 
7 6 8.72752758500898 
7 8 8.822435692944696 
8 0 1069.2056806429487 
8 1 597.9474277791423 
8 2 446.20692331219624 
8 3 66.43779863132173 
8 4 359.99803289124145 
8 5 257.77489644488037 
8 6 71.47914933503814 
8 7 352.89742771778776 
P 
0 1.0 5.155052359548276 5.155052359548276 
1 1.0 46.61792993730801 46.61792993730801 
2 1.0 51.326252154391355 51.326252154391355 
3 0.0 -0.4620317335629218 -0.4620317335629218 
4 0.0 -47.62546486267242 -47.62546486267242 
5 0.0 -47.70972361917269 -47.70972361917269 
6 0.0 -1.270812633535617 -1.270812633535617 
7 0.0 -47.950610607075106 -47.950610607075106 
8 0.0 -1.9281398163852999 -1.9281398163852999 
Alfa 
0 1.0575296108291032 
1 3.90625 
2 8.305647840531561 
3 250.0 
4 5.0 
5 6.944444444444445 
6 250.0 
7 6.25 
8 250.0 
Gamma 
0 1 0.010469461441650951 
0 2 0.009141902642577193 
0 3 -0.006509108697054344 
0 4 -0.0015723408229719738 
0 5 -0.002085959415109251 
0 6 0.010469461441650951 
0 7 0.010703925090146837 
0 8 0.009141902642577193 
1 0 0.010469461441650951 
1 2 -0.006995618389721514 
1 3 0.010469461441650951 
1 4 0.004584156297252839 
1 5 0.004896003849936825 
1 6 -0.016410451590817 
1 7 -0.011892274028271865 
1 8 -0.006995618389721514 
2 0 0.009141902642577193 
2 1 -0.006995618389721514 
2 3 0.009141902642577193 
2 4 0.005805690776035766 
2 5 -0.0017772726114697601 
2 6 -0.006995618389721514 
2 7 -0.01362423374558519 
2 8 -0.02355702036547358 
3 0 -0.006509108697054344 
3 1 0.010469461441650951 
3 2 0.009141902642577193 
3 4 -0.0015723408229719738 
3 5 -0.002085959415109251 
3 6 0.010469461441650951 
3 7 0.010703925090146837 
3 8 0.009141902642577193 
4 0 -0.0015723408229719738 
4 1 0.004584156297252839 
4 2 0.005805690776035988 
4 3 -0.0015723408229719738 
4 5 0.0007490961682836694 
4 6 0.004584156297252839 
4 7 0.005880580633918164 
4 8 0.005805690776035766 
5 0 -0.002085959415109251 
5 1 0.004896003849937047 
5 2 -0.0017772726114697601 
5 3 -0.002085959415109251 
5 4 0.0007490961682836694 
5 6 0.004896003849936825 
5 7 0.0028105842527328395 
5 8 -0.0017772726114697601 
6 0 0.010469461441650951 
6 1 -0.016410451590817 
6 2 -0.006995618389721514 
6 3 0.010469461441650951 
6 4 0.004584156297252839 
6 5 0.004896003849936825 
6 7 -0.011892274028271865 
6 8 -0.006995618389721514 
7 0 0.010703925090146837 
7 1 -0.011892274028271865 
7 2 -0.01362423374558519 
7 3 0.010703925090146837 
7 4 0.005880580633918386 
7 5 0.0028105842527328395 
7 6 -0.011892274028271865 
7 8 -0.01362423374558519 
8 0 0.009141902642577193 
8 1 -0.006995618389721514 
8 2 -0.02355702036547358 
8 3 0.009141902642577193 
8 4 0.005805690776035766 
8 5 -0.0017772726114697601 
8 6 -0.006995618389721514 
8 7 -0.01362423374558519 
