9 72 72 
K 
0 1 29.921651675135905 
0 2 20.166689933205955 
0 3 4.20250138647357 
0 4 20.98069064270308 
0 5 14.42500099046912 
0 6 3.615108267264857 
0 7 16.970886018530564 
0 8 3.724665636332355 
1 0 110.52310087503322 
1 2 42.950027909023454 
1 3 6.999196187033522 
1 4 40.30941991351585 
1 5 26.170492307263114 
1 6 9.00441361906985 
1 7 39.68303125351239 
1 8 7.932610337249513 
2 0 158.3855647910262 
2 1 91.32231847765786 
2 3 10.030225648662773 
2 4 54.413728025755574 
2 5 39.96584561416076 
2 6 11.033484117078757 
2 7 55.62584552294884 
2 8 13.360675544210059 
3 0 993.471327762352 
3 1 447.9485559701452 
3 2 301.9097920247494 
3 4 314.09596564700655 
3 5 215.9525962571786 
3 6 54.12075996268249 
3 7 254.06631853320522 
3 8 55.76091224446494 
4 0 99.19670535870014 
4 1 51.596057489300286 
4 2 32.75706427150485 
4 3 6.281919312940133 
4 5 22.161131278408376 
4 6 6.233791369974405 
4 7 28.54720585915827 
4 8 6.050031613681301 
5 0 94.7241731707472 
5 1 46.52531965735663 
5 2 33.415887582951086 
5 3 5.998683229366074 
5 4 30.77934899778941 
5 6 5.621149178412998 
5 7 27.11921395645393 
5 8 6.171712293886433 
6 0 854.6115943814119 
6 1 576.2824716204703 
6 2 332.10787192407065 
6 3 54.12075996268249 
6 4 311.68956849872006 
6 5 202.361370422868 
6 7 306.8460651298336 
6 8 61.338314924664736 
7 0 100.29793636951563 
7 1 63.49285000561981 
7 2 41.858448756018994 
7 3 6.3516579633301316 
7 4 35.684007323947846 
7 5 24.40729256080854 
7 6 7.671151628245842 
7 8 7.731002270977921 
8 0 880.5109564289689 
8 1 507.68706158396907 
8 2 402.1563338807227 
8 3 55.76091224446497 
8 4 302.50158068406506 
8 5 222.18164257991154 
8 6 61.338314924664736 
8 7 309.2400908391168 
P 
0 1.0 4.950443779760531 4.950443779760531 
1 1.0 46.38655775281441 46.38655775281441 
2 1.0 51.032316471193695 51.032316471193695 
3 0.0 -0.6738857028119118 -0.6738857028119118 
4 0.0 -47.77988970228925 -47.77988970228925 
5 0.0 -47.847793332669625 -47.847793332669625 
6 0.0 -1.514289889418563 -1.514289889418563 
7 0.0 -48.08851182034221 -48.08851182034221 
8 0.0 -2.2561420016343203 -2.2561420016343203 
Alfa 
0 1.0575296108291032 
1 3.90625 
2 8.305647840531561 
3 250.0 
4 5.0 
5 6.944444444444445 
6 250.0 
7 6.25 
8 250.0 
Gamma 
0 1 0.015546157130343241 
0 2 0.014402461038482972 
0 3 -0.010711347369780855 
0 4 -0.003151287690474236 
0 5 -0.0030004174233622116 
0 6 0.015546157130343241 
0 7 0.016374576462566903 
0 8 0.014402461038483194 
1 0 0.015546157130343463 
1 2 -0.007702858104505328 
1 3 0.015546157130343463 
1 4 0.007396200381935891 
1 5 0.008936749443532621 
1 6 -0.021750643542807424 
1 7 -0.015037710368002166 
1 8 -0.007702858104505328 
2 0 0.014402461038482972 
2 1 -0.007702858104505106 
2 3 0.014402461038482972 
2 4 0.010213522663843566 
2 5 -0.00034202091604940144 
2 6 -0.007702858104505106 
2 7 -0.016868381816872446 
2 8 -0.030379851922805345 
3 0 -0.010711347369780855 
3 1 0.015546157130343241 
3 2 0.014402461038482972 
3 4 -0.003151287690474236 
3 5 -0.0030004174233622116 
3 6 0.015546157130343241 
3 7 0.016374576462566903 
3 8 0.014402461038483194 
4 0 -0.003151287690474236 
4 1 0.007396200381935891 
4 2 0.010213522663843344 
4 3 -0.003151287690474236 
4 5 0.0018457606282700212 
4 6 0.007396200381935891 
4 7 0.00985602307136424 
4 8 0.010213522663843566 
5 0 -0.0030004174233624337 
5 1 0.008936749443532621 
5 2 -0.00034202091604940144 
5 3 -0.0030004174233622116 
5 4 0.0018457606282700212 
5 6 0.008936749443532621 
5 7 0.006186072068734116 
5 8 -0.00034202091604940144 
6 0 0.015546157130343463 
6 1 -0.021750643542807424 
6 2 -0.007702858104505328 
6 3 0.015546157130343463 
6 4 0.007396200381935891 
6 5 0.008936749443532621 
6 7 -0.015037710368002166 
6 8 -0.007702858104505328 
7 0 0.016374576462566903 
7 1 -0.015037710368002166 
7 2 -0.016868381816872446 
7 3 0.016374576462566903 
7 4 0.00985602307136424 
7 5 0.006186072068734116 
7 6 -0.015037710368002166 
7 8 -0.016868381816872446 
8 0 0.014402461038482972 
8 1 -0.007702858104505106 
8 2 -0.030379851922805345 
8 3 0.014402461038482972 
8 4 0.010213522663843566 
8 5 -0.00034202091604940144 
8 6 -0.007702858104505106 
8 7 -0.016868381816872446 
