9 72 72 
K 
0 1 27.96833543041537 
0 2 18.918195817818106 
0 3 4.050194356700025 
0 4 19.997759819108786 
0 5 13.766127528269639 
0 6 3.3954638976008775 
0 7 15.92005366068146 
0 8 3.5048252979780736 
1 0 103.30803899609674 
1 2 40.83086751188297 
1 3 6.59853347896193 
1 4 38.36984032933293 
1 5 24.72373846229172 
1 6 8.761309002380123 
1 7 38.237884601232324 
1 8 7.564413582147988 
2 0 148.58011599110299 
2 1 86.81646248373792 
2 3 9.49017016683844 
2 4 51.50344601767493 
2 5 38.262218671875495 
2 6 10.539853714725528 
2 7 53.625283775213475 
2 8 13.073405262558541 
3 0 957.4659459238857 
3 1 422.3061426535635 
3 2 285.654122021837 
3 4 301.9549315665094 
3 5 207.8607870748869 
3 6 51.269596100305506 
3 7 240.38386084889288 
3 8 52.92089176870132 
4 0 94.54940842474632 
4 1 49.11339562154614 
4 2 31.005074502640298 
4 3 6.039098631330188 
4 5 21.167790288297237 
4 6 5.962555838778861 
4 7 27.168026944236896 
4 8 5.7440662169381005 
5 0 90.39757076897058 
5 1 43.953312821851945 
5 2 31.99146616731811 
5 3 5.773910752080191 
5 4 29.399708733746156 
5 6 5.336101865549584 
5 7 25.82269851307868 
5 8 5.926807240097477 
6 0 802.687665392847 
6 1 560.7237761523277 
6 2 317.24959681323827 
6 3 51.26959610030551 
6 4 298.127791938943 
6 5 192.09966715978507 
6 7 297.1025161099412 
6 8 58.77433680209264 
7 0 94.08751713462742 
7 1 61.180615361971704 
7 2 40.353026040848135 
7 3 6.009596521222323 
7 4 33.96003368029613 
7 5 23.240428661770814 
7 6 7.42756290274853 
7 8 7.4758876522848094 
8 0 828.5407004420166 
8 1 484.1224692574714 
8 2 393.5094984030122 
8 3 52.92089176870134 
8 4 287.203310846905 
8 5 213.36506064350917 
8 6 58.77433680209266 
8 7 299.0355060913925 
P 
0 1.0 4.871247193862085 4.871247193862085 
1 1.0 46.28252196135438 46.28252196135438 
2 1.0 50.89351195604136 50.89351195604136 
3 0.0 -0.761904125821884 -0.761904125821884 
4 0.0 -47.84916252303095 -47.84916252303095 
5 0.0 -47.91255833394799 -47.91255833394799 
6 0.0 -1.6271184061333297 -1.6271184061333297 
7 0.0 -48.153886825068945 -48.153886825068945 
8 0.0 -2.413442783307396 -2.413442783307396 
Alfa 
0 1.0575296108291032 
1 3.90625 
2 8.305647840531561 
3 250.0 
4 5.0 
5 6.944444444444445 
6 250.0 
7 6.25 
8 250.0 
Gamma 
0 1 0.017726640969647933 
0 2 0.01667008116009283 
0 3 -0.012458762801963008 
0 4 -0.0038421376229929027 
0 5 -0.0033993953620163886 
0 6 0.017726640969647933 
0 7 0.018826649852015542 
0 8 0.01667008116009283 
1 0 0.017726640969648155 
1 2 -0.007968353622719748 
1 3 0.017726640969647933 
1 4 0.008578060292151912 
1 5 0.01068950955712844 
1 6 -0.02390446621534248 
1 7 -0.016306010877987553 
1 8 -0.007968353622719748 
2 0 0.01667008116009283 
2 1 -0.007968353622719748 
2 3 0.01667008116009283 
2 4 0.012131217797804572 
2 5 0.00024697029532871895 
2 6 -0.007968353622719748 
2 7 -0.018188145846009807 
2 8 -0.033111167052142454 
3 0 -0.012458762801963008 
3 1 0.017726640969647933 
3 2 0.01667008116009283 
3 4 -0.0038421376229929027 
3 5 -0.0033993953620163886 
3 6 0.017726640969647933 
3 7 0.018826649852015542 
3 8 0.01667008116009283 
4 0 -0.0038421376229929027 
4 1 0.00857806029215169 
4 2 0.012131217797804572 
4 3 -0.0038421376229929027 
4 5 0.0023118835740936206 
4 6 0.00857806029215169 
4 7 0.011566787939092382 
4 8 0.012131217797804572 
5 0 -0.0033993953620163886 
5 1 0.01068950955712844 
5 2 0.00024697029532871895 
5 3 -0.0033993953620163886 
5 4 0.0023118835740936206 
5 6 0.01068950955712844 
5 7 0.007634942975078607 
5 8 0.00024697029532871895 
6 0 0.017726640969648155 
6 1 -0.02390446621534248 
6 2 -0.007968353622719748 
6 3 0.017726640969647933 
6 4 0.008578060292151912 
6 5 0.01068950955712844 
6 7 -0.016306010877987553 
6 8 -0.007968353622719748 
7 0 0.018826649852015542 
7 1 -0.016306010877987553 
7 2 -0.018188145846009807 
7 3 0.018826649852015542 
7 4 0.011566787939092382 
7 5 0.007634942975078607 
7 6 -0.016306010877987553 
7 8 -0.018188145846009807 
8 0 0.01667008116009283 
8 1 -0.007968353622719748 
8 2 -0.033111167052142454 
8 3 0.01667008116009283 
8 4 0.012131217797804572 
8 5 0.00024697029532871895 
8 6 -0.007968353622719748 
8 7 -0.018188145846009807 
