3 6 6 
K 
0 1 25.827894208705242 
0 2 18.512193152779393 
1 0 95.40178423340495 
1 2 48.56463546731986 
2 0 145.39144389757638 
2 1 103.260354482009 
P 
0 1.0 -4.134448412548215 -4.134448412548215 
1 1.0 32.95638253916007 32.95638253916007 
2 1.0 36.027286525824834 36.027286525824834 
Alfa 
0 1.0575296108291032 
1 3.90625 
2 8.305647840531561 
Gamma 
0 1 -0.1524803050143011 
0 2 -0.14734915392068393 
1 0 -0.1524803050143011 
1 2 -0.171274154288523 
2 0 -0.14734915392068393 
2 1 -0.171274154288523 
