12 24 12 
K 
0 3 134.92557115253808 
1 4 254.13587518077813 
2 5 350.097707534246 
3 0 127.58562008184002 
3 6 206.71823176781308 
4 1 65.0587840462792 
4 9 192.2831308706806 
5 2 42.15176398712322 
5 11 206.56034293204556 
6 3 206.71823176781308 
6 7 133.22665685556578 
6 8 124.14741679587416 
7 6 133.22665685556578 
7 9 70.10932534663394 
8 6 124.14741679587416 
8 11 67.69751164784755 
9 4 192.2831308706806 
9 7 70.10932534663394 
9 10 163.3817963661504 
10 9 163.38179636615044 
10 11 117.54360082768062 
11 5 206.56034293204556 
11 8 67.69751164784755 
11 10 117.54360082768062 
P 
0 1.0 5.661245644793789 5.661245644793789 
1 1.0 48.007462737669016 48.007462737669016 
2 1.0 53.22964296780048 53.22964296780048 
3 0.0 -0.0 -0.0 
4 0.0 -0.0 -0.0 
5 0.0 -0.0 -0.0 
6 0.0 -38.86918121462689 -38.86918121462689 
7 0.0 -37.66602711113141 -37.66602711113141 
8 0.0 -43.797017125430855 -43.797017125430855 
9 0.0 -33.57777232334928 -33.57777232334928 
10 0.0 -40.02970614258591 -40.02970614258591 
11 0.0 -29.59925458401213 -29.59925458401213 
Alfa 
0 1.0575296108291032 
1 3.90625 
2 8.305647840531561 
3 0.0 
4 0.0 
5 0.0 
6 0.0 
7 0.0 
8 0.0 
9 0.0 
10 0.0 
11 0.0 
Gamma 
6 7 0.11710874456686438 
6 8 0.18272156076209756 
7 6 0.11710874456686438 
7 9 0.19620081728811667 
8 6 0.18272156076209756 
8 11 0.22550963518842404 
9 7 0.19620081728811667 
9 10 0.11751164543144554 
10 9 0.11751164543144554 
10 11 0.11751164543144554 
11 8 0.22550963518842404 
11 10 0.11751164543144554 
