9 72 72 
K 
0 1 30.28479646223034 
0 2 20.39951550435662 
0 3 4.232326546921911 
0 4 21.167995502225576 
0 5 14.550857743841949 
0 6 3.656130607516552 
0 7 17.16687184324351 
0 8 3.765800039559344 
1 0 111.86446693236329 
1 2 43.351228611925926 
1 3 7.074330255158531 
1 4 40.67824738997999 
1 5 26.442295686470096 
1 6 9.053987535175416 
1 7 39.96544515483091 
1 8 8.002741946830644 
2 0 160.21413505747196 
2 1 92.17536980608836 
2 3 10.13197250228191 
2 4 54.96184392575911 
2 5 40.29380817601063 
2 6 11.127867120635676 
2 7 56.01773495140544 
2 8 13.421780142039951 
3 0 1000.5219956923394 
3 1 452.75713633014595 
3 2 304.9723723186855 
3 4 316.4611338032169 
3 5 217.53504902915353 
3 6 54.65908367496035 
3 7 256.64441051096117 
3 8 56.29863961705075 
4 0 100.08228273452256 
4 1 52.06815665917438 
4 2 33.08703004330699 
4 3 6.329222676064341 
4 5 22.351374976779077 
4 6 6.2859257276498965 
4 7 28.809401495220587 
4 8 6.107945996039792 
5 0 95.55063251789547 
5 1 47.00852566483574 
5 2 33.690100724942226 
5 3 6.042640250809821 
5 4 31.043576356637605 
5 6 5.675102017336652 
5 7 27.365965776412345 
5 8 6.219274306571188 
6 0 864.3092756169126 
6 1 579.4552022512266 
6 2 334.94880033113384 
6 3 54.65908367496035 
6 4 314.2962863824947 
6 5 204.30367262411946 
6 7 308.78889337008883 
6 8 61.83236093366819 
7 0 101.45621259356912 
7 1 63.94471224772944 
7 2 42.15334555093259 
7 3 6.416110262774029 
7 4 36.01175186902574 
7 5 24.6293691987711 
7 6 7.7197223342522205 
7 8 7.781609828398089 
8 0 890.235129351829 
8 1 512.1754845971612 
8 2 403.99558227540246 
8 3 56.29863961705075 
8 4 305.39729980198956 
8 5 223.89387503656275 
8 6 61.83236093366819 
8 7 311.26439313592357 
P 
0 1.0 4.963932774062355 4.963932774062355 
1 1.0 46.403599013700095 46.403599013700095 
2 1.0 51.054725877245446 51.054725877245446 
3 0.0 -0.659267245920638 -0.659267245920638 
4 0.0 -47.768632376861305 -47.768632376861305 
5 0.0 -47.837390372515195 -47.837390372515195 
6 0.0 -1.4960342055542866 -1.4960342055542866 
7 0.0 -48.077984876407385 -48.077984876407385 
8 0.0 -2.230920052298716 -2.230920052298716 
Alfa 
0 1.0575296108291032 
1 3.90625 
2 8.305647840531561 
3 250.0 
4 5.0 
5 6.944444444444445 
6 250.0 
7 6.25 
8 250.0 
Gamma 
0 1 0.015187595916568819 
0 2 0.014030034662211532 
0 3 -0.01041956394235899 
0 4 -0.0030375210149695686 
0 5 -0.0029343632637297556 
0 6 0.015187595916568819 
0 7 0.015972257914663945 
0 8 0.014030034662211532 
1 0 0.015187595916568819 
1 2 -0.007656232298482335 
1 3 0.015187595916568819 
1 4 0.0072006449079886625 
1 5 0.008649703702825473 
1 6 -0.02138738682864405 
1 7 -0.01482342602287412 
1 8 -0.007656232298482335 
2 0 0.014030034662211532 
2 1 -0.007656232298482335 
2 3 0.014030034662211532 
2 4 0.00989973104796027 
2 5 -0.0004399610179013358 
2 6 -0.007656232298482335 
2 7 -0.016646100698762822 
2 8 -0.029918153039214967 
3 0 -0.01041956394235899 
3 1 0.015187595916568819 
3 2 0.014030034662211532 
3 4 -0.0030375210149695686 
3 5 -0.0029343632637297556 
3 6 0.015187595916568819 
3 7 0.015972257914663945 
3 8 0.014030034662211532 
4 0 -0.0030375210149695686 
4 1 0.0072006449079886625 
4 2 0.00989973104796027 
4 3 -0.0030375210149695686 
4 5 0.0017693832421386002 
4 6 0.0072006449079886625 
4 7 0.009575058547940163 
4 8 0.00989973104796027 
5 0 -0.0029343632637297556 
5 1 0.008649703702825695 
5 2 -0.0004399610179013358 
5 3 -0.0029343632637297556 
5 4 0.0017693832421386002 
5 6 0.008649703702825473 
5 7 0.005948017532791949 
5 8 -0.0004399610179013358 
6 0 0.015187595916568819 
6 1 -0.02138738682864405 
6 2 -0.007656232298482335 
6 3 0.015187595916568819 
6 4 0.0072006449079886625 
6 5 0.008649703702825473 
6 7 -0.01482342602287412 
6 8 -0.007656232298482335 
7 0 0.015972257914663945 
7 1 -0.01482342602287412 
7 2 -0.016646100698762822 
7 3 0.015972257914663945 
7 4 0.009575058547940163 
7 5 0.005948017532791949 
7 6 -0.01482342602287412 
7 8 -0.016646100698762822 
8 0 0.014030034662211532 
8 1 -0.007656232298482335 
8 2 -0.029918153039214967 
8 3 0.014030034662211532 
8 4 0.00989973104796027 
8 5 -0.0004399610179013358 
8 6 -0.007656232298482335 
8 7 -0.016646100698762822 
