3 6 6 
K 
0 1 37.45665974296834 
0 2 25.783801966397114 
1 0 138.3555369255893 
1 2 59.43232858905233 
2 0 202.50135497861388 
2 1 126.36774185047675 
P 
0 1.0 -7.324896572807049 -7.324896572807049 
1 1.0 30.60379936833198 30.60379936833198 
2 1.0 34.989479613251696 34.989479613251696 
Alfa 
0 1.0575296108291032 
1 3.90625 
2 8.305647840531561 
Gamma 
0 1 -0.161269174943377 
0 2 -0.15978696221606659 
1 0 -0.161269174943377 
1 2 -0.1761734341605672 
2 0 -0.15978696221606659 
2 1 -0.1761734341605672 
