9 72 72 
K 
0 1 15.638688794168695 
0 2 11.194895262025298 
0 3 3.562829774382498 
0 4 15.094034089131812 
0 5 10.582448519872225 
0 6 2.0596436848202937 
0 7 9.43705172292812 
0 8 2.186014109033147 
1 0 57.76540673346064 
1 2 29.047595119257736 
1 3 4.243572064343714 
1 4 28.51231851632366 
1 5 16.259275319706067 
1 6 8.667214798218733 
1 7 33.168704000305404 
1 8 5.672089937239135 
2 0 87.92269900142131 
2 1 61.76232849277391 
2 3 6.458992161618599 
2 4 34.85368851790686 
2 5 31.02617177742549 
2 6 8.134210707445712 
2 7 47.09674102326152 
2 8 13.941970953969307 
3 0 842.2529586640227 
3 1 271.58861211799757 
3 2 194.4156640647198 
3 4 262.12988975505493 
3 5 183.7796342231665 
3 6 35.7687129132284 
3 7 163.88815032060032 
3 8 37.96331941614243 
4 0 71.36459317341522 
4 1 36.49576770089429 
4 2 20.981920487779927 
4 3 5.242597795101099 
4 5 16.62152642370167 
4 6 4.806558814306983 
4 7 20.160471397148605 
4 8 4.097115082129019 
5 0 69.49141194716097 
5 1 28.905378346144115 
5 2 25.941326958347425 
5 3 5.1049898395324025 
5 4 23.085453366252313 
5 6 3.8068907663266582 
5 7 19.341199640129947 
5 8 5.065532585226723 
6 0 486.8997670915175 
6 1 554.7017470859988 
6 2 244.8397422941159 
6 3 35.76871291322839 
6 4 240.32794071534903 
6 5 137.04806758775965 
6 7 279.5762233094671 
6 8 47.809570217466096 
7 0 55.7729756825052 
7 1 53.06992640048863 
7 2 35.44029762000429 
7 3 4.0972037580150085 
7 4 25.200589246435744 
7 5 17.407079676116958 
7 6 6.989405582736677 
7 8 6.920385480377186 
8 0 516.773735375436 
8 1 363.01375598330463 
8 2 419.653325714476 
8 3 37.96331941614244 
8 4 204.855754106451 
8 5 182.35917306816202 
8 6 47.809570217466096 
8 7 276.81541921508745 
P 
0 1.0 4.169543141731098 4.169543141731098 
1 1.0 45.09036708119782 45.09036708119782 
2 1.0 49.06210934820587 49.06210934820587 
3 0.0 -1.9030806039621242 -1.9030806039621242 
4 0.0 -48.89699735589505 -48.89699735589505 
5 0.0 -48.966332557403554 -48.966332557403554 
6 0.0 -3.238278220903018 -3.238278220903018 
7 0.0 -49.0885718268241 -49.0885718268241 
8 0.0 -4.783122012593246 -4.783122012593246 
Alfa 
0 1.0575296108291032 
1 3.90625 
2 8.305647840531561 
3 250.0 
4 5.0 
5 6.944444444444445 
6 250.0 
7 6.25 
8 250.0 
Gamma 
0 1 0.04769974479408212 
0 2 0.04839194525316581 
0 3 -0.030762341623254752 
0 4 -0.011543941119869894 
0 5 -0.006975159576971812 
0 6 0.04769974479408212 
0 7 0.05353707007321651 
0 8 0.04839194525316581 
1 0 0.04769974479408212 
1 2 -0.007443620212910673 
1 3 0.04769974479408212 
1 4 0.02410133567761985 
1 5 0.036582219310370645 
1 6 -0.044340970054836504 
1 7 -0.027105595922807257 
1 8 -0.007443620212910673 
2 0 0.04839194525316581 
2 1 -0.007443620212910673 
2 3 0.04839194525316581 
2 4 0.0406078723553982 
2 5 0.008301138533046037 
2 6 -0.007443620212910673 
2 7 -0.029862210131295086 
2 8 -0.05840294966271187 
3 0 -0.030762341623254752 
3 1 0.04769974479408212 
3 2 0.04839194525316581 
3 4 -0.011543941119869894 
3 5 -0.006975159576971812 
3 6 0.04769974479408212 
3 7 0.05353707007321651 
3 8 0.04839194525316581 
4 0 -0.011543941119869894 
4 1 0.02410133567761985 
4 2 0.0406078723553982 
4 3 -0.011543941119869894 
4 5 0.010155513632927882 
4 6 0.02410133567761985 
4 7 0.03586020713971938 
4 8 0.0406078723553982 
5 0 -0.006975159576971812 
5 1 0.036582219310370645 
5 2 0.008301138533046037 
5 3 -0.006975159576971812 
5 4 0.010155513632927882 
5 6 0.036582219310370645 
5 7 0.02839185436839875 
5 8 0.008301138533046037 
6 0 0.04769974479408212 
6 1 -0.044340970054836504 
6 2 -0.007443620212910673 
6 3 0.04769974479408212 
6 4 0.02410133567761985 
6 5 0.036582219310370645 
6 7 -0.027105595922807257 
6 8 -0.007443620212910673 
7 0 0.053537070073216286 
7 1 -0.027105595922807257 
7 2 -0.029862210131295086 
7 3 0.05353707007321651 
7 4 0.0358602071397196 
7 5 0.02839185436839875 
7 6 -0.027105595922807257 
7 8 -0.029862210131295086 
8 0 0.04839194525316581 
8 1 -0.007443620212910673 
8 2 -0.05840294966271187 
8 3 0.04839194525316581 
8 4 0.0406078723553982 
8 5 0.008301138533046037 
8 6 -0.007443620212910673 
8 7 -0.029862210131295086 
