12 24 12 
K 
0 3 134.92557115253808 
1 4 254.13587518077813 
2 5 350.097707534246 
3 0 127.58562008184002 
3 6 1537.466848773106 
4 1 65.0587840462792 
4 9 1430.1057858506836 
5 2 42.15176398712322 
5 11 1536.2925505570852 
6 3 1537.466848773106 
6 7 990.8732603632682 
6 8 923.346412419312 
7 6 990.8732603632678 
7 9 521.4381072655885 
8 6 923.3464124193117 
8 11 503.50024288086496 
9 4 1430.1057858506836 
9 7 521.4381072655885 
9 10 1215.152110473241 
10 9 1215.152110473241 
10 11 874.2305311558725 
11 5 1536.2925505570852 
11 8 503.50024288086496 
11 10 874.2305311558725 
P 
0 1.0 5.661245644793789 5.661245644793789 
1 1.0 48.007462737669016 48.007462737669016 
2 1.0 53.22964296780048 53.22964296780048 
3 0.0 -0.0 -0.0 
4 0.0 -0.0 -0.0 
5 0.0 -0.0 -0.0 
6 0.0 -289.08953528378686 -289.08953528378686 
7 0.0 -219.46906851658642 -219.46906851658642 
8 0.0 -282.0564690222252 -282.0564690222252 
9 0.0 -249.73468165490968 -249.73468165490968 
10 0.0 -249.1833329375198 -249.1833329375198 
11 0.0 -220.14445596858968 -220.14445596858968 
Alfa 
0 1.0575296108291032 
1 3.90625 
2 8.305647840531561 
3 0.0 
4 0.0 
5 0.0 
6 0.0 
7 0.0 
8 0.0 
9 0.0 
10 0.0 
11 0.0 
Gamma 
6 7 0.11710874456686438 
6 8 0.18272156076209756 
7 6 0.11710874456686438 
7 9 0.19620081728811645 
8 6 0.18272156076209756 
8 11 0.22550963518842404 
9 7 0.19620081728811645 
9 10 0.11751164543144554 
10 9 0.11751164543144554 
10 11 0.11751164543144554 
11 8 0.22550963518842404 
11 10 0.11751164543144554 
