9 72 72 
K 
0 1 37.3233684585807 
0 2 24.94512321380501 
0 3 4.8760782198930634 
0 4 25.000252035014185 
0 5 17.13858075260631 
0 6 4.459618257771828 
0 7 20.99382988726881 
0 8 4.574897400003454 
1 0 137.86319224388248 
1 2 51.45944946476054 
1 3 8.559429092586646 
1 4 48.19005493234277 
1 5 31.83954965156099 
1 6 10.203658395981414 
1 7 46.04349181308243 
1 8 9.437584234166307 
2 0 195.91452251639552 
2 1 109.41544072241443 
2 3 12.163627117530845 
2 4 65.90540083861053 
2 5 47.13903211450895 
2 6 13.073608232047176 
2 7 64.4852462137106 
2 8 14.934337959033172 
3 0 1152.70489118272 
3 1 547.8034619255451 
3 2 366.1251762376782 
3 4 366.9343143288389 
3 5 251.54679913703765 
3 6 65.45481882710742 
3 7 308.13115659923363 
3 8 67.14679669004795 
4 0 118.20119162154712 
4 1 61.68327031339872 
4 2 39.675051304843535 
4 3 7.33868628657678 
4 5 26.281607845320586 
4 6 7.3702843513167915 
4 7 34.14618365322028 
4 8 7.276343656586245 
5 0 112.54334694211475 
5 1 56.60364382499731 
5 2 39.413468517964425 
5 3 6.987411087139936 
5 4 36.50223311850082 
5 6 6.763340338332654 
5 7 32.39934767027242 
5 8 7.228369774023233 
6 0 1054.25375613726 
6 1 653.0341373428104 
6 2 393.51560778462 
6 3 65.45481882710746 
6 4 368.51421756583966 
6 5 243.48025217997565 
6 7 352.0992325764988 
6 8 72.17015989395182 
7 0 124.07353463375863 
7 1 73.66958690093189 
7 2 48.525147775817196 
7 3 7.703278914980841 
7 4 42.68272956652537 
7 5 29.159412903245176 
7 6 8.80248081441247 
7 8 8.899437797585728 
8 0 1081.505745360817 
8 1 604.0053909866436 
8 2 449.5235725668985 
8 3 67.14679669004798 
8 4 363.81718282931234 
8 5 260.2213118648364 
8 6 72.17015989395183 
8 7 355.9775119034293 
P 
0 1.0 5.165079058882306 5.165079058882306 
1 1.0 46.62742940642481 46.62742940642481 
2 1.0 51.33766734918474 51.33766734918474 
3 0.0 -0.452134786261138 -0.452134786261138 
4 0.0 -47.61880760227456 -47.61880760227456 
5 0.0 -47.704095238162445 -47.704095238162445 
6 0.0 -1.2609656467809722 -1.2609656467809722 
7 0.0 -47.94523712501384 -47.94523712501384 
8 0.0 -1.9154615632563121 -1.9154615632563121 
Alfa 
0 1.0575296108291032 
1 3.90625 
2 8.305647840531561 
3 250.0 
4 5.0 
5 6.944444444444445 
6 250.0 
7 6.25 
8 250.0 
Gamma 
0 1 0.01023920149773283 
0 2 0.008903962177036151 
0 3 -0.006317659378916485 
0 4 -0.0015043892068140607 
0 5 -0.002047384864245494 
0 6 0.01023920149773283 
0 7 0.010448150993319194 
0 8 0.008903962177036151 
1 0 0.01023920149773283 
1 2 -0.006962952590579885 
1 3 0.01023920149773283 
1 4 0.004453762334961198 
1 5 0.0047135204744162 
1 6 -0.016161044375144318 
1 7 -0.011746360473644746 
1 8 -0.006962952590579885 
2 0 0.008903962177036151 
2 1 -0.006962952590579885 
2 3 0.008903962177036151 
2 4 0.00560724486837505 
2 5 -0.0018459482871506783 
2 6 -0.006962952590579885 
2 7 -0.013474663254736452 
2 8 -0.023236159398663414 
3 0 -0.006317659378916485 
3 1 0.01023920149773283 
3 2 0.008903962177036151 
3 4 -0.0015043892068140607 
3 5 -0.002047384864245494 
3 6 0.01023920149773283 
3 7 0.010448150993319194 
3 8 0.008903962177036151 
4 0 -0.0015043892068140607 
4 1 0.004453762334961198 
4 2 0.005607244868374828 
4 3 -0.0015043892068140607 
4 5 0.0006973265110852278 
4 6 0.004453762334961198 
4 7 0.0057000335525823065 
4 8 0.00560724486837505 
5 0 -0.002047384864245494 
5 1 0.004713520474416422 
5 2 -0.0018459482871504562 
5 3 -0.002047384864245494 
5 4 0.0006973265110852278 
5 6 0.004713520474416422 
5 7 0.0026566745375817824 
5 8 -0.0018459482871504562 
6 0 0.01023920149773283 
6 1 -0.016161044375144318 
6 2 -0.006962952590579885 
6 3 0.01023920149773283 
6 4 0.004453762334961198 
6 5 0.0047135204744162 
6 7 -0.011746360473644746 
6 8 -0.006962952590579885 
7 0 0.010448150993319194 
7 1 -0.011746360473644968 
7 2 -0.013474663254736452 
7 3 0.010448150993319194 
7 4 0.0057000335525823065 
7 5 0.0026566745375817824 
7 6 -0.011746360473644746 
7 8 -0.013474663254736452 
8 0 0.008903962177036151 
8 1 -0.006962952590579885 
8 2 -0.023236159398663414 
8 3 0.008903962177036151 
8 4 0.00560724486837505 
8 5 -0.0018459482871506783 
8 6 -0.006962952590579885 
8 7 -0.013474663254736452 
