3 6 6 
K 
0 1 18.927007133849024 
0 2 14.151108521232741 
1 0 69.91163260065481 
1 2 41.71117151223395 
2 0 111.14026758868502 
2 1 88.68820520873665 
P 
0 1.0 -2.8284334948756005 -2.8284334948756005 
1 1.0 33.564513759153996 33.564513759153996 
2 1.0 35.46464669671891 35.46464669671891 
Alfa 
0 1.0575296108291032 
1 3.90625 
2 8.305647840531561 
Gamma 
0 1 -0.16562349200872917 
0 2 -0.15531503870824648 
1 0 -0.16562349200872917 
1 2 -0.18125193854218957 
2 0 -0.15531503870824648 
2 1 -0.18125193854218957 
