9 72 72 
K 
0 1 33.71450063220278 
0 2 22.60764919834129 
0 3 4.532688696902132 
0 4 22.99415742836834 
0 5 15.78154553404316 
0 6 4.04593188401139 
0 7 19.025810422718102 
0 8 4.157625930013704 
1 0 124.53293671019894 
1 2 47.23340249345816 
1 3 7.792074664387798 
1 4 44.264531781951874 
1 5 29.045596440293888 
1 6 9.576021609727222 
1 7 42.80406979440371 
1 8 8.686388277113913 
2 0 177.5564209464412 
2 1 100.42982589971172 
2 3 11.109774857199131 
2 4 60.22847965750066 
2 5 43.53023664549854 
2 6 12.052150472169346 
2 7 59.966638672115586 
2 8 14.092758071403466 
3 0 1071.5276079476637 
3 1 498.6927785208193 
3 2 334.4042232016938 
3 4 340.1213140539678 
3 5 233.43495066355965 
3 6 59.84597057968599 
3 7 281.42295111596735 
3 8 61.4981087724707 
4 0 108.7163763213255 
4 1 56.65860068089844 
4 2 36.257544753815395 
4 3 6.802426281079357 
4 5 24.21716394631622 
4 6 6.799354423163493 
4 7 31.357952607727228 
4 8 6.66788956713621 
5 0 103.6321490068834 
5 1 51.6366158938558 
5 2 36.39611452859739 
5 3 6.484304185098878 
5 4 33.634949925439194 
5 6 6.196687677700611 
5 7 29.76756326835501 
5 8 6.693373034421792 
6 0 956.4582973802923 
6 1 612.8653830225423 
6 2 362.76972921229725 
6 3 59.84597057968599 
6 4 339.9677211581745 
6 5 223.08075639722205 
6 7 328.75084132782405 
6 8 66.7146247522169 
7 0 112.44253959826393 
7 1 68.48651167104595 
7 2 45.12489560076696 
7 3 7.035573777899179 
7 4 39.197440759659024 
7 5 26.790806941519506 
7 6 8.218771033195601 
7 8 8.298626468986217 
8 0 982.8627698552392 
8 1 555.9288497352907 
8 2 424.19201794924425 
8 3 61.49810877247068 
8 4 333.39447835681057 
8 5 240.9614292391845 
8 6 66.71462475221692 
8 7 331.94505875944867 
P 
0 1.0 5.074742344262016 5.074742344262016 
1 1.0 46.53480916961938 46.53480916961938 
2 1.0 51.22362840700934 51.22362840700934 
3 0.0 -0.5428198041483306 -0.5428198041483306 
4 0.0 -47.68190947011302 -47.68190947011302 
5 0.0 -47.75879118822297 -47.75879118822297 
6 0.0 -1.3573262205731347 -1.3573262205731347 
7 0.0 -47.99877802313242 -47.99877802313242 
8 0.0 -2.042116856478039 -2.042116856478039 
Alfa 
0 1.0575296108291032 
1 3.90625 
2 8.305647840531561 
3 250.0 
4 5.0 
5 6.944444444444445 
6 250.0 
7 6.25 
8 250.0 
Gamma 
0 1 0.012373185351642446 
0 2 0.011111384139095515 
0 3 -0.008096329749328168 
0 4 -0.002151531452694755 
0 5 -0.0024192352223515456 
0 6 0.012373185351642446 
0 7 0.012823650014620602 
0 8 0.011111384139095515 
1 0 0.012373185351642446 
1 2 -0.007268408139678995 
1 3 0.012373185351642446 
1 4 0.005651104035897081 
1 5 0.00640633816771663 
1 6 -0.018456186407119768 
1 7 -0.013094231989931648 
1 8 -0.007268408139678995 
2 0 0.011111384139095515 
2 1 -0.007268408139678995 
2 3 0.011111384139095515 
2 4 0.0074505267789972685 
2 5 -0.0012241651381401653 
2 6 -0.007268408139678995 
2 7 -0.014859324027110654 
2 8 -0.026180486020988658 
3 0 -0.008096329749328168 
3 1 0.012373185351642446 
3 2 0.011111384139095515 
3 4 -0.002151531452694755 
3 5 -0.0024192352223515456 
3 6 0.012373185351642446 
3 7 0.012823650014620602 
3 8 0.011111384139095515 
4 0 -0.002151531452694977 
4 1 0.005651104035897081 
4 2 0.0074505267789972685 
4 3 -0.002151531452694755 
4 5 0.0011671898224063781 
4 6 0.005651104035897081 
4 7 0.007371576998873364 
4 8 0.0074505267789972685 
5 0 -0.0024192352223515456 
5 1 0.00640633816771663 
5 2 -0.0012241651381401653 
5 3 -0.0024192352223515456 
5 4 0.0011671898224063781 
5 6 0.00640633816771663 
5 7 0.004078969296446688 
5 8 -0.0012241651381401653 
6 0 0.012373185351642446 
6 1 -0.018456186407119768 
6 2 -0.007268408139678995 
6 3 0.012373185351642446 
6 4 0.005651104035897081 
6 5 0.00640633816771663 
6 7 -0.013094231989931648 
6 8 -0.007268408139678995 
7 0 0.012823650014620602 
7 1 -0.013094231989931648 
7 2 -0.014859324027110654 
7 3 0.012823650014620602 
7 4 0.007371576998873364 
7 5 0.004078969296446688 
7 6 -0.013094231989931648 
7 8 -0.014859324027110654 
8 0 0.011111384139095515 
8 1 -0.007268408139678995 
8 2 -0.026180486020988658 
8 3 0.011111384139095515 
8 4 0.0074505267789972685 
8 5 -0.0012241651381401653 
8 6 -0.007268408139678995 
8 7 -0.014859324027110654 
