9 72 72 
K 
0 1 19.32675762631837 
0 2 13.486481481599224 
0 3 3.6107878844652923 
0 4 16.321276049222188 
0 5 11.351055687681843 
0 6 2.450550025933857 
0 7 11.354874606450414 
0 8 2.5691947987791823 
1 0 71.38821098221347 
1 2 32.382807830593684 
1 3 4.918181089892977 
1 4 31.012567694482847 
1 5 18.699729770243888 
1 6 8.384234001537457 
1 7 33.90582139368385 
1 8 6.168973098116136 
2 0 105.92040605481915 
2 1 68.85381066970085 
2 3 7.297223602120937 
2 4 39.583170398553456 
2 5 32.47014418835284 
2 6 8.73036806197182 
2 7 47.830548882575165 
2 8 13.072921340307865 
3 0 853.5902558875952 
3 1 314.7635897531506 
3 2 219.64643042384014 
3 4 265.81507037732365 
3 5 184.8680003560054 
3 6 39.91067399646141 
3 7 184.93019685082422 
3 8 41.84297197050889 
4 0 77.1669931607225 
4 1 39.696086648938056 
4 2 23.829068579929178 
4 3 5.316301407546473 
4 5 17.631435891861468 
4 6 5.033293636101673 
4 7 21.932005663514243 
4 8 4.5394730374142656 
5 0 74.53859901577742 
5 1 33.24396403598912 
5 2 27.148648335261676 
5 3 5.135222232111261 
5 4 24.48810540536314 
5 6 4.21519214478068 
5 7 20.948848183087225 
5 8 5.1718579224689245 
6 0 579.3100261307635 
6 1 536.5909760983973 
6 2 262.7840786653517 
6 3 39.9106739964614 
6 4 251.66468180508352 
6 5 151.74691721210448 
6 7 275.14322053054144 
6 8 50.06075817700547 
7 0 67.10730892412195 
7 1 54.24931422989416 
7 2 35.992488034137814 
7 3 4.623254921270607 
7 4 27.415007079392804 
7 5 18.853963364778508 
7 6 6.878580513263537 
7 8 6.856622550410647 
8 0 607.3576504313986 
8 1 394.8142782794327 
8 2 393.4949323432667 
8 3 41.842971970508906 
8 4 226.97365187071327 
8 5 186.1868852088813 
8 6 50.06075817700547 
8 7 274.26490201642576 
P 
0 1.0 4.386605872584678 4.386605872584678 
1 1.0 45.52183408536043 45.52183408536043 
2 1.0 49.78441054362897 49.78441054362897 
3 0.0 -1.4301808942260383 -1.4301808942260383 
4 0.0 -48.43595329435613 -48.43595329435613 
5 0.0 -48.489737127801185 -48.489737127801185 
6 0.0 -2.557557257583188 -2.557557257583188 
7 0.0 -48.6971670255354 -48.6971670255354 
8 0.0 -3.7634120308898114 -3.7634120308898114 
Alfa 
0 1.0575296108291032 
1 3.90625 
2 8.305647840531561 
3 250.0 
4 5.0 
5 6.944444444444445 
6 250.0 
7 6.25 
8 250.0 
Gamma 
0 1 0.03506043810310566 
0 2 0.03487854396867851 
0 3 -0.024322394418824445 
0 4 -0.008812163413335128 
0 5 -0.005995219105950467 
0 6 0.03506043810310566 
0 7 0.03865508984097499 
0 8 0.03487854396867851 
1 0 0.03506043810310566 
1 2 -0.008650628197828247 
1 3 0.03506043810310566 
1 4 0.017677551430423266 
1 5 0.025196917265921215 
1 6 -0.037599300073207775 
1 7 -0.02400143743510963 
1 8 -0.008650628197828247 
2 0 0.03487854396867851 
2 1 -0.008650628197828247 
2 3 0.03487854396867851 
2 4 0.028067137322708824 
2 5 0.004819666091606445 
2 6 -0.008650628197828247 
2 7 -0.026390267372654153 
2 8 -0.05022579977764918 
3 0 -0.024322394418824445 
3 1 0.03506043810310566 
3 2 0.03487854396867851 
3 4 -0.008812163413335128 
3 5 -0.005995219105950467 
3 6 0.03506043810310566 
3 7 0.03865508984097499 
3 8 0.03487854396867851 
4 0 -0.008812163413335128 
4 1 0.017677551430423266 
4 2 0.028067137322708824 
4 3 -0.008812163413335128 
4 5 0.006430307656451362 
4 6 0.017677551430423266 
4 7 0.025402649647381814 
4 8 0.028067137322708824 
5 0 -0.005995219105950689 
5 1 0.025196917265921215 
5 2 0.004819666091606445 
5 3 -0.005995219105950467 
5 4 0.00643030765645114 
5 6 0.025196917265921215 
5 7 0.019388151584484037 
5 8 0.004819666091606445 
6 0 0.03506043810310566 
6 1 -0.037599300073207775 
6 2 -0.008650628197828247 
6 3 0.03506043810310566 
6 4 0.017677551430423266 
6 5 0.025196917265921215 
6 7 -0.02400143743510963 
6 8 -0.008650628197828247 
7 0 0.03865508984097499 
7 1 -0.02400143743510985 
7 2 -0.026390267372654153 
7 3 0.03865508984097499 
7 4 0.025402649647381814 
7 5 0.019388151584484037 
7 6 -0.02400143743510963 
7 8 -0.026390267372654153 
8 0 0.03487854396867851 
8 1 -0.008650628197828247 
8 2 -0.05022579977764918 
8 3 0.03487854396867851 
8 4 0.028067137322708824 
8 5 0.004819666091606445 
8 6 -0.008650628197828247 
8 7 -0.026390267372654153 
