12 24 12 
K 
0 3 134.92557115253808 
1 4 254.13587518077813 
2 5 350.097707534246 
3 0 127.58562008184002 
3 6 155.03867382585975 
4 1 65.0587840462792 
4 9 144.21234815301042 
5 2 42.15176398712322 
5 11 154.92025719903413 
6 3 155.03867382585975 
6 7 99.9199926416743 
6 8 93.11056259690561 
7 6 99.9199926416743 
7 9 52.581994009975446 
8 6 93.1105625969056 
8 11 50.77313373588565 
9 4 144.21234815301042 
9 7 52.58199400997544 
9 10 122.5363472746128 
10 9 122.53634727461281 
10 11 88.15770062076045 
11 5 154.92025719903413 
11 8 50.77313373588565 
11 10 88.15770062076048 
P 
0 1.0 5.661245644793789 5.661245644793789 
1 1.0 48.007462737669016 48.007462737669016 
2 1.0 53.22964296780048 53.22964296780048 
3 0.0 -0.0 -0.0 
4 0.0 -0.0 -0.0 
5 0.0 -0.0 -0.0 
6 0.0 -29.15188591097016 -29.15188591097016 
7 0.0 -30.605714823540893 -30.605714823540893 
8 0.0 -34.54422287701161 -34.54422287701161 
9 0.0 -25.183329242511956 -25.183329242511956 
10 0.0 -31.9072351990933 -31.9072351990933 
11 0.0 -22.19944093800909 -22.19944093800909 
Alfa 
0 1.0575296108291032 
1 3.90625 
2 8.305647840531561 
3 0.0 
4 0.0 
5 0.0 
6 0.0 
7 0.0 
8 0.0 
9 0.0 
10 0.0 
11 0.0 
Gamma 
6 7 0.11710874456686438 
6 8 0.18272156076209756 
7 6 0.11710874456686438 
7 9 0.19620081728811645 
8 6 0.18272156076209756 
8 11 0.22550963518842404 
9 7 0.19620081728811645 
9 10 0.11751164543144554 
10 9 0.11751164543144554 
10 11 0.11751164543144554 
11 8 0.22550963518842404 
11 10 0.11751164543144554 
