3 6 6 
K 
0 1 77.3640168454147 
0 2 51.636373062113314 
1 0 285.76333722275047 
1 2 106.15605056160797 
2 0 405.54281036158096 
2 1 225.71386165923283 
P 
0 1.0 -33.57744654230072 -33.57744654230072 
1 1.0 3.365965431779713 3.365965431779713 
2 1.0 10.318899656079545 10.318899656079545 
Alfa 
0 1.0575296108291032 
1 3.90625 
2 8.305647840531561 
Gamma 
0 1 -0.2717917410829189 
0 2 -0.27236007319126787 
1 0 -0.2717917410829189 
1 2 -0.27795344961264234 
2 0 -0.27236007319126787 
2 1 -0.27795344961264234 
