3 6 6 
K 
0 1 3.7866831781885657 
0 2 3.4206197930292737 
1 0 13.987060989434005 
1 2 15.005329376991105 
2 0 26.86493418844254 
2 1 31.905019273336585 
P 
0 1.0 1.388406533641439 1.388406533641439 
1 1.0 38.12385471520041 38.12385471520041 
2 1.0 37.928342332690825 37.928342332690825 
Alfa 
0 1.0575296108291032 
1 3.90625 
2 8.305647840531561 
Gamma 
0 1 -0.425126586435141 
0 2 -0.363348493780949 
1 0 -0.425126586435141 
1 2 -0.3442527504703954 
2 0 -0.363348493780949 
2 1 -0.3442527504703954 
