12 24 12 
K 
0 3 134.92557115253808 
1 4 254.13587518077813 
2 5 350.097707534246 
3 0 127.58562008184002 
3 6 1653.7458541425005 
4 1 65.0587840462792 
4 9 1538.2650469654411 
5 2 42.15176398712322 
5 11 1652.4827434563601 
6 3 1653.7458541425005 
6 7 1065.8132548445237 
6 8 993.1793343669909 
7 6 1065.8132548445237 
7 9 560.8746027730701 
8 6 993.1793343669909 
8 11 541.580093182779 
9 4 1538.2650469654411 
9 7 560.8746027730701 
9 10 1307.0543709292 
10 9 1307.0543709292 
10 11 940.3488066214427 
11 5 1652.4827434563601 
11 8 541.5800931827791 
11 10 940.3488066214427 
P 
0 1.0 5.661245644793789 5.661245644793789 
1 1.0 48.007462737669016 48.007462737669016 
2 1.0 53.22964296780048 53.22964296780048 
3 0.0 -0.0 -0.0 
4 0.0 -0.0 -0.0 
5 0.0 -0.0 -0.0 
6 0.0 -310.9534497170144 -310.9534497170144 
7 0.0 -235.354771163665 -235.354771163665 
8 0.0 -302.87525608116835 -302.87525608116835 
9 0.0 -268.6221785867936 -268.6221785867936 
10 0.0 -267.4588925603781 -267.4588925603781 
11 0.0 -236.79403667209644 -236.79403667209644 
Alfa 
0 1.0575296108291032 
1 3.90625 
2 8.305647840531561 
3 0.0 
4 0.0 
5 0.0 
6 0.0 
7 0.0 
8 0.0 
9 0.0 
10 0.0 
11 0.0 
Gamma 
6 7 0.11710874456686438 
6 8 0.18272156076209756 
7 6 0.11710874456686438 
7 9 0.19620081728811645 
8 6 0.18272156076209756 
8 11 0.22550963518842404 
9 7 0.19620081728811645 
9 10 0.11751164543144554 
10 9 0.11751164543144554 
10 11 0.11751164543144554 
11 8 0.22550963518842404 
11 10 0.11751164543144554 
