9 72 72 
K 
0 1 10.080178512775404 
0 2 7.668056987763664 
0 3 3.6016795682808698 
0 4 13.283323911140537 
0 5 9.490675087622073 
0 6 1.4668227533814904 
0 7 6.502109152568985 
0 8 1.6002612184778027 
1 0 37.23365938156414 
1 2 23.28382789983174 
1 3 3.2142302968793883 
1 4 24.885841666862117 
1 5 12.35677024722892 
1 6 9.550208652625223 
1 7 32.47159108998985 
1 8 4.859145786901471 
2 0 60.22354391718703 
2 1 49.50714237837978 
2 3 5.198853474496638 
2 4 27.252871903040813 
2 5 29.542626554461965 
2 6 7.20405921417659 
2 7 46.969604906889565 
2 8 16.356714949898517 
3 0 851.4370499415976 
3 1 205.71073900028094 
3 2 156.48548958234875 
3 4 271.0787685632433 
3 5 193.68047732606587 
3 6 29.93411199991278 
3 7 132.6914674318783 
3 8 32.657250804571504 
4 0 62.80355545187246 
4 1 31.853877333583505 
4 2 16.40622888563056 
4 3 5.421575371264867 
4 5 15.436383250242153 
4 6 4.635234584100491 
4 7 17.65058040977048 
4 8 3.423846727931239 
5 0 62.322099742051634 
5 1 21.967591550629205 
5 2 24.7009183135918 
5 3 5.380013259057388 
5 4 21.439421180891895 
5 6 3.196626238574616 
5 7 17.120769595393984 
5 8 5.154881047585581 
6 0 346.7568988993842 
6 1 611.2133537680145 
6 2 216.84218234671528 
6 3 29.934111999912773 
6 4 231.76172920502464 
6 5 115.0785445886861 
6 7 302.4077787602286 
6 8 45.25320240750349 
7 0 38.42746509168271 
7 1 51.954545743983786 
7 2 35.34462769243439 
7 3 3.3172866857969576 
7 4 22.063225512213105 
7 5 15.40869263585458 
7 6 7.560194469005717 
7 8 7.376136753808201 
8 0 378.3017520481525 
8 1 310.9853303616943 
8 2 492.33711999194526 
8 3 32.6572508045715 
8 4 171.19233639656198 
8 5 185.57571771308093 
8 6 45.253202407503494 
8 7 295.0454701523281 
P 
0 1.0 4.01595938727445 4.01595938727445 
1 1.0 44.566944777324196 44.566944777324196 
2 1.0 47.947958547912144 47.947958547912144 
3 0.0 -2.8984878236991847 -2.8984878236991847 
4 0.0 -49.91072195235463 -49.91072195235463 
5 0.0 -50.08576043546518 -50.08576043546518 
6 0.0 -4.662540670425209 -4.662540670425209 
7 0.0 -49.86129930817983 -49.86129930817983 
8 0.0 -6.923888116259194 -6.923888116259194 
Alfa 
0 1.0575296108291032 
1 3.90625 
2 8.305647840531561 
3 250.0 
4 5.0 
5 6.944444444444445 
6 250.0 
7 6.25 
8 250.0 
Gamma 
0 1 0.07361907476056695 
0 2 0.07694448533657283 
0 3 -0.039444848494936124 
0 4 -0.014269321434407178 
0 5 -0.006104318302618372 
0 6 0.07361907476056695 
0 7 0.08555532365095342 
0 8 0.07694448533657283 
1 0 0.07361907476056695 
1 2 -0.0007570597157213754 
1 3 0.07361907476056695 
1 4 0.03706157304200297 
1 5 0.06277692606735341 
1 6 -0.05244686128731191 
1 7 -0.028257651151801788 
1 8 -0.0007570597157213754 
2 0 0.07694448533657283 
2 1 -0.0007570597157213754 
2 3 0.07694448533657283 
2 4 0.0694109980329427 
2 5 0.016705310134820683 
2 6 -0.0007570597157213754 
2 7 -0.03140890341078628 
2 8 -0.0674390056945362 
3 0 -0.039444848494936124 
3 1 0.07361907476056695 
3 2 0.07694448533657283 
3 4 -0.014269321434407178 
3 5 -0.006104318302618372 
3 6 0.07361907476056695 
3 7 0.08555532365095342 
3 8 0.07694448533657283 
4 0 -0.014269321434407178 
4 1 0.03706157304200275 
4 2 0.0694109980329427 
4 3 -0.014269321434407178 
4 5 0.02048265450617337 
4 6 0.03706157304200297 
4 7 0.05866729201971621 
4 8 0.0694109980329427 
5 0 -0.006104318302618594 
5 1 0.06277692606735341 
5 2 0.016705310134820683 
5 3 -0.006104318302618594 
5 4 0.02048265450617337 
5 6 0.06277692606735341 
5 7 0.048683344711536236 
5 8 0.016705310134820683 
6 0 0.07361907476056695 
6 1 -0.05244686128731191 
6 2 -0.0007570597157213754 
6 3 0.07361907476056695 
6 4 0.03706157304200297 
6 5 0.06277692606735341 
6 7 -0.028257651151801788 
6 8 -0.0007570597157213754 
7 0 0.08555532365095342 
7 1 -0.028257651151801788 
7 2 -0.03140890341078628 
7 3 0.08555532365095342 
7 4 0.05866729201971621 
7 5 0.048683344711536236 
7 6 -0.028257651151801788 
7 8 -0.03140890341078628 
8 0 0.07694448533657283 
8 1 -0.0007570597157213754 
8 2 -0.0674390056945362 
8 3 0.07694448533657283 
8 4 0.0694109980329427 
8 5 0.016705310134820683 
8 6 -0.0007570597157213754 
8 7 -0.03140890341078628 
