9 72 72 
K 
0 1 33.11923019031209 
0 2 22.22332749977813 
0 3 4.478428774253904 
0 4 22.670653910971122 
0 5 15.563132002911988 
0 6 3.9780046285181423 
0 7 18.702247005902297 
0 8 4.089235530792974 
1 0 122.33415651546534 
1 2 46.5487981973731 
1 3 7.666564704559685 
1 4 43.63030739245218 
1 5 28.589562522295584 
1 6 9.479301074843763 
1 7 42.291794145427026 
1 8 8.565278962221589 
2 0 174.53802727400495 
2 1 98.97418885820194 
2 3 10.938131406768642 
2 4 59.303991480859985 
2 5 42.952680554440086 
2 6 11.88795087081841 
2 7 59.252995279101185 
2 8 13.965681221553195 
3 0 1058.7005622336233 
3 1 490.6601410918197 
3 2 329.2377553437361 
3 4 335.86487918595185 
3 5 230.5672112696968 
3 6 58.9339879301775 
3 7 277.07308116522404 
3 8 60.58186953522473 
4 0 107.18685169107144 
4 1 55.846793462338766 
4 2 35.70100287147771 
4 3 6.717297583719035 
4 5 23.885459878139493 
4 6 6.707849234553326 
4 7 30.90735300663963 
4 8 6.5692146879645374 
5 0 102.19790015245539 
5 1 50.82588892852547 
5 2 35.913213463573534 
5 3 6.404644757491576 
5 4 33.17424983074931 
5 6 6.1047802211709 
5 7 29.34260291547869 
5 8 6.608262805003604 
6 0 940.4002941816888 
6 1 606.6752687900005 
6 2 357.8273212116341 
6 3 58.933987930177494 
6 4 335.39246172766633 
6 5 219.77208796215228 
6 7 325.1031174666511 
6 8 65.84253396804297 
7 0 110.53027980488258 
7 1 67.66687063268324 
7 2 44.58787894752362 
7 3 6.9268270291306 
7 4 38.63419125829954 
7 5 26.40834262393081 
7 6 8.12757793666628 
7 8 8.20445717846394 
8 0 966.695279479459 
8 1 548.1778535821817 
8 2 420.3670047687512 
8 3 60.58186953522474 
8 4 328.460734398227 
8 5 237.89746098012967 
8 6 65.842533968043 
8 7 328.17828713855755 
P 
0 1.0 5.057476683499656 5.057476683499656 
1 1.0 46.51549832620208 46.51549832620208 
2 1.0 51.19922568941522 51.19922568941522 
3 0.0 -0.5605629657077194 -0.5605629657077194 
4 0.0 -47.69475232215958 -47.69475232215958 
5 0.0 -47.770226401330994 -47.770226401330994 
6 0.0 -1.377553703471295 -1.377553703471295 
7 0.0 -48.01021552744726 -48.01021552744726 
8 0.0 -2.0692733980157874 -2.0692733980157874 
Alfa 
0 1.0575296108291032 
1 3.90625 
2 8.305647840531561 
3 250.0 
4 5.0 
5 6.944444444444445 
6 250.0 
7 6.25 
8 250.0 
Gamma 
0 1 0.012796895696096655 
0 2 0.011550261331321643 
0 3 -0.00844896190532718 
0 4 -0.0022834536532392313 
0 5 -0.002495803602937885 
0 6 0.012796895696096655 
0 7 0.013296587256959702 
0 8 0.011550261331321643 
1 0 0.012796895696096655 
1 2 -0.007328690067713417 
1 3 0.012796895696096655 
1 4 0.005886255539669261 
1 5 0.00674311519788362 
1 6 -0.01890571334512159 
1 7 -0.013359167702034602 
1 8 -0.007328690067713417 
2 0 0.011550261331321643 
2 1 -0.007328690067713417 
2 3 0.011550261331321643 
2 4 0.007817796925228881 
2 5 -0.0011039814642566093 
2 6 -0.007328690067713417 
2 7 -0.015132304026608923 
2 8 -0.02675518945378985 
3 0 -0.00844896190532718 
3 1 0.012796895696096655 
3 2 0.011550261331321643 
3 4 -0.0022834536532392313 
3 5 -0.002495803602937885 
3 6 0.012796895696096655 
3 7 0.013296587256959702 
3 8 0.011550261331321643 
4 0 -0.0022834536532392313 
4 1 0.005886255539669261 
4 2 0.007817796925229104 
4 3 -0.0022834536532390093 
4 5 0.0012585709299430814 
4 6 0.005886255539669483 
4 7 0.007703224978915735 
4 8 0.007817796925229104 
5 0 -0.002495803602937885 
5 1 0.00674311519788362 
5 2 -0.0011039814642566093 
5 3 -0.002495803602937885 
5 4 0.0012585709299430814 
5 6 0.00674311519788362 
5 7 0.004360601184374868 
5 8 -0.0011039814642566093 
6 0 0.012796895696096655 
6 1 -0.01890571334512159 
6 2 -0.007328690067713417 
6 3 0.012796895696096655 
6 4 0.005886255539669261 
6 5 0.00674311519788362 
6 7 -0.013359167702034602 
6 8 -0.007328690067713417 
7 0 0.013296587256959702 
7 1 -0.013359167702034602 
7 2 -0.015132304026608923 
7 3 0.013296587256959702 
7 4 0.007703224978915735 
7 5 0.004360601184374868 
7 6 -0.013359167702034602 
7 8 -0.015132304026608923 
8 0 0.011550261331321643 
8 1 -0.007328690067713417 
8 2 -0.02675518945378985 
8 3 0.011550261331321643 
8 4 0.007817796925228881 
8 5 -0.0011039814642566093 
8 6 -0.007328690067713417 
8 7 -0.015132304026608923 
