12 24 12 
K 
0 3 134.92557115253808 
1 4 254.13587518077813 
2 5 350.097707534246 
3 0 127.58562008184002 
3 6 1201.5497221504108 
4 1 65.0587840462792 
4 9 1117.6456981858287 
5 2 42.15176398712322 
5 11 1200.6319932925126 
6 3 1201.5497221504108 
6 7 774.3799429729747 
6 8 721.6068601260171 
7 6 774.3799429729747 
7 9 407.5104535773089 
8 6 721.6068601260171 
8 11 393.49178645311304 
9 4 1117.6456981858287 
9 7 407.5104535773089 
9 10 949.6566913782474 
10 9 949.6566913782474 
10 11 683.2221798108923 
11 5 1200.6319932925126 
11 8 393.49178645311304 
11 10 683.2221798108924 
P 
0 1.0 5.661245644793789 5.661245644793789 
1 1.0 48.007462737669016 48.007462737669016 
2 1.0 53.22964296780048 53.22964296780048 
3 0.0 -0.0 -0.0 
4 0.0 -0.0 -0.0 
5 0.0 -0.0 -0.0 
6 0.0 -225.9271158100184 -225.9271158100184 
7 0.0 -173.57703864724832 -173.57703864724832 
8 0.0 -221.91330640750047 -221.91330640750047 
9 0.0 -195.17080162946732 -195.17080162946732 
10 0.0 -196.3872718048181 -196.3872718048181 
11 0.0 -172.04566726957015 -172.04566726957015 
Alfa 
0 1.0575296108291032 
1 3.90625 
2 8.305647840531561 
3 0.0 
4 0.0 
5 0.0 
6 0.0 
7 0.0 
8 0.0 
9 0.0 
10 0.0 
11 0.0 
Gamma 
6 7 0.11710874456686438 
6 8 0.18272156076209756 
7 6 0.11710874456686438 
7 9 0.19620081728811645 
8 6 0.18272156076209756 
8 11 0.22550963518842404 
9 7 0.19620081728811645 
9 10 0.11751164543144554 
10 9 0.11751164543144554 
10 11 0.11751164543144554 
11 8 0.22550963518842404 
11 10 0.11751164543144554 
