9 72 72 
K 
0 1 47.89296736748083 
0 2 31.836881697508424 
0 3 5.9669066052684885 
0 4 31.142770212134312 
0 5 21.308660586695545 
0 6 5.682442221736495 
0 7 26.796478025627092 
0 8 5.812936236350429 
1 0 176.9046482136323 
1 2 64.29810994382282 
1 3 10.845457798420295 
1 4 60.1657608939108 
1 5 40.1998073713507 
1 6 12.28372092139386 
1 7 56.32487395506946 
1 8 11.739868771461445 
2 0 250.04115725219248 
2 1 136.71358924932431 
2 3 15.329223094081781 
2 4 82.96845217230329 
2 5 58.34072295042032 
2 6 16.2209007822512 
2 7 78.85460090595254 
2 8 17.812911325922403 
3 0 1410.5767214854702 
3 1 694.1092990988989 
3 2 461.4096151318615 
3 4 451.3499077657931 
3 5 308.8248709060007 
3 6 82.35522258279683 
3 7 388.3594106410744 
3 8 84.24646286292574 
4 0 147.243017562971 
4 1 77.01217394420581 
4 2 49.94700820772656 
4 3 9.026998155315864 
4 5 32.64364645787491 
4 6 9.137400601020413 
4 7 42.64766056447702 
4 8 9.119573225373646 
5 0 139.92687118596737 
5 1 71.46632421573457 
5 2 48.77932668910142 
5 3 8.5784686362778 
5 4 45.33839785815962 
5 6 8.47939228822022 
5 7 40.43599272003751 
5 8 8.906372124944768 
6 0 1343.3293412185071 
6 1 786.158138969207 
6 2 488.24911354576113 
6 3 82.35522258279681 
6 4 456.87003005102076 
6 5 305.2581223759278 
6 7 427.70417051397936 
6 8 89.14695199932997 
7 0 158.3671851314561 
7 1 90.11979832811116 
7 2 59.338087181729286 
7 3 9.708985266026863 
7 4 53.30957570559629 
7 5 36.39239344803375 
7 6 10.692604262849484 
7 8 10.834243141387475 
8 0 1374.1781262732413 
8 1 751.3516013735324 
8 2 536.1686309102643 
8 3 84.24646286292575 
8 4 455.9786612686823 
8 5 320.6293964980116 
8 6 89.14695199932996 
8 7 433.36972565549894 
P 
0 1.0 5.335835621169784 5.335835621169784 
1 1.0 46.74542346558675 46.74542346558675 
2 1.0 51.46560943264741 51.46560943264741 
3 0.0 -0.28913168530248556 -0.28913168530248556 
4 0.0 -47.520644904144646 -47.520644904144646 
5 0.0 -47.62865466242705 -47.62865466242705 
6 0.0 -1.137049596854224 -1.137049596854224 
7 0.0 -47.88371518736898 -47.88371518736898 
8 0.0 -1.7701228305221333 -1.7701228305221333 
Alfa 
0 1.0575296108291032 
1 3.90625 
2 8.305647840531561 
3 250.0 
4 5.0 
5 6.944444444444445 
6 250.0 
7 6.25 
8 250.0 
Gamma 
0 1 0.006522696151759488 
0 2 0.005072724604561651 
0 3 -0.003343421568511973 
0 4 -0.0005393890333811324 
0 5 -0.0015390855046357732 
0 6 0.006522696151759488 
0 7 0.00634266228559488 
0 8 0.005072724604561651 
1 0 0.006522696151759488 
1 2 -0.006508998433946589 
1 3 0.006522696151759488 
1 4 0.0022874453183912014 
1 5 0.0017611580847751718 
1 6 -0.012190372246851933 
1 7 -0.009465671202092407 
1 8 -0.006508998433946589 
2 0 0.005072724604561429 
2 1 -0.006508998433946589 
2 3 0.005072724604561429 
2 4 0.002409581479862144 
2 5 -0.0030436942510529974 
2 6 -0.006508998433946589 
2 7 -0.011146468859747793 
2 8 -0.0180825899606174 
3 0 -0.003343421568511973 
3 1 0.006522696151759488 
3 2 0.005072724604561651 
3 4 -0.0005393890333811324 
3 5 -0.0015390855046357732 
3 6 0.006522696151759488 
3 7 0.00634266228559488 
3 8 0.005072724604561651 
4 0 -0.0005393890333811324 
4 1 0.0022874453183912014 
4 2 0.002409581479862144 
4 3 -0.0005393890333811324 
4 5 -0.0002158088862911356 
4 6 0.0022874453183912014 
4 7 0.002767659132853151 
4 8 0.002409581479862144 
5 0 -0.0015390855046357732 
5 1 0.0017611580847749497 
5 2 -0.0030436942510529974 
5 3 -0.0015390855046357732 
5 4 -0.0002158088862911356 
5 6 0.0017611580847751718 
5 7 0.000139592155067092 
5 8 -0.0030436942510529974 
6 0 0.006522696151759488 
6 1 -0.012190372246851933 
6 2 -0.006508998433946589 
6 3 0.006522696151759488 
6 4 0.0022874453183912014 
6 5 0.0017611580847751718 
6 7 -0.009465671202092407 
6 8 -0.006508998433946589 
7 0 0.00634266228559488 
7 1 -0.009465671202092407 
7 2 -0.011146468859747793 
7 3 0.00634266228559488 
7 4 0.002767659132853151 
7 5 0.000139592155067092 
7 6 -0.009465671202092185 
7 8 -0.011146468859747793 
8 0 0.005072724604561429 
8 1 -0.006508998433946589 
8 2 -0.0180825899606174 
8 3 0.005072724604561429 
8 4 0.002409581479862144 
8 5 -0.0030436942510529974 
8 6 -0.006508998433946589 
8 7 -0.011146468859747793 
