3 6 6 
K 
0 1 56.95490011024215 
0 2 38.29985924145658 
1 0 210.37716228220685 
1 2 81.07176612357007 
2 0 300.80022341130683 
2 1 172.37850604347128 
P 
0 1.0 -17.350952492781555 -17.350952492781555 
1 1.0 20.54514661714232 20.54514661714232 
2 1.0 26.20871986189374 26.20871986189374 
Alfa 
0 1.0575296108291032 
1 3.90625 
2 8.305647840531561 
Gamma 
0 1 -0.20946507625128352 
0 2 -0.20959037974550654 
1 0 -0.20946507625128352 
1 2 -0.21829332790800038 
2 0 -0.20959037974550654 
2 1 -0.21829332790800038 
