12 24 12 
K 
0 3 134.92557115253808 
1 4 254.13587518077813 
2 5 350.097707534246 
3 0 127.58562008184002 
3 6 1382.4281749472468 
4 1 65.0587840462792 
4 9 1285.8934376976736 
5 2 42.15176398712322 
5 11 1381.3722933580516 
6 3 1382.4281749472468 
6 7 890.9532677215941 
6 8 830.2358498224066 
7 6 890.9532677215941 
7 9 468.8561132556134 
8 6 830.2358498224066 
8 11 452.7271091449795 
9 4 1285.8934376976736 
9 7 468.8561132556134 
9 10 1092.6157631986284 
10 9 1092.6157631986284 
10 11 786.0728305351125 
11 5 1381.3722933580516 
11 8 452.7271091449795 
11 10 786.0728305351125 
P 
0 1.0 5.661245644793789 5.661245644793789 
1 1.0 48.007462737669016 48.007462737669016 
2 1.0 53.22964296780048 53.22964296780048 
3 0.0 -0.0 -0.0 
4 0.0 -0.0 -0.0 
5 0.0 -0.0 -0.0 
6 0.0 -259.9376493728168 -259.9376493728168 
7 0.0 -198.28813165381501 -198.28813165381501 
8 0.0 -254.2980862769676 -254.2980862769676 
9 0.0 -224.55135241239782 -224.55135241239782 
10 0.0 -224.81592010704207 -224.81592010704207 
11 0.0 -197.9450150305807 -197.9450150305807 
Alfa 
0 1.0575296108291032 
1 3.90625 
2 8.305647840531561 
3 0.0 
4 0.0 
5 0.0 
6 0.0 
7 0.0 
8 0.0 
9 0.0 
10 0.0 
11 0.0 
Gamma 
6 7 0.11710874456686438 
6 8 0.18272156076209756 
7 6 0.11710874456686438 
7 9 0.19620081728811645 
8 6 0.18272156076209756 
8 11 0.22550963518842404 
9 7 0.19620081728811645 
9 10 0.11751164543144554 
10 9 0.11751164543144554 
10 11 0.11751164543144554 
11 8 0.22550963518842404 
11 10 0.11751164543144554 
