12 24 12 
K 
0 3 134.92557115253808 
1 4 254.13587518077813 
2 5 350.097707534246 
3 0 127.58562008184002 
3 6 310.0773476517196 
4 1 65.0587840462792 
4 9 288.424696306021 
5 2 42.15176398712322 
5 11 309.84051439806836 
6 3 310.0773476517196 
6 7 199.83998528334868 
6 8 186.22112519381125 
7 6 199.83998528334868 
7 9 105.16398801995092 
8 6 186.22112519381125 
8 11 101.54626747177136 
9 4 288.424696306021 
9 7 105.16398801995092 
9 10 245.07269454922567 
10 9 245.0726945492257 
10 11 176.315401241521 
11 5 309.84051439806836 
11 8 101.54626747177136 
11 10 176.315401241521 
P 
0 1.0 5.661245644793789 5.661245644793789 
1 1.0 48.007462737669016 48.007462737669016 
2 1.0 53.22964296780048 53.22964296780048 
3 0.0 -0.0 -0.0 
4 0.0 -0.0 -0.0 
5 0.0 -0.0 -0.0 
6 0.0 -58.303771821940344 -58.303771821940344 
7 0.0 -51.78665168631242 -51.78665168631242 
8 0.0 -62.302605622269304 -62.302605622269304 
9 0.0 -50.36665848502393 -50.36665848502393 
10 0.0 -56.27464802957111 -56.27464802957111 
11 0.0 -44.398881876018194 -44.398881876018194 
Alfa 
0 1.0575296108291032 
1 3.90625 
2 8.305647840531561 
3 0.0 
4 0.0 
5 0.0 
6 0.0 
7 0.0 
8 0.0 
9 0.0 
10 0.0 
11 0.0 
Gamma 
6 7 0.11710874456686438 
6 8 0.18272156076209756 
7 6 0.11710874456686438 
7 9 0.19620081728811645 
8 6 0.18272156076209756 
8 11 0.22550963518842404 
9 7 0.19620081728811645 
9 10 0.11751164543144554 
10 9 0.11751164543144554 
10 11 0.11751164543144554 
11 8 0.22550963518842404 
11 10 0.11751164543144554 
