3 6 6 
K 
0 1 66.99148401056318 
0 2 44.843729383862794 
1 0 247.44979406401777 
1 2 93.25718933134769 
2 0 352.1946055264174 
2 1 198.2877115350914 
P 
0 1.0 -24.65160052889411 -24.65160052889411 
1 1.0 12.84377972399491 12.84377972399491 
2 1.0 19.113743253736494 19.113743253736494 
Alfa 
0 1.0575296108291032 
1 3.90625 
2 8.305647840531561 
Gamma 
0 1 -0.23943491651431792 
0 2 -0.23983471768099607 
1 0 -0.23943491651431792 
1 2 -0.24668061264427665 
2 0 -0.23983471768099607 
2 1 -0.24668061264427665 
