9 72 72 
K 
0 1 43.344415717621686 
0 2 28.865170879598004 
0 3 5.486780263467058 
0 4 28.465582869053044 
0 5 19.489370311620444 
0 6 5.154782388687741 
0 7 24.294392435604475 
0 8 5.278124983517335 
1 0 160.10343555696505 
1 2 58.71374199967565 
1 3 9.85677572200809 
1 4 54.95160096314819 
1 5 36.57930534491217 
1 6 11.358311250109073 
1 7 51.80014358575448 
1 8 10.736069078437934 
2 0 226.7018736191684 
2 1 124.83985009897813 
2 3 13.956911769254994 
2 4 75.56967637594862 
2 5 53.4407422118686 
2 6 14.8467167002324 
2 7 72.52795849218879 
2 8 16.522639898585265 
3 0 1297.0748542836127 
3 1 630.8336462085177 
3 2 420.10304425457537 
3 4 414.2874493849736 
3 5 283.6478548028785 
3 6 75.02258632004848 
3 7 353.5800381395458 
3 8 76.81771165605667 
4 0 134.58527580488274 
4 1 70.33804923282968 
4 2 45.49294517832106 
4 3 8.285748987699467 
4 5 29.866071602322616 
4 6 8.365029991455984 
4 7 38.94675106435942 
4 8 8.318587529623693 
5 0 127.9801983796409 
5 1 65.02987616873273 
5 2 44.68239834936791 
5 3 7.879107077857735 
5 4 41.48065500322585 
5 6 7.733749662170352 
5 7 36.93601360557088 
5 8 8.170375433944324 
6 0 1218.5905566857812 
6 1 726.9319200069807 
6 2 446.8861726769952 
6 3 75.02258632004846 
6 4 418.25149957279916 
6 5 278.4149878381327 
6 7 394.2649049908028 
6 8 81.71512590843669 
7 0 143.57985929442242 
7 1 82.8802297372072 
7 2 54.57728876537205 
7 3 8.839500953488642 
7 4 48.68343883044926 
7 5 33.24241224501379 
7 6 9.85662262477007 
7 8 9.979700191858424 
8 0 1247.7487461034982 
8 1 687.1084210200277 
8 2 497.33146094741636 
8 3 76.81771165605667 
8 4 415.9293764811848 
8 5 294.1335156219957 
8 6 81.7151259084367 
8 7 399.18800767433686 
P 
0 1.0 5.275168178604004 5.275168178604004 
1 1.0 46.71491876958995 46.71491876958995 
2 1.0 51.43718045791407 51.43718045791407 
3 0.0 -0.3459317100564215 -0.3459317100564215 
4 0.0 -47.55191966076399 -47.55191966076399 
5 0.0 -47.650525148910276 -47.650525148910276 
6 0.0 -1.1699833068699605 -1.1699833068699605 
7 0.0 -47.89791848902187 -47.89791848902187 
8 0.0 -1.8039631036624943 -1.8039631036624943 
Alfa 
0 1.0575296108291032 
1 3.90625 
2 8.305647840531561 
3 250.0 
4 5.0 
5 6.944444444444445 
6 250.0 
7 6.25 
8 250.0 
Gamma 
0 1 0.007806238628152773 
0 2 0.006393769305746089 
0 3 -0.004332040104570112 
0 4 -0.0008351571635631938 
0 5 -0.0016817282232579611 
0 6 0.007806238628152773 
0 7 0.007755046831794177 
0 8 0.006393769305746089 
1 0 0.007806238628152773 
1 2 -0.006641409781339869 
1 3 0.007806238628152773 
1 4 0.003051694696021956 
1 5 0.0027840172472957114 
1 6 -0.013533870013051175 
1 7 -0.010224857583935432 
1 8 -0.006641409781339869 
2 0 0.006393769305746089 
2 1 -0.006641409781339869 
2 3 0.006393769305746089 
2 4 0.003514091578437517 
2 5 -0.00260608781243854 
2 6 -0.006641409781339869 
2 7 -0.011919517762637 
2 8 -0.019838309769793394 
3 0 -0.004332040104570112 
3 1 0.007806238628152773 
3 2 0.006393769305746089 
3 4 -0.0008351571635631938 
3 5 -0.0016817282232579611 
3 6 0.007806238628152773 
3 7 0.007755046831794177 
3 8 0.006393769305746089 
4 0 -0.0008351571635631938 
4 1 0.003051694696021956 
4 2 0.003514091578437517 
4 3 -0.0008351571635634158 
4 5 0.00012176459084223268 
4 6 0.003051694696021956 
4 7 0.0037859211873312315 
4 8 0.003514091578437517 
5 0 -0.0016817282232579611 
5 1 0.0027840172472957114 
5 2 -0.00260608781243854 
5 3 -0.0016817282232579611 
5 4 0.00012176459084223268 
5 6 0.0027840172472957114 
5 7 0.0010183670554873014 
5 8 -0.00260608781243854 
6 0 0.007806238628152773 
6 1 -0.013533870013050953 
6 2 -0.006641409781339869 
6 3 0.007806238628152773 
6 4 0.003051694696021956 
6 5 0.0027840172472957114 
6 7 -0.010224857583935432 
6 8 -0.006641409781339869 
7 0 0.007755046831794177 
7 1 -0.010224857583935432 
7 2 -0.011919517762637 
7 3 0.007755046831794177 
7 4 0.0037859211873312315 
7 5 0.0010183670554873014 
7 6 -0.010224857583935432 
7 8 -0.011919517762637 
8 0 0.006393769305746089 
8 1 -0.006641409781339869 
8 2 -0.019838309769793394 
8 3 0.006393769305746089 
8 4 0.003514091578437517 
8 5 -0.00260608781243854 
8 6 -0.006641409781339869 
8 7 -0.011919517762637 
