12 24 12 
K 
0 3 134.92557115253808 
1 4 254.13587518077813 
2 5 350.097707534246 
3 0 127.58562008184002 
3 6 2015.5027597361718 
4 1 65.0587840462792 
4 9 1874.7605259891309 
5 2 42.15176398712322 
5 11 2013.9633435874387 
6 3 2015.5027597361718 
6 7 1298.9599043417627 
6 8 1210.4373137597697 
7 6 1298.9599043417627 
7 9 683.5659221296789 
8 6 1210.4373137597697 
8 11 660.0507385665119 
9 4 1874.7605259891309 
9 7 683.5659221296789 
9 10 1592.9725145699624 
10 9 1592.9725145699624 
10 11 1146.050108069883 
11 5 2013.9633435874387 
11 8 660.0507385665118 
11 10 1146.0501080698832 
P 
0 1.0 5.661245644793789 5.661245644793789 
1 1.0 48.007462737669016 48.007462737669016 
2 1.0 53.22964296780048 53.22964296780048 
3 0.0 -0.0 -0.0 
4 0.0 -0.0 -0.0 
5 0.0 -0.0 -0.0 
6 0.0 -378.97451684261125 -378.97451684261125 
7 0.0 -284.77695717679836 -284.77695717679836 
8 0.0 -367.6448158201027 -367.6448158201027 
9 0.0 -327.3832801526546 -327.3832801526546 
10 0.0 -324.3161891648261 -324.3161891648261 
11 0.0 -288.59273219411745 -288.59273219411745 
Alfa 
0 1.0575296108291032 
1 3.90625 
2 8.305647840531561 
3 0.0 
4 0.0 
5 0.0 
6 0.0 
7 0.0 
8 0.0 
9 0.0 
10 0.0 
11 0.0 
Gamma 
6 7 0.11710874456686438 
6 8 0.18272156076209756 
7 6 0.11710874456686438 
7 9 0.19620081728811645 
8 6 0.18272156076209756 
8 11 0.22550963518842404 
9 7 0.19620081728811645 
9 10 0.11751164543144554 
10 9 0.11751164543144554 
10 11 0.11751164543144554 
11 8 0.22550963518842404 
11 10 0.11751164543144554 
