12 24 12 
K 
0 3 134.92557115253808 
1 4 254.13587518077813 
2 5 350.097707534246 
3 0 127.58562008184002 
3 6 2467.698891728268 
4 1 65.0587840462792 
4 9 2295.3798747687492 
5 2 42.15176398712322 
5 11 2465.814093751293 
6 3 2467.698891728268 
6 7 1590.3932162133165 
6 8 1482.0097880007477 
7 6 1590.3932162133165 
7 9 836.9300713254426 
8 6 1482.0097880007477 
8 11 808.1390452961801 
9 4 2295.3798747687492 
9 7 836.9300713254426 
9 10 1950.3701941209204 
10 9 1950.3701941209204 
10 11 1403.1767348804374 
11 5 2465.814093751293 
11 8 808.1390452961801 
11 10 1403.1767348804376 
P 
0 1.0 5.661245644793789 5.661245644793789 
1 1.0 48.007462737669016 48.007462737669016 
2 1.0 53.22964296780048 53.22964296780048 
3 0.0 -0.0 -0.0 
4 0.0 -0.0 -0.0 
5 0.0 -0.0 -0.0 
6 0.0 -464.0008507496085 -464.0008507496085 
7 0.0 -346.55468969321606 -346.55468969321606 
8 0.0 -448.60676549377183 -448.60676549377183 
9 0.0 -400.834657109982 -400.834657109982 
10 0.0 -395.38780992038716 -395.38780992038716 
11 0.0 -353.3411015966447 -353.3411015966447 
Alfa 
0 1.0575296108291032 
1 3.90625 
2 8.305647840531561 
3 0.0 
4 0.0 
5 0.0 
6 0.0 
7 0.0 
8 0.0 
9 0.0 
10 0.0 
11 0.0 
Gamma 
6 7 0.11710874456686438 
6 8 0.18272156076209756 
7 6 0.11710874456686438 
7 9 0.19620081728811645 
8 6 0.18272156076209756 
8 11 0.22550963518842404 
9 7 0.19620081728811645 
9 10 0.11751164543144554 
10 9 0.11751164543144554 
10 11 0.11751164543144554 
11 8 0.22550963518842404 
11 10 0.11751164543144554 
