3 6 6 
K 
0 1 24.160948032173067 
0 2 17.46927048654284 
1 0 89.24450179383928 
1 2 47.01100122980697 
2 0 137.20051637935964 
2 1 99.95694613646664 
P 
0 1.0 -3.8010634606757696 -3.8010634606757696 
1 1.0 33.122801299033604 33.122801299033604 
2 1.0 35.93770997499236 35.93770997499236 
Alfa 
0 1.0575296108291032 
1 3.90625 
2 8.305647840531561 
Gamma 
0 1 -0.1539022397445553 
0 2 -0.14782346857986606 
1 0 -0.1539022397445553 
1 2 -0.17260321101746534 
2 0 -0.14782346857986628 
2 1 -0.17260321101746534 
