3 6 6 
K 
0 1 51.47370940384067 
0 2 34.7465621077571 
1 0 190.13101411043658 
1 2 74.62757518918157 
2 0 272.8932651918201 
2 1 158.67657183081795 
P 
0 1.0 -13.949113051958008 -13.949113051958008 
1 1.0 24.084584427041396 24.084584427041396 
2 1.0 29.424312127213696 29.424312127213696 
Alfa 
0 1.0575296108291032 
1 3.90625 
2 8.305647840531561 
Gamma 
0 1 -0.1940291841687407 
0 2 -0.1939150201165143 
1 0 -0.1940291841687407 
1 2 -0.2040762187003884 
2 0 -0.1939150201165143 
2 1 -0.2040762187003884 
