12 24 12 
K 
0 3 134.92557115253808 
1 4 254.13587518077813 
2 5 350.097707534246 
3 0 127.58562008184002 
3 6 2248.0607704749636 
4 1 65.0587840462792 
4 9 2091.0790482186485 
5 2 42.15176398712322 
5 11 2246.343729385992 
6 3 2248.0607704749636 
6 7 1448.8398933042754 
6 8 1350.1031576551295 
7 6 1448.8398933042758 
7 9 762.4389131446428 
8 6 1350.1031576551295 
8 11 736.2104391703409 
9 4 2091.0790482186485 
9 7 762.438913144643 
9 10 1776.7770354818833 
10 9 1776.7770354818833 
10 11 1278.286659001025 
11 5 2246.343729385992 
11 8 736.210439170341 
11 10 1278.286659001025 
P 
0 1.0 5.661245644793789 5.661245644793789 
1 1.0 48.007462737669016 48.007462737669016 
2 1.0 53.22964296780048 53.22964296780048 
3 0.0 -0.0 -0.0 
4 0.0 -0.0 -0.0 
5 0.0 -0.0 -0.0 
6 0.0 -422.7023457090669 -422.7023457090669 
7 0.0 -316.54836247095596 -316.54836247095596 
8 0.0 -409.2823899379896 -409.2823899379896 
9 0.0 -365.15827401642287 -365.15827401642287 
10 0.0 -360.86730841054316 -360.86730841054316 
11 0.0 -321.8918936011314 -321.8918936011314 
Alfa 
0 1.0575296108291032 
1 3.90625 
2 8.305647840531561 
3 0.0 
4 0.0 
5 0.0 
6 0.0 
7 0.0 
8 0.0 
9 0.0 
10 0.0 
11 0.0 
Gamma 
6 7 0.11710874456686438 
6 8 0.18272156076209756 
7 6 0.11710874456686438 
7 9 0.19620081728811645 
8 6 0.18272156076209756 
8 11 0.22550963518842404 
9 7 0.19620081728811645 
9 10 0.11751164543144554 
10 9 0.11751164543144554 
10 11 0.11751164543144554 
11 8 0.22550963518842404 
11 10 0.11751164543144554 
