3 6 6 
K 
0 1 61.39739971634702 
0 2 41.19163448020611 
1 0 226.78664520225684 
1 2 86.41663459667318 
2 0 323.5117073462037 
2 1 183.74301043810917 
P 
0 1.0 -20.415811789556884 -20.415811789556884 
1 1.0 17.322861496932276 17.322861496932276 
2 1.0 23.250350951415967 23.250350951415967 
Alfa 
0 1.0575296108291032 
1 3.90625 
2 8.305647840531561 
Gamma 
0 1 -0.22251659921238054 
0 2 -0.22278281019255708 
1 0 -0.22251659921238054 
1 2 -0.2305590922146563 
2 0 -0.22278281019255686 
2 1 -0.2305590922146563 
