12 24 12 
K 
0 3 134.92557115253808 
1 4 254.13587518077813 
2 5 350.097707534246 
3 0 127.58562008184002 
3 6 516.7955794195328 
4 1 65.0587840462792 
4 9 480.7078271767016 
5 2 42.15176398712322 
5 11 516.4008573301139 
6 3 516.7955794195328 
6 7 333.0666421389146 
6 8 310.36854198968547 
7 6 333.06664213891446 
7 9 175.2733133665849 
8 6 310.36854198968547 
8 11 169.24377911961892 
9 4 480.7078271767016 
9 7 175.2733133665849 
9 10 408.4544909153762 
10 9 408.4544909153761 
10 11 293.8590020692016 
11 5 516.4008573301139 
11 8 169.2437791196189 
11 10 293.85900206920167 
P 
0 1.0 5.661245644793789 5.661245644793789 
1 1.0 48.007462737669016 48.007462737669016 
2 1.0 53.22964296780048 53.22964296780048 
3 0.0 -0.0 -0.0 
4 0.0 -0.0 -0.0 
5 0.0 -0.0 -0.0 
6 0.0 -97.17295303656726 -97.17295303656726 
7 0.0 -80.02790083667446 -80.02790083667446 
8 0.0 -99.31378261594622 -99.31378261594622 
9 0.0 -83.94443080837323 -83.94443080837323 
10 0.0 -88.76453180354154 -88.76453180354154 
11 0.0 -73.99813646003032 -73.99813646003032 
Alfa 
0 1.0575296108291032 
1 3.90625 
2 8.305647840531561 
3 0.0 
4 0.0 
5 0.0 
6 0.0 
7 0.0 
8 0.0 
9 0.0 
10 0.0 
11 0.0 
Gamma 
6 7 0.11710874456686438 
6 8 0.18272156076209756 
7 6 0.11710874456686438 
7 9 0.19620081728811645 
8 6 0.18272156076209756 
8 11 0.22550963518842404 
9 7 0.19620081728811645 
9 10 0.11751164543144554 
10 9 0.11751164543144554 
10 11 0.11751164543144554 
11 8 0.22550963518842404 
11 10 0.11751164543144554 
