9 72 72 
K 
0 1 41.97836714139637 
0 2 27.97415677603878 
0 3 5.345225800427102 
0 4 27.669919401004385 
0 5 18.94910745887644 
0 6 4.996666000715759 
0 7 23.544183532688027 
0 8 5.118011025321843 
1 0 155.05759362853283 
1 2 57.05139529825698 
1 3 9.56106505089578 
1 4 53.40062024537711 
1 5 35.49762752332025 
1 6 11.087845134109129 
1 7 50.466028978194664 
1 8 10.437836338880365 
2 0 219.7040086995206 
2 1 121.30529232851988 
2 3 13.547252152971291 
2 4 73.3615038371655 
2 5 51.988745623648576 
2 6 14.438913925431914 
2 7 70.66319318620661 
2 8 16.1477974634945 
3 0 1263.6113792209667 
3 1 611.9081632573299 
3 2 407.7722898044356 
3 4 403.3374976476929 
3 5 276.21640216425897 
3 6 72.83515112938296 
3 7 343.19767732636416 
3 8 74.60396721689347 
4 0 130.82337892794874 
4 1 68.35279391408271 
4 2 44.1636253099736 
4 3 8.06674995295386 
4 5 29.041700406900286 
4 6 8.136002056821958 
4 7 37.84574866052605 
4 8 8.07995476196921 
5 0 124.43247231328866 
5 1 63.10689337479154 
5 2 43.46836786866172 
5 3 7.672677837896083 
5 4 40.33569500958375 
5 6 7.511584895012822 
5 7 35.89512922287989 
5 8 7.952753957363751 
6 0 1181.211842569206 
6 1 709.6220885829841 
6 2 434.6113091555004 
6 3 72.83515112938298 
6 4 406.800102841098 
6 5 270.4170562204616 
6 7 384.4447065217125 
6 8 79.51429920821317 
7 0 139.14612467818625 
7 1 80.7456463651115 
7 2 53.17405287262046 
7 3 8.579941933159105 
7 4 47.30718582565757 
7 5 32.305616300591915 
7 6 9.611117663042812 
7 8 9.728457270112386 
8 0 1209.8978063860836 
8 1 668.0215256883432 
8 2 486.0487036511845 
8 3 74.60396721689347 
8 4 403.99773809846045 
8 5 286.29914246509503 
8 6 79.51429920821316 
8 7 389.13829080449534 
P 
0 1.0 5.253649719466467 5.253649719466467 
1 1.0 46.70061955303646 46.70061955303646 
2 1.0 51.42196684965521 51.42196684965521 
3 0.0 -0.36635639132124703 -0.36635639132124703 
4 0.0 -47.56404240388456 -47.56404240388456 
5 0.0 -47.65971230326195 -47.65971230326195 
6 0.0 -1.1849854249939342 -1.1849854249939342 
7 0.0 -47.90525858993505 -47.90525858993505 
8 0.0 -1.8212750632986767 -1.8212750632986767 
Alfa 
0 1.0575296108291032 
1 3.90625 
2 8.305647840531561 
3 250.0 
4 5.0 
5 6.944444444444445 
6 250.0 
7 6.25 
8 250.0 
Gamma 
0 1 0.008269414495370775 
0 2 0.0068710638069158225 
0 3 -0.004701956547015218 
0 4 -0.0009537485631037068 
0 5 -0.001743670752429427 
0 6 0.008269414495370775 
0 7 0.008266286559241331 
0 8 0.0068710638069158225 
1 0 0.008269414495370775 
1 2 -0.006697498739083763 
1 3 0.008269414495370775 
1 4 0.003322644532295582 
1 5 0.0031518969355475157 
1 6 -0.01402960202504544 
1 7 -0.010509082386790825 
1 8 -0.006697498739083763 
2 0 0.0068710638069158225 
2 1 -0.006697498739083763 
2 3 0.0068710638069158225 
2 4 0.00391232968395161 
2 5 -0.002455496970935389 
2 6 -0.006697498739083763 
2 7 -0.012209419982778247 
2 8 -0.02048245015222183 
3 0 -0.004701956547015218 
3 1 0.008269414495370775 
3 2 0.0068710638069158225 
3 4 -0.0009537485631037068 
3 5 -0.001743670752429427 
3 6 0.008269414495370775 
3 7 0.008266286559241331 
3 8 0.0068710638069158225 
4 0 -0.0009537485631034848 
4 1 0.003322644532295582 
4 2 0.00391232968395161 
4 3 -0.0009537485631037068 
4 5 0.0002365345688126741 
4 6 0.003322644532295582 
4 7 0.004151564607271396 
4 8 0.00391232968395161 
5 0 -0.001743670752429427 
5 1 0.0031518969355475157 
5 2 -0.002455496970935389 
5 3 -0.001743670752429427 
5 4 0.0002365345688126741 
5 6 0.0031518969355475157 
5 7 0.0013324694867618003 
5 8 -0.002455496970935389 
6 0 0.008269414495370775 
6 1 -0.01402960202504544 
6 2 -0.006697498739083763 
6 3 0.008269414495370775 
6 4 0.003322644532295582 
6 5 0.0031518969355475157 
6 7 -0.010509082386790825 
6 8 -0.006697498739083763 
7 0 0.008266286559241331 
7 1 -0.010509082386790825 
7 2 -0.012209419982778247 
7 3 0.008266286559241331 
7 4 0.004151564607271396 
7 5 0.0013324694867618003 
7 6 -0.010509082386790825 
7 8 -0.012209419982778247 
8 0 0.0068710638069158225 
8 1 -0.006697498739083763 
8 2 -0.02048245015222183 
8 3 0.0068710638069158225 
8 4 0.00391232968395161 
8 5 -0.002455496970935389 
8 6 -0.006697498739083763 
8 7 -0.012209419982778247 
