3 6 6 
K 
0 1 74.93676182508041 
0 2 50.044991424578114 
1 0 276.79766399139083 
1 2 103.11863172702328 
2 0 393.0443844774174 
2 1 219.25556247606283 
P 
0 1.0 -31.366078218828687 -31.366078218828687 
1 1.0 5.716484492392013 5.716484492392013 
2 1.0 12.503082334510893 12.503082334510893 
Alfa 
0 1.0575296108291032 
1 3.90625 
2 8.305647840531561 
Gamma 
0 1 -0.2641273129443802 
0 2 -0.26466288553709694 
1 0 -0.2641273129443802 
1 2 -0.27050700824252716 
2 0 -0.2646628855370967 
2 1 -0.27050700824252716 
