12 24 12 
K 
0 3 134.92557115253808 
1 4 254.13587518077813 
2 5 350.097707534246 
3 0 127.58562008184002 
3 6 1240.3093906068757 
4 1 65.0587840462792 
4 9 1153.6987852240813 
5 2 42.15176398712322 
5 11 1239.3620575922705 
6 3 1240.3093906068757 
6 7 799.359941133393 
6 8 744.8845007752434 
7 6 799.359941133393 
7 9 420.6559520798027 
8 6 744.8845007752434 
8 11 406.1850698870845 
9 4 1153.6987852240813 
9 7 420.6559520798027 
9 10 980.2907781969003 
10 9 980.2907781969005 
10 11 705.2616049660824 
11 5 1239.3620575922705 
11 8 406.1850698870845 
11 10 705.2616049660824 
P 
0 1.0 5.661245644793789 5.661245644793789 
1 1.0 48.007462737669016 48.007462737669016 
2 1.0 53.22964296780048 53.22964296780048 
3 0.0 -0.0 -0.0 
4 0.0 -0.0 -0.0 
5 0.0 -0.0 -0.0 
6 0.0 -233.2150872877609 -233.2150872877609 
7 0.0 -178.87227286294117 -178.87227286294117 
8 0.0 -228.8529020938149 -228.8529020938149 
9 0.0 -201.46663394009528 -201.46663394009528 
10 0.0 -202.47912501243752 -202.47912501243752 
11 0.0 -177.5955275040724 -177.5955275040724 
Alfa 
0 1.0575296108291032 
1 3.90625 
2 8.305647840531561 
3 0.0 
4 0.0 
5 0.0 
6 0.0 
7 0.0 
8 0.0 
9 0.0 
10 0.0 
11 0.0 
Gamma 
6 7 0.11710874456686438 
6 8 0.18272156076209756 
7 6 0.11710874456686438 
7 9 0.19620081728811645 
8 6 0.18272156076209756 
8 11 0.22550963518842404 
9 7 0.19620081728811645 
9 10 0.11751164543144554 
10 9 0.11751164543144554 
10 11 0.11751164543144554 
11 8 0.22550963518842404 
11 10 0.11751164543144554 
