12 24 12 
K 
0 3 134.92557115253808 
1 4 254.13587518077813 
2 5 350.097707534246 
3 0 127.58562008184002 
3 6 1304.9088380343171 
4 1 65.0587840462792 
4 9 1213.7872636211687 
5 2 42.15176398712322 
5 11 1303.9121647585348 
6 3 1304.9088380343171 
6 7 840.9932714007571 
6 8 783.680568523954 
7 6 840.9932714007571 
7 9 442.5651162506258 
8 6 783.680568523954 
8 11 427.34054227703666 
9 4 1213.7872636211687 
9 7 442.5651162506258 
9 10 1031.3475895613224 
10 9 1031.3475895613221 
10 11 741.9939802247325 
11 5 1303.9121647585348 
11 8 427.34054227703666 
11 10 741.9939802247325 
P 
0 1.0 5.661245644793789 5.661245644793789 
1 1.0 48.007462737669016 48.007462737669016 
2 1.0 53.22964296780048 53.22964296780048 
3 0.0 -0.0 -0.0 
4 0.0 -0.0 -0.0 
5 0.0 -0.0 -0.0 
6 0.0 -245.3617064173318 -245.3617064173318 
7 0.0 -187.6976632224293 -187.6976632224293 
8 0.0 -240.4188949043388 -240.4188949043388 
9 0.0 -211.95968779114187 -211.95968779114187 
10 0.0 -212.63221369180323 -212.63221369180323 
11 0.0 -186.84529456157614 -186.84529456157614 
Alfa 
0 1.0575296108291032 
1 3.90625 
2 8.305647840531561 
3 0.0 
4 0.0 
5 0.0 
6 0.0 
7 0.0 
8 0.0 
9 0.0 
10 0.0 
11 0.0 
Gamma 
6 7 0.11710874456686438 
6 8 0.18272156076209756 
7 6 0.11710874456686438 
7 9 0.19620081728811645 
8 6 0.18272156076209756 
8 11 0.22550963518842404 
9 7 0.19620081728811645 
9 10 0.11751164543144554 
10 9 0.11751164543144554 
10 11 0.11751164543144554 
11 8 0.22550963518842404 
11 10 0.11751164543144554 
