9 72 72 
K 
0 1 39.43230727129941 
0 2 26.315846507827935 
0 3 5.085719717228815 
0 4 26.200603489295716 
0 5 17.95214764762996 
0 6 4.702542289976338 
0 7 22.147933055813372 
0 8 4.8204076709494235 
1 0 145.65308498336216 
1 2 53.9770030796017 
1 3 9.011895942922783 
1 4 50.534324095657105 
1 5 33.49074381211134 
1 6 10.595993964002854 
1 7 48.01998141580707 
1 8 9.887242639995488 
2 0 206.67993735716018 
2 1 114.7683786410136 
2 3 12.78776957704183 
2 4 69.26839196459335 
2 5 49.31460909377846 
2 6 13.686826652017993 
2 7 67.2453852317525 
2 8 15.470015162372695 
3 0 1202.2641411528919 
3 1 576.7613403470583 
3 2 384.91186426895916 
3 4 383.2262485281158 
3 5 262.5792264225818 
3 6 68.78229507456619 
3 7 323.9493815895825 
3 8 70.50626711208457 
4 0 123.8764532973902 
4 1 64.68393484244115 
4 2 41.69957196268519 
4 3 7.664524970562316 
4 5 27.521283497026964 
4 6 7.713952343337729 
4 7 35.810800490527505 
4 8 7.638323034922817 
5 0 117.88576955277003 
5 1 59.539100110420186 
5 2 41.2324926034092 
5 3 7.2938674006272715 
5 4 38.22400485698188 
5 6 7.10039953406864 
5 7 33.97187232838359 
5 8 7.552765729147893 
6 0 1111.6809973504064 
6 1 678.1436136961827 
6 2 411.9734822257416 
6 3 68.78229507456616 
6 4 385.6976171668863 
6 5 255.614383226471 
6 7 366.5071758635958 
6 8 75.46328153867252 
7 0 130.894284359857 
7 1 76.8319702652913 
7 2 50.60215238689372 
7 3 8.098734539739558 
7 4 44.76350061315937 
7 5 30.574685095545235 
7 6 9.162679396589894 
7 8 9.269054045431398 
8 0 1139.5443734124437 
8 1 632.7835289597115 
8 2 465.6474563874181 
8 3 70.50626711208457 
8 4 381.91615174614094 
8 5 271.8995662493242 
8 6 75.46328153867252 
8 7 370.762161817256 
P 
0 1.0 5.208463805131524 5.208463805131524 
1 1.0 46.66587345040157 46.66587345040157 
2 1.0 51.382925291895106 51.382925291895106 
3 0.0 -0.4097598797169232 -0.4097598797169232 
4 0.0 -47.59104808199476 -47.59104808199476 
5 0.0 -47.68111038569468 -47.68111038569468 
6 0.0 -1.2211263330768787 -1.2211263330768787 
7 0.0 -47.92386342259115 -47.92386342259115 
8 0.0 -1.8650902432677154 -1.8650902432677154 
Alfa 
0 1.0575296108291032 
1 3.90625 
2 8.305647840531561 
3 250.0 
4 5.0 
5 6.944444444444445 
6 250.0 
7 6.25 
8 250.0 
Gamma 
0 1 0.009260549420217812 
0 2 0.00789335808138647 
0 3 -0.005508524116650371 
0 4 -0.0012229453183676409 
0 5 -0.0018896976383784292 
0 6 0.009260549420217812 
0 7 0.009362680539114931 
0 8 0.00789335808138647 
1 0 0.009260549420217812 
1 2 -0.0068270089104280895 
1 3 0.009260549420217812 
1 4 0.0038956040166655548 
1 5 0.00393796557977355 
1 6 -0.015099928952848396 
1 7 -0.011127867099792077 
1 8 -0.0068270089104280895 
2 0 0.00789335808138647 
2 1 -0.0068270089104280895 
2 3 0.00789335808138647 
2 4 0.004764689561867375 
2 5 -0.002143326739824758 
2 6 -0.0068270089104280895 
2 7 -0.012841518764721505 
2 8 -0.02186808764146786 
3 0 -0.005508524116650371 
3 1 0.009260549420217812 
3 2 0.00789335808138647 
3 4 -0.0012229453183676409 
3 5 -0.0018896976383784292 
3 6 0.009260549420217812 
3 7 0.009362680539114931 
3 8 0.00789335808138647 
4 0 -0.0012229453183676409 
4 1 0.0038956040166655548 
4 2 0.004764689561867375 
4 3 -0.0012229453183676409 
4 5 0.00047300984506093435 
4 6 0.0038956040166655548 
4 7 0.0049317667421959754 
4 8 0.004764689561867375 
5 0 -0.0018896976383782071 
5 1 0.00393796557977355 
5 2 -0.002143326739824758 
5 3 -0.0018896976383784292 
5 4 0.00047300984506093435 
5 6 0.00393796557977355 
5 7 0.0020007248297726488 
5 8 -0.002143326739824758 
6 0 0.009260549420217812 
6 1 -0.015099928952848396 
6 2 -0.0068270089104280895 
6 3 0.009260549420217812 
6 4 0.0038956040166655548 
6 5 0.00393796557977355 
6 7 -0.011127867099792077 
6 8 -0.0068270089104280895 
7 0 0.009362680539114931 
7 1 -0.011127867099792077 
7 2 -0.012841518764721505 
7 3 0.009362680539114931 
7 4 0.0049317667421959754 
7 5 0.0020007248297726488 
7 6 -0.011127867099792077 
7 8 -0.012841518764721505 
8 0 0.00789335808138647 
8 1 -0.0068270089104280895 
8 2 -0.02186808764146786 
8 3 0.00789335808138647 
8 4 0.004764689561867375 
8 5 -0.002143326739824758 
8 6 -0.0068270089104280895 
8 7 -0.012841518764721505 
