9 72 72 
K 
0 1 25.544304267222135 
0 2 17.379061185056873 
0 3 3.883879045344638 
0 4 18.84563193758755 
0 5 12.998458332033241 
0 6 3.125649498217941 
0 7 14.625008603918173 
0 8 3.2358607842393337 
1 0 94.35427388705178 
1 2 38.304294406486754 
1 3 6.110813144730939 
1 4 36.08522860994665 
1 5 22.96922311295568 
1 6 8.525944041347714 
1 7 36.64919357382232 
1 8 7.131994232489545 
2 0 136.49202870921738 
2 1 81.4443469108024 
2 3 8.839846345335914 
2 4 47.99414528197945 
2 5 36.317077074810975 
2 6 9.965684693988363 
2 7 51.4416537885916 
2 8 12.834671953917443 
3 0 918.149006319472 
3 1 391.09204126278007 
3 2 266.07937499461104 
3 4 288.53307517228615 
3 5 199.0108459860158 
3 6 47.85476361940363 
3 7 223.9138873604593 
3 8 49.54213612990143 
4 0 89.10214780091394 
4 1 46.189092620731714 
4 2 28.89247545975162 
4 3 5.770661503445725 
4 5 20.018641403549058 
4 6 5.651784940503763 
4 7 25.54264395342227 
4 8 5.379578753091413 
5 0 85.35654304701826 
5 1 40.834174423032316 
5 2 30.36511166532806 
5 3 5.528079055167104 
5 4 27.803668616040337 
5 6 4.9965469977301735 
5 7 24.298990579868747 
5 8 5.653773411613766 
6 0 738.9035413787209 
6 1 545.6604186462537 
6 2 299.9671092890498 
6 3 47.85476361940361 
6 4 282.58924702518806 
6 5 179.87569191828624 
6 7 287.0057476441223 
6 8 55.85179746905264 
7 0 86.43380084915637 
7 1 58.63870971811573 
7 2 38.709844475915176 
7 3 5.597847184011484 
7 4 31.928304941777835 
7 5 21.869091521881877 
7 6 7.175143691103057 
7 8 7.207504845619636 
8 0 764.9574893941781 
8 1 456.4476308793308 
8 2 386.323625812915 
8 3 49.54213612990143 
8 4 268.9789376545706 
8 5 203.53584281809566 
8 6 55.851797469052634 
8 7 288.3001938247855 
P 
0 1.0 4.756136571877002 4.756136571877002 
1 1.0 46.120520640772305 46.120520640772305 
2 1.0 50.671136748765356 50.671136748765356 
3 0.0 -0.8974768298065424 -0.8974768298065424 
4 0.0 -47.960249851107804 -47.960249851107804 
5 0.0 -48.01850178960954 -48.01850178960954 
6 0.0 -1.8081353707657848 -1.8081353707657848 
7 0.0 -48.259445383736924 -48.259445383736924 
8 0.0 -2.669807850175521 -2.669807850175521 
Alfa 
0 1.0575296108291032 
1 3.90625 
2 8.305647840531561 
3 250.0 
4 5.0 
5 6.944444444444445 
6 250.0 
7 6.25 
8 250.0 
Gamma 
0 1 0.02114746487937813 
0 2 0.02023742375299542 
0 3 -0.01509347150238427 
0 4 -0.004909995105616627 
0 5 -0.004004713570545881 
0 6 0.02114746487937791 
0 7 0.022692189751666758 
0 8 0.02023742375299542 
1 0 0.02114746487937791 
1 2 -0.008312509162746062 
1 3 0.02114746487937813 
1 4 0.010410814841020022 
1 5 0.013467227697321782 
1 6 -0.027084161225727987 
1 7 -0.01816477485998158 
1 8 -0.00831250916274584 
2 0 0.02023742375299542 
2 1 -0.008312509162746062 
2 3 0.02023742375299542 
2 4 0.015175014247326812 
2 5 0.0011555420246254222 
2 6 -0.008312509162746062 
2 7 -0.02013605440052202 
2 8 -0.03712487386523322 
3 0 -0.01509347150238427 
3 1 0.02114746487937813 
3 2 0.02023742375299542 
3 4 -0.004909995105616627 
3 5 -0.004004713570545881 
3 6 0.02114746487937791 
3 7 0.022692189751666758 
3 8 0.02023742375299542 
4 0 -0.004909995105616627 
4 1 0.010410814841020022 
4 2 0.015175014247326812 
4 3 -0.004909995105616405 
4 5 0.0030569676607399288 
4 6 0.010410814841020022 
4 7 0.014260731326894538 
4 8 0.015175014247326812 
5 0 -0.004004713570545659 
5 1 0.013467227697321782 
5 2 0.0011555420246254222 
5 3 -0.004004713570545659 
5 4 0.0030569676607399288 
5 6 0.013467227697321782 
5 7 0.00991608174215819 
5 8 0.0011555420246254222 
6 0 0.02114746487937791 
6 1 -0.027084161225727987 
6 2 -0.008312509162746062 
6 3 0.02114746487937813 
6 4 0.010410814841020022 
6 5 0.013467227697321782 
6 7 -0.01816477485998158 
6 8 -0.008312509162746062 
7 0 0.02269218975166698 
7 1 -0.01816477485998158 
7 2 -0.02013605440052202 
7 3 0.02269218975166698 
7 4 0.014260731326894538 
7 5 0.00991608174215819 
7 6 -0.01816477485998158 
7 8 -0.02013605440052202 
8 0 0.02023742375299542 
8 1 -0.008312509162746062 
8 2 -0.03712487386523322 
8 3 0.02023742375299542 
8 4 0.015175014247326812 
8 5 0.0011555420246254222 
8 6 -0.008312509162746062 
8 7 -0.02013605440052202 
