9 72 72 
K 
0 1 39.923246956677644 
0 2 26.635337898277854 
0 3 5.135264504909179 
0 4 26.48236523454099 
0 5 18.143245447076545 
0 6 4.759190621810629 
0 7 22.41693544027472 
0 8 4.877699289905786 
1 0 147.46649344622804 
1 2 54.56710282038484 
1 3 9.11756298683821 
1 4 51.08422502032662 
1 5 33.87667658474019 
1 6 10.689433860696216 
1 7 48.48701657350927 
1 8 9.992811793704188 
2 0 209.1891654203617 
2 1 116.02307576427346 
2 3 12.933754287578141 
2 4 70.05507981306685 
2 5 49.826576024805746 
2 6 13.830937515932586 
2 7 67.89782242608528 
2 8 15.598319149317755 
3 0 1213.9765289605295 
3 1 583.5240311576456 
3 2 389.306004056102 
3 4 387.07013317371803 
3 5 265.1843356590989 
3 6 69.56102793192517 
3 7 327.64921521799903 
3 8 71.29316800081912 
4 0 125.20862282890977 
4 1 65.3878080260181 
4 2 42.17315804746624 
4 3 7.741402663474361 
4 5 27.812621644254047 
4 6 7.794782901197075 
4 7 36.201233613021316 
4 8 7.723122711895872 
5 0 119.14064510246929 
5 1 60.225202817315875 
5 2 41.66055384296258 
5 3 7.366231546086082 
5 4 38.62864117257506 
5 6 7.179356447531419 
5 7 34.34080886750049 
5 8 7.629250083966044 
6 0 1125.0726629960327 
6 1 684.1237670845579 
6 2 416.3112192295708 
6 3 69.56102793192517 
6 4 389.7391450598536 
6 5 258.45683211113123 
6 7 369.92414739272556 
6 8 76.23860249759335 
7 0 132.48408845202363 
7 1 77.57922651761487 
7 2 51.093111375629185 
7 3 8.191230380449976 
7 4 45.251542016276645 
7 5 30.906727980750453 
7 6 9.24810368481814 
7 8 9.356623671445783 
8 0 1153.0881121337277 
8 1 639.539954797068 
8 2 469.5094063944644 
8 3 71.29316800081911 
8 4 386.15613559479345 
8 5 274.6530030227776 
8 6 76.23860249759333 
8 7 374.2649468578313 
P 
0 1.0 5.217742653856803 5.217742653856803 
1 1.0 46.673483869382466 46.673483869382466 
2 1.0 51.39166353682135 51.39166353682135 
3 0.0 -0.4007881411749849 -0.4007881411749849 
4 0.0 -47.58533863960398 -47.58533863960398 
5 0.0 -47.676495841824334 -47.676495841824334 
6 0.0 -1.2132307626293546 -1.2132307626293546 
7 0.0 -47.919717964370946 -47.919717964370946 
8 0.0 -1.8553282878505197 -1.8553282878505197 
Alfa 
0 1.0575296108291032 
1 3.90625 
2 8.305647840531561 
3 250.0 
4 5.0 
5 6.944444444444445 
6 250.0 
7 6.25 
8 250.0 
Gamma 
0 1 0.009054799152487192 
0 2 0.007681037117299061 
0 3 -0.00533975360592942 
0 4 -0.0011655684237752428 
0 5 -0.001858086099746803 
0 6 0.009054799152487192 
0 7 0.009134825360901377 
0 8 0.007681037117299061 
1 0 0.009054799152487192 
1 2 -0.006799278443615275 
1 3 0.009054799152487192 
1 4 0.003777356125795883 
1 5 0.003774870392186269 
1 6 -0.014877073569468102 
1 7 -0.01099854170275738 
1 8 -0.006799278443615497 
2 0 0.007681037117299061 
2 1 -0.006799278443615275 
2 3 0.007681037117299061 
2 4 0.0045876949696623814 
2 5 -0.0022071238795267067 
2 6 -0.006799278443615275 
2 7 -0.012709301085089386 
2 8 -0.02158009567644048 
3 0 -0.00533975360592942 
3 1 0.009054799152487192 
3 2 0.007681037117299061 
3 4 -0.0011655684237752428 
3 5 -0.001858086099746803 
3 6 0.009054799152487192 
3 7 0.009134825360901377 
3 8 0.007681037117299061 
4 0 -0.0011655684237752428 
4 1 0.003777356125795883 
4 2 0.0045876949696623814 
4 3 -0.0011655684237752428 
4 5 0.00042480005747336236 
4 6 0.003777356125795883 
4 7 0.004770012867260087 
4 8 0.0045876949696623814 
5 0 -0.001858086099746803 
5 1 0.003774870392186269 
5 2 -0.0022071238795267067 
5 3 -0.001858086099746803 
5 4 0.00042480005747336236 
5 6 0.003774870392186269 
5 7 0.0018623752756405931 
5 8 -0.0022071238795267067 
6 0 0.009054799152487192 
6 1 -0.014877073569468324 
6 2 -0.006799278443615275 
6 3 0.009054799152487192 
6 4 0.003777356125795883 
6 5 0.003774870392186269 
6 7 -0.01099854170275738 
6 8 -0.006799278443615497 
7 0 0.009134825360901377 
7 1 -0.01099854170275738 
7 2 -0.012709301085089386 
7 3 0.009134825360901377 
7 4 0.004770012867260087 
7 5 0.0018623752756405931 
7 6 -0.01099854170275738 
7 8 -0.012709301085089386 
8 0 0.007681037117299061 
8 1 -0.006799278443615275 
8 2 -0.02158009567644048 
8 3 0.007681037117299061 
8 4 0.0045876949696623814 
8 5 -0.0022071238795267067 
8 6 -0.006799278443615275 
8 7 -0.012709301085089386 
