3 6 6 
K 
0 1 114.36754023822127 
0 2 75.96476161511183 
1 0 422.44510175492985 
1 2 153.15646921598025 
2 0 596.6136094954296 
2 1 325.64830663862926 
P 
0 1.0 -76.29668972627722 -76.29668972627722 
1 1.0 -42.012077936818926 -42.012077936818926 
2 1.0 -31.92570161748504 -31.92570161748504 
Alfa 
0 1.0575296108291032 
1 3.90625 
2 8.305647840531561 
Gamma 
0 1 -0.39346101656428467 
0 2 -0.3942988315805631 
1 0 -0.39346101656428445 
1 2 -0.39768277292971743 
2 0 -0.39429883158056334 
2 1 -0.3976827729297172 
