9 72 72 
K 
0 1 28.31886780989495 
0 2 19.14173864397054 
0 3 4.076441137867098 
0 4 20.170884235292903 
0 5 13.881956296392296 
0 6 3.434746163259678 
0 7 16.10818829936835 
0 8 3.5440890797229083 
1 0 104.60281797279949 
1 2 41.20605591221513 
1 3 6.6699734286607315 
1 4 38.71200879016662 
1 5 24.981356217436034 
1 6 8.801778830326297 
1 7 38.487371868035 
1 8 7.629293006930369 
2 0 150.33578124367563 
2 1 87.61420526185282 
2 3 9.586124788081872 
2 4 52.02069769276011 
2 5 38.559860298119396 
2 6 10.626574388155637 
2 7 53.96995789737279 
2 8 13.119388187969204 
3 0 963.6706849917824 
3 1 426.87829943428704 
3 2 288.54235612126433 
3 4 304.05568535614566 
3 5 209.25645532179266 
3 6 51.77532558870232 
3 7 242.8146518555025 
3 8 53.423559499335575 
4 0 95.36794066446488 
4 1 49.5513712514133 
4 2 31.316460011041578 
4 3 6.081113707122914 
4 5 21.342047845198184 
4 6 6.009999532205132 
4 7 27.41137882169235 
4 8 5.798236304708498 
5 0 91.15817967964276 
5 1 44.4112999421085 
5 2 32.240327638149815 
5 3 5.812679314494241 
5 4 29.641733118330798 
5 6 5.386569233824811 
5 7 26.051266612259962 
5 8 5.969290211004266 
6 0 811.9739929945885 
6 1 563.3138451408834 
6 2 319.85988908348463 
6 3 51.77532558870234 
6 4 300.4999766102567 
6 5 193.91649241769323 
6 7 298.75624405914454 
6 8 59.22199446074013 
7 0 95.19939284926693 
7 1 61.579794988855994 
7 2 40.61239331777302 
7 3 6.07036629638756 
7 4 34.264223527115426 
7 5 23.446139951033963 
7 6 7.468906101478612 
7 8 7.519376496359631 
8 0 837.8226584464958 
8 1 488.2747524435436 
8 2 394.89358445787286 
8 3 53.423559499335575 
8 4 289.91181523542485 
8 5 214.89444759615364 
8 6 59.22199446074011 
8 7 300.77505985438523 
P 
0 1.0 4.886317306942542 4.886317306942542 
1 1.0 46.302816737817615 46.302816737817615 
2 1.0 50.92084705557636 50.92084705557636 
3 0.0 -0.7448527979953947 -0.7448527979953947 
4 0.0 -47.835553188670964 -47.835553188670964 
5 0.0 -47.89974278154244 -47.89974278154244 
6 0.0 -1.6049137555256556 -1.6049137555256556 
7 0.0 -48.140985962539894 -48.140985962539894 
8 0.0 -2.382311430248736 -2.382311430248736 
Alfa 
0 1.0575296108291032 
1 3.90625 
2 8.305647840531561 
3 250.0 
4 5.0 
5 6.944444444444445 
6 250.0 
7 6.25 
8 250.0 
Gamma 
0 1 0.017301494510546966 
0 2 0.016227564924930382 
0 3 -0.012121928618745947 
0 4 -0.003707779165656122 
0 5 -0.003322156123017672 
0 6 0.017301494510546966 
0 7 0.018347816874868084 
0 8 0.016227564924930382 
1 0 0.017301494510546966 
1 2 -0.007919190271396648 
1 3 0.017301494510546966 
1 4 0.008348547650776084 
1 5 0.010346743750920151 
1 6 -0.023492133502698076 
1 7 -0.016063604801174414 
1 8 -0.007919190271396648 
2 0 0.016227564924930382 
2 1 -0.007919190271396648 
2 3 0.016227564924930382 
2 4 0.01175599476548661 
2 5 0.00013289961333162736 
2 6 -0.007919190271396648 
2 7 -0.017935343356760836 
2 8 -0.0325890788944323 
3 0 -0.012121928618745947 
3 1 0.017301494510546966 
3 2 0.016227564924930382 
3 4 -0.003707779165656122 
3 5 -0.003322156123017672 
3 6 0.017301494510546966 
3 7 0.018347816874868084 
3 8 0.016227564924930382 
4 0 -0.003707779165656122 
4 1 0.008348547650776084 
4 2 0.01175599476548661 
4 3 -0.003707779165656122 
4 5 0.0022206438137064577 
4 6 0.008348547650776084 
4 7 0.011232893714950398 
4 8 0.01175599476548661 
5 0 -0.003322156123017672 
5 1 0.010346743750920151 
5 2 0.00013289961333162736 
5 3 -0.00332215612301745 
5 4 0.0022206438137064577 
5 6 0.010346743750920151 
5 7 0.0073522187219263735 
5 8 0.00013289961333162736 
6 0 0.017301494510546966 
6 1 -0.023492133502698076 
6 2 -0.007919190271396648 
6 3 0.017301494510546966 
6 4 0.008348547650776084 
6 5 0.010346743750920151 
6 7 -0.016063604801174414 
6 8 -0.007919190271396648 
7 0 0.018347816874868084 
7 1 -0.016063604801174414 
7 2 -0.017935343356760836 
7 3 0.018347816874868084 
7 4 0.011232893714950398 
7 5 0.0073522187219263735 
7 6 -0.016063604801174414 
7 8 -0.017935343356760836 
8 0 0.016227564924930382 
8 1 -0.007919190271396648 
8 2 -0.0325890788944323 
8 3 0.016227564924930382 
8 4 0.01175599476548661 
8 5 0.00013289961333162736 
8 6 -0.007919190271396648 
8 7 -0.017935343356760836 
