12 24 12 
K 
0 3 134.92557115253808 
1 4 254.13587518077813 
2 5 350.097707534246 
3 0 127.58562008184002 
3 6 1860.4640859103124 
4 1 65.0587840462792 
4 9 1730.5481778361209 
5 2 42.15176398712322 
5 11 1859.0430863884053 
6 3 1860.4640859103124 
6 7 1199.0399117000889 
6 8 1117.3267511628646 
7 6 1199.0399117000886 
7 9 630.9839281197037 
8 6 1117.3267511628646 
8 11 609.2776048306264 
9 4 1730.5481778361209 
9 7 630.9839281197037 
9 10 1470.4361672953498 
10 9 1470.43616729535 
10 11 1057.8924074491229 
11 5 1859.0430863884053 
11 8 609.2776048306264 
11 10 1057.8924074491229 
P 
0 1.0 5.661245644793789 5.661245644793789 
1 1.0 48.007462737669016 48.007462737669016 
2 1.0 53.22964296780048 53.22964296780048 
3 0.0 -0.0 -0.0 
4 0.0 -0.0 -0.0 
5 0.0 -0.0 -0.0 
6 0.0 -349.82263093164113 -349.82263093164113 
7 0.0 -263.596020314027 -263.596020314027 
8 0.0 -339.8864330748451 -339.8864330748451 
9 0.0 -302.1999509101427 -302.1999509101427 
10 0.0 -299.9487763343484 -299.9487763343484 
11 0.0 -266.3932912561085 -266.3932912561085 
Alfa 
0 1.0575296108291032 
1 3.90625 
2 8.305647840531561 
3 0.0 
4 0.0 
5 0.0 
6 0.0 
7 0.0 
8 0.0 
9 0.0 
10 0.0 
11 0.0 
Gamma 
6 7 0.11710874456686438 
6 8 0.18272156076209756 
7 6 0.11710874456686438 
7 9 0.19620081728811645 
8 6 0.18272156076209756 
8 11 0.22550963518842404 
9 7 0.19620081728811645 
9 10 0.11751164543144554 
10 9 0.11751164543144554 
10 11 0.11751164543144554 
11 8 0.22550963518842404 
11 10 0.11751164543144554 
