9 72 72 
K 
0 1 47.56602237511006 
0 2 31.62306806297083 
0 3 5.932020406483131 
0 4 30.949145132381826 
0 5 21.177020801623954 
0 6 5.644464160215524 
0 7 26.616454579302427 
0 8 5.774422658897196 
1 0 175.69699514806285 
1 2 63.89459441286634 
1 3 10.77421889190668 
1 4 59.78884134301018 
1 5 39.938760975709705 
1 6 12.216144785975114 
1 7 55.996113898267986 
1 8 11.667254835109757 
2 0 248.3619033251265 
2 1 135.85561602735694 
2 3 15.23022922833966 
2 4 82.43465327618107 
2 5 57.98573305947566 
2 6 16.121426962782564 
2 7 78.39483025221642 
2 8 17.718374430513737 
3 0 1402.3296240926115 
3 1 689.550009082027 
3 2 458.4298997730235 
3 4 448.6602461483512 
3 5 306.9967627507825 
3 6 81.82606235699112 
3 7 385.8505626590536 
3 8 83.71003077544617 
4 0 146.32755818590124 
4 1 76.52971691905302 
4 2 49.625661272260984 
4 3 8.973204922967025 
4 5 32.44260299764007 
4 6 9.08146661779883 
4 7 42.38015148613797 
4 8 9.061724888384532 
5 0 139.06243659733067 
5 1 71.00224173459502 
5 2 48.48251569695049 
5 3 8.527687854188406 
5 4 45.059170830055656 
5 6 8.425543880995011 
5 7 40.18295921378717 
5 8 8.852984683311877 
6 0 1334.3513274749503 
6 1 781.8332663024072 
6 2 485.2549515797552 
6 3 81.82606235699114 
6 4 454.07333088994164 
6 5 303.3195797158205 
6 7 425.26901982942763 
6 8 88.60832801436149 
7 0 157.30324656367745 
7 1 89.5937822372288 
7 2 58.992109764792865 
7 3 9.646264066476347 
7 4 52.97518935767247 
7 5 36.164663292408456 
7 6 10.631725495735694 
7 8 10.772053320178964 
8 0 1365.0735165632968 
8 1 746.7043094470241 
8 2 533.3230703584636 
8 3 83.71003077544617 
8 4 453.08624441922666 
8 5 318.7074485992275 
8 6 88.60832801436149 
8 7 430.8821328071584 
P 
0 1.0 5.3319646165100405 5.3319646165100405 
1 1.0 46.74398193967694 46.74398193967694 
2 1.0 51.46453162652011 51.46453162652011 
3 0.0 -0.29272317193223263 -0.29272317193223263 
4 0.0 -47.52249959470781 -47.52249959470781 
5 0.0 -47.62985228741566 -47.62985228741566 
6 0.0 -1.1386765791952587 -1.1386765791952587 
7 0.0 -47.88429120505557 -47.88429120505557 
8 0.0 -1.7715268260768837 -1.7715268260768837 
Alfa 
0 1.0575296108291032 
1 3.90625 
2 8.305647840531561 
3 250.0 
4 5.0 
5 6.944444444444445 
6 250.0 
7 6.25 
8 250.0 
Gamma 
0 1 0.006603941885257036 
0 2 0.005156268478265336 
0 3 -0.003403975080940702 
0 4 -0.0005563873195502111 
0 5 -0.0015465864245030048 
0 6 0.0066039418852572584 
0 7 0.00643185394329393 
0 8 0.005156268478265336 
1 0 0.006603941885257036 
1 2 -0.0065161046894866015 
1 3 0.006603941885257036 
1 4 0.00233649517504686 
1 5 0.001826104071267265 
1 6 -0.01227358013427371 
1 7 -0.00951208975633655 
1 8 -0.0065161046894866015 
2 0 0.005156268478265336 
2 1 -0.0065161046894866015 
2 3 0.005156268478265336 
2 4 0.00247957438881774 
2 5 -0.003014959214835411 
2 6 -0.0065161046894866015 
2 7 -0.011193682169089447 
2 8 -0.018191845171836807 
3 0 -0.003403975080940702 
3 1 0.006603941885257036 
3 2 0.005156268478265336 
3 4 -0.0005563873195502111 
3 5 -0.0015465864245030048 
3 6 0.0066039418852572584 
3 7 0.00643185394329393 
3 8 0.005156268478265336 
4 0 -0.0005563873195502111 
4 1 0.00233649517504686 
4 2 0.00247957438881774 
4 3 -0.0005563873195502111 
4 5 -0.0001934152595535199 
4 6 0.00233649517504686 
4 7 0.002832381249616711 
4 8 0.00247957438881774 
5 0 -0.0015465864245030048 
5 1 0.001826104071267265 
5 2 -0.003014959214835411 
5 3 -0.0015465864245030048 
5 4 -0.0001934152595535199 
5 6 0.001826104071267265 
5 7 0.0001956556619933103 
5 8 -0.003014959214835411 
6 0 0.006603941885257036 
6 1 -0.012273580134273931 
6 2 -0.0065161046894866015 
6 3 0.006603941885257036 
6 4 0.00233649517504686 
6 5 0.001826104071267265 
6 7 -0.00951208975633655 
6 8 -0.0065161046894866015 
7 0 0.00643185394329393 
7 1 -0.00951208975633655 
7 2 -0.011193682169089447 
7 3 0.00643185394329393 
7 4 0.002832381249616711 
7 5 0.0001956556619933103 
7 6 -0.00951208975633655 
7 8 -0.011193682169089447 
8 0 0.005156268478265336 
8 1 -0.0065161046894866015 
8 2 -0.018191845171836807 
8 3 0.005156268478265336 
8 4 0.00247957438881774 
8 5 -0.003014959214835411 
8 6 -0.0065161046894866015 
8 7 -0.011193682169089447 
