9 72 72 
K 
0 1 34.320991862384055 
0 2 22.99961504457191 
0 3 4.588749274529652 
0 4 23.326167344225542 
0 5 16.005843776474773 
0 6 4.115239981132893 
0 7 19.355814724122315 
0 8 4.227447429969092 
1 0 126.7731636916811 
1 2 47.934942029755604 
1 3 7.92029589081544 
1 4 44.91503774274263 
1 5 29.51178715693937 
1 6 9.676792720484343 
1 7 43.333192675757275 
1 8 8.810688661384049 
2 0 180.63485038328247 
2 1 101.92147142539399 
2 3 11.285365305769796 
2 4 61.17425200701994 
2 5 44.12446410874151 
2 6 12.220838949744147 
2 7 60.704078201692234 
2 8 14.226081220190684 
3 0 1084.78032849881 
3 1 506.8989370121881 
3 2 339.68949570367084 
3 4 344.51246277399997 
3 5 236.39600011590758 
3 6 60.77944309857187 
3 7 285.87291264783744 
3 8 62.43667482334197 
4 0 110.28611920349842 
4 1 57.49124831071057 
4 2 36.826899708225994 
4 3 6.890249255480001 
4 5 24.558000395158444 
4 6 6.893457058645761 
4 7 31.820080418049965 
4 8 6.768973403405382 
5 0 105.105040798851 
5 1 52.46539939011443 
5 2 36.89295471314221 
5 3 6.566555558775212 
5 4 34.1083338821645 
5 6 6.29083535994599 
5 7 30.203516141320655 
5 8 6.781114652736227 
6 0 972.8427315398158 
6 1 619.3147341109978 
6 2 367.8472523872988 
6 3 60.77944309857188 
6 4 344.67285293228787 
6 5 226.47007295805565 
6 7 332.53395514804174 
6 8 67.61221519196181 
7 0 114.39286501956289 
7 1 69.33310828121164 
7 2 45.679818846773415 
7 3 7.146822816195936 
7 4 39.77510052256246 
7 5 27.18316452718859 
7 6 8.313348878701042 
7 8 8.396185432278404 
8 0 999.3685724446933 
8 1 563.8840743285792 
8 2 428.20504472773956 
8 3 62.43667482334196 
8 4 338.448670170269 
8 5 244.1201274985041 
8 6 67.61221519196181 
8 7 335.84741729113614 
P 
0 1.0 5.0915806952196005 5.0915806952196005 
1 1.0 46.553185604321584 46.553185604321584 
2 1.0 51.246676074587626 51.246676074587626 
3 0.0 -0.5256481341140983 -0.5256481341140983 
4 0.0 -47.66962330620635 -47.66962330620635 
5 0.0 -47.747934566508064 -47.747934566508064 
6 0.0 -1.3381285024919531 -1.3381285024919531 
7 0.0 -47.98797316262152 -47.98797316262152 
8 0.0 -2.0164954956404326 -2.0164954956404326 
Alfa 
0 1.0575296108291032 
1 3.90625 
2 8.305647840531561 
3 250.0 
4 5.0 
5 6.944444444444445 
6 250.0 
7 6.25 
8 250.0 
Gamma 
0 1 0.011965000246294322 
0 2 0.010688768036618557 
0 3 -0.007756103617925225 
0 4 -0.0020252667371185584 
0 5 -0.0023461028852744814 
0 6 0.011965000246294322 
0 7 0.012368425170169006 
0 8 0.010688768036618557 
1 0 0.011965000246294322 
1 2 -0.007209994061819991 
1 3 0.011965000246294322 
1 4 0.005423837622967387 
1 5 0.006082156931950022 
1 6 -0.018020821272301424 
1 7 -0.012837851314771997 
1 8 -0.007209994061819991 
2 0 0.010688768036618557 
2 1 -0.007209994061819991 
2 3 0.010688768036618557 
2 4 0.007097151598444373 
2 5 -0.0013408367758180884 
2 6 -0.007209994061819991 
2 7 -0.014595417783793918 
2 8 -0.025623317159889192 
3 0 -0.007756103617925225 
3 1 0.011965000246294322 
3 2 0.010688768036618557 
3 4 -0.0020252667371185584 
3 5 -0.0023461028852744814 
3 6 0.011965000246294322 
3 7 0.012368425170169006 
3 8 0.010688768036618557 
4 0 -0.0020252667371185584 
4 1 0.005423837622967387 
4 2 0.007097151598444373 
4 3 -0.0020252667371185584 
4 5 0.0010787109194181355 
4 6 0.005423837622967387 
4 7 0.007052049583645026 
4 8 0.007097151598444373 
5 0 -0.0023461028852744814 
5 1 0.006082156931950244 
5 2 -0.0013408367758180884 
5 3 -0.0023461028852744814 
5 4 0.0010787109194181355 
5 6 0.006082156931950022 
5 7 0.0038074828971701447 
5 8 -0.0013408367758180884 
6 0 0.011965000246294322 
6 1 -0.018020821272301424 
6 2 -0.007209994061819991 
6 3 0.011965000246294322 
6 4 0.005423837622967387 
6 5 0.006082156931950022 
6 7 -0.012837851314771997 
6 8 -0.007209994061819991 
7 0 0.012368425170169006 
7 1 -0.012837851314771997 
7 2 -0.01459541778379414 
7 3 0.012368425170169006 
7 4 0.007052049583645026 
7 5 0.0038074828971701447 
7 6 -0.012837851314771997 
7 8 -0.014595417783793918 
8 0 0.010688768036618557 
8 1 -0.007209994061819991 
8 2 -0.025623317159889192 
8 3 0.010688768036618557 
8 4 0.007097151598444373 
8 5 -0.0013408367758180884 
8 6 -0.007209994061819991 
8 7 -0.014595417783793918 
