12 24 12 
K 
0 3 134.92557115253808 
1 4 254.13587518077813 
2 5 350.097707534246 
3 0 127.58562008184002 
3 6 2480.6187812137564 
4 1 65.0587840462792 
4 9 2307.3975704481672 
5 2 42.15176398712322 
5 11 2478.7241151845465 
6 3 2480.6187812137564 
6 7 1598.7198822667892 
6 8 1489.7690015504897 
7 6 1598.7198822667892 
7 9 841.3119041596074 
8 6 1489.7690015504897 
8 11 812.3701397741705 
9 4 2307.3975704481672 
9 7 841.3119041596071 
9 10 1960.581556393805 
10 9 1960.5815563938054 
10 11 1410.5232099321677 
11 5 2478.7241151845465 
11 8 812.3701397741705 
11 10 1410.523209932168 
P 
0 1.0 5.661245644793789 5.661245644793789 
1 1.0 48.007462737669016 48.007462737669016 
2 1.0 53.22964296780048 53.22964296780048 
3 0.0 -0.0 -0.0 
4 0.0 -0.0 -0.0 
5 0.0 -0.0 -0.0 
6 0.0 -466.4301745755227 -466.4301745755227 
7 0.0 -348.3197677651137 -348.3197677651137 
8 0.0 -450.91996405587673 -450.91996405587673 
9 0.0 -402.9332678801914 -402.9332678801914 
10 0.0 -397.41842765626035 -397.41842765626035 
11 0.0 -355.1910550081455 -355.1910550081455 
Alfa 
0 1.0575296108291032 
1 3.90625 
2 8.305647840531561 
3 0.0 
4 0.0 
5 0.0 
6 0.0 
7 0.0 
8 0.0 
9 0.0 
10 0.0 
11 0.0 
Gamma 
6 7 0.11710874456686438 
6 8 0.18272156076209756 
7 6 0.11710874456686438 
7 9 0.19620081728811645 
8 6 0.18272156076209756 
8 11 0.22550963518842404 
9 7 0.19620081728811645 
9 10 0.11751164543144554 
10 9 0.11751164543144554 
10 11 0.11751164543144554 
11 8 0.22550963518842404 
11 10 0.11751164543144554 
