9 72 72 
K 
0 1 40.171992840704334 
0 2 26.79726777079223 
0 3 5.1604635614094105 
0 4 26.625428630471955 
0 5 18.24029085256393 
0 6 4.7879055304837745 
0 7 22.553275749737434 
0 8 4.906745499177716 
1 0 148.38529855535162 
1 2 54.86661642676624 
1 3 9.171145407208522 
1 4 51.363386515960116 
1 5 34.072420147715704 
1 6 10.737049778126542 
1 7 48.72454826231528 
1 8 10.04641687764074 
2 0 210.46093358854768 
2 1 116.65991532601461 
2 3 13.007810364430568 
2 4 70.45416966214678 
2 5 50.08668922425096 
2 6 13.904131069376167 
2 7 68.22967681405953 
2 8 15.663792303224936 
3 0 1219.9335859171847 
3 1 586.9533060613455 
3 2 391.53509196936 
3 4 389.02434892702007 
3 5 266.5090343385914 
3 6 69.95612568613558 
3 7 329.52609088410514 
3 8 71.6924974114252 
4 0 125.88502656487138 
4 1 65.74513474042894 
4 2 42.413410136612335 
4 3 7.780486978540401 
4 5 27.96059126705769 
4 6 7.835844626237904 
4 7 36.399434815586105 
4 8 7.766157769242179 
5 0 119.77790993183645 
5 1 60.57319137371679 
5 2 41.87803737916537 
5 3 7.40302873162754 
5 4 38.83415453758012 
5 6 7.219425711024441 
5 7 34.52811061562392 
5 8 7.668127705488869 
6 0 1131.8608674063642 
6 1 687.1711858000987 
6 2 418.5143451882225 
6 3 69.95612568613558 
6 4 391.79223131189525 
6 5 259.89932559688 
6 7 371.66356773272423 
6 8 76.63256557192318 
7 0 133.28985968094818 
7 1 77.95927721970446 
7 2 51.342831802579774 
7 3 8.238152272102628 
7 4 45.49929351948263 
7 5 31.07529955406153 
7 6 9.291589193318103 
7 8 9.401190114498709 
8 0 1159.9546360056115 
8 1 642.9706801690072 
8 2 471.48014832707037 
8 3 71.6924974114252 
8 4 388.30788846210885 
8 5 276.05259739759924 
8 6 76.63256557192318 
8 7 376.0476045799483 
P 
0 1.0 5.222335386366594 5.222335386366594 
1 1.0 46.677164235657 46.677164235657 
2 1.0 51.39585672550524 51.39585672550524 
3 0.0 -0.39635889810038083 -0.39635889810038083 
4 0.0 -47.582543309924645 -47.582543309924645 
5 0.0 -47.67425280814458 -47.67425280814458 
6 0.0 -1.2094097581780237 -1.2094097581780237 
7 0.0 -47.917725638232916 -47.917725638232916 
8 0.0 -1.850636994088558 -1.850636994088558 
Alfa 
0 1.0575296108291032 
1 3.90625 
2 8.305647840531561 
3 250.0 
4 5.0 
5 6.944444444444445 
6 250.0 
7 6.25 
8 250.0 
Gamma 
0 1 0.008953400037375658 
0 2 0.007576419139894375 
0 3 -0.005256803220629269 
0 4 -0.0011375570066325391 
0 5 -0.0018427367768378833 
0 6 0.008953400037375658 
0 7 0.009022579825971544 
0 8 0.007576419139894375 
1 0 0.008953400037375658 
1 2 -0.006785754191664051 
1 3 0.008953400037375658 
1 4 0.0037189539315067854 
1 5 0.003694480532528077 
1 6 -0.014767334642381336 
1 7 -0.010934944705813798 
1 8 -0.006785754191664051 
2 0 0.007576419139894375 
2 1 -0.006785754191664051 
2 3 0.007576419139894375 
2 4 0.004500480661598472 
2 5 -0.0022387469519107306 
2 6 -0.006785754191664051 
2 7 -0.012644303199983442 
2 8 -0.021438188156976068 
3 0 -0.005256803220629269 
3 1 0.008953400037375658 
3 2 0.007576419139894375 
3 4 -0.0011375570066325391 
3 5 -0.0018427367768378833 
3 6 0.008953400037375658 
3 7 0.009022579825971544 
3 8 0.007576419139894375 
4 0 -0.0011375570066325391 
4 1 0.0037189539315067854 
4 2 0.004500480661598472 
4 3 -0.0011375570066325391 
4 5 0.00040088497102375165 
4 6 0.0037189539315067854 
4 7 0.004690260018792802 
4 8 0.004500480661598472 
5 0 -0.0018427367768378833 
5 1 0.003694480532528077 
5 2 -0.0022387469519107306 
5 3 -0.0018427367768376612 
5 4 0.00040088497102375165 
5 6 0.003694480532528077 
5 7 0.0017941268075740702 
5 8 -0.0022387469519107306 
6 0 0.008953400037375658 
6 1 -0.014767334642381336 
6 2 -0.006785754191664051 
6 3 0.008953400037375658 
6 4 0.0037189539315067854 
6 5 0.003694480532528077 
6 7 -0.010934944705813798 
6 8 -0.006785754191664051 
7 0 0.009022579825971544 
7 1 -0.010934944705813798 
7 2 -0.012644303199983442 
7 3 0.009022579825971544 
7 4 0.004690260018792802 
7 5 0.0017941268075740702 
7 6 -0.010934944705813798 
7 8 -0.012644303199983442 
8 0 0.007576419139894375 
8 1 -0.006785754191664051 
8 2 -0.021438188156976068 
8 3 0.007576419139894375 
8 4 0.004500480661598472 
8 5 -0.0022387469519107306 
8 6 -0.006785754191664051 
8 7 -0.012644303199983442 
