3 6 6 
K 
0 1 38.671325922301456 
0 2 26.55100232955287 
1 0 142.84221012550108 
1 2 60.65038198715327 
2 0 208.52680899356477 
2 1 128.95762282982759 
P 
0 1.0 -7.773648540062024 -7.773648540062024 
1 1.0 30.199878071424706 30.199878071424706 
2 1.0 34.68511648051759 34.68511648051759 
Alfa 
0 1.0575296108291032 
1 3.90625 
2 8.305647840531561 
Gamma 
0 1 -0.16347814212862977 
0 2 -0.16219146094276904 
1 0 -0.16347814212862977 
1 2 -0.1778625493909447 
2 0 -0.16219146094276904 
2 1 -0.1778625493909447 
