12 24 12 
K 
0 3 134.92557115253808 
1 4 254.13587518077813 
2 5 350.097707534246 
3 0 127.58562008184002 
3 6 1175.7099431794345 
4 1 65.0587840462792 
4 9 1093.6103068269938 
5 2 42.15176398712322 
5 11 1174.8119504260067 
6 3 1175.7099431794345 
6 7 757.7266108660289 
6 8 706.0884330265328 
7 6 757.7266108660288 
7 9 398.74678790897974 
8 6 706.0884330265328 
8 11 385.0295974971321 
9 4 1093.6103068269938 
9 7 398.74678790897974 
9 10 929.2339668324785 
10 9 929.2339668324785 
10 11 668.5292297074324 
11 5 1174.8119504260067 
11 8 385.0295974971321 
11 10 668.5292297074324 
P 
0 1.0 5.661245644793789 5.661245644793789 
1 1.0 48.007462737669016 48.007462737669016 
2 1.0 53.22964296780048 53.22964296780048 
3 0.0 -0.0 -0.0 
4 0.0 -0.0 -0.0 
5 0.0 -0.0 -0.0 
6 0.0 -221.06846815819003 -221.06846815819003 
7 0.0 -170.04688250345308 -170.04688250345308 
8 0.0 -217.28690928329087 -217.28690928329087 
9 0.0 -190.97358008904862 -190.97358008904862 
10 0.0 -192.32603633307184 -192.32603633307184 
11 0.0 -168.34576044656865 -168.34576044656865 
Alfa 
0 1.0575296108291032 
1 3.90625 
2 8.305647840531561 
3 0.0 
4 0.0 
5 0.0 
6 0.0 
7 0.0 
8 0.0 
9 0.0 
10 0.0 
11 0.0 
Gamma 
6 7 0.11710874456686438 
6 8 0.18272156076209756 
7 6 0.11710874456686438 
7 9 0.19620081728811645 
8 6 0.18272156076209756 
8 11 0.22550963518842404 
9 7 0.19620081728811645 
9 10 0.11751164543144554 
10 9 0.11751164543144554 
10 11 0.11751164543144554 
11 8 0.22550963518842404 
11 10 0.11751164543144554 
