3 6 6 
K 
0 1 69.72261608660018 
0 2 46.630051166529725 
1 0 257.53791316987935 
1 2 96.63081942563227 
2 0 366.2240563377949 
2 1 205.46087851297233 
P 
0 1.0 -26.86831381700314 -26.86831381700314 
1 1.0 10.493160101314388 10.493160101314388 
2 1.0 16.936222647437745 16.936222647437745 
Alfa 
0 1.0575296108291032 
1 3.90625 
2 8.305647840531561 
Gamma 
0 1 -0.2478467614312705 
0 2 -0.2482990322670835 
1 0 -0.2478467614312705 
1 2 -0.2547647639241435 
2 0 -0.24829903226708328 
2 1 -0.2547647639241437 
