3 6 6 
K 
0 1 57.48674720437193 
0 2 38.64557196052213 
1 0 212.34167248614878 
1 2 81.70665352428165 
2 0 303.51538908529676 
2 1 173.72843274265867 
P 
0 1.0 -17.703612626156865 -17.703612626156865 
1 1.0 20.175576784984013 20.175576784984013 
2 1.0 25.870530239689444 25.870530239689444 
Alfa 
0 1.0575296108291032 
1 3.90625 
2 8.305647840531561 
Gamma 
0 1 -0.21100570969965804 
0 2 -0.21114996225522553 
1 0 -0.21100570969965804 
1 2 -0.21973139860053004 
2 0 -0.21114996225522553 
2 1 -0.21973139860053004 
