12 24 12 
K 
0 3 134.92557115253808 
1 4 254.13587518077813 
2 5 350.097707534246 
3 0 127.58562008184002 
3 6 258.39778970976636 
4 1 65.0587840462792 
4 9 240.35391358835076 
5 2 42.15176398712322 
5 11 258.2004286650569 
6 3 258.39778970976636 
6 7 166.5333210694572 
6 8 155.18427099484268 
7 6 166.5333210694572 
7 9 87.63665668329243 
8 6 155.18427099484268 
8 11 84.62188955980945 
9 4 240.35391358835076 
9 7 87.6366566832924 
9 10 204.22724545768804 
10 9 204.227245457688 
10 11 146.92950103460078 
11 5 258.2004286650569 
11 8 84.62188955980945 
11 10 146.9295010346008 
P 
0 1.0 5.661245644793789 5.661245644793789 
1 1.0 48.007462737669016 48.007462737669016 
2 1.0 53.22964296780048 53.22964296780048 
3 0.0 -0.0 -0.0 
4 0.0 -0.0 -0.0 
5 0.0 -0.0 -0.0 
6 0.0 -48.58647651828362 -48.58647651828362 
7 0.0 -44.726339398721905 -44.726339398721905 
8 0.0 -53.049811373850076 -53.049811373850076 
9 0.0 -41.9722154041866 -41.9722154041866 
10 0.0 -48.15217708607851 -48.15217708607851 
11 0.0 -36.999068230015155 -36.999068230015155 
Alfa 
0 1.0575296108291032 
1 3.90625 
2 8.305647840531561 
3 0.0 
4 0.0 
5 0.0 
6 0.0 
7 0.0 
8 0.0 
9 0.0 
10 0.0 
11 0.0 
Gamma 
6 7 0.11710874456686438 
6 8 0.18272156076209756 
7 6 0.11710874456686438 
7 9 0.19620081728811645 
8 6 0.18272156076209756 
8 11 0.22550963518842404 
9 7 0.19620081728811645 
9 10 0.11751164543144554 
10 9 0.11751164543144554 
10 11 0.11751164543144554 
11 8 0.22550963518842404 
11 10 0.11751164543144554 
