9 72 72 
K 
0 1 51.0135921864839 
0 2 33.87899323079821 
0 3 6.302193527148335 
0 4 32.998222962991186 
0 5 22.57049947015839 
0 6 6.045246399624077 
0 7 28.51585588660006 
0 8 6.1809847002443705 
1 0 188.43145613882487 
1 2 68.16270326215188 
1 3 11.52648922893843 
1 4 63.776504030243444 
1 5 42.69644660935674 
1 6 12.935215150421273 
1 7 59.48452877557234 
1 8 12.435807142216298 
2 0 266.07953487577066 
2 1 144.9306647434459 
2 3 16.276278683146007 
2 4 88.0757156844041 
2 5 61.746131982443714 
2 6 17.174669371108816 
2 7 83.27386579583684 
2 8 18.726224144477953 
3 0 1489.8385498178664 
3 1 737.6953106520598 
3 2 489.91598836269475 
3 4 477.1793809513245 
3 5 326.38657472590444 
3 6 87.41885700651547 
3 7 412.36094666449145 
3 8 89.38173598742361 
4 0 156.01559816902238 
4 1 81.63392515871163 
4 2 53.02158084201127 
4 3 9.543587619026496 
4 5 34.5711353138779 
4 6 9.673837324548092 
4 7 45.210162868750864 
4 8 9.67341555088827 
5 0 148.2129465207067 
5 1 75.90479397218978 
5 2 51.62662701865432 
5 3 9.066293742386234 
5 4 48.015465713719294 
5 6 8.994920036157813 
5 7 42.860121391615955 
5 8 9.418916009506427 
6 0 1429.0962488711318 
6 1 827.8537696269618 
6 2 516.9575480703752 
6 3 87.41885700651548 
6 4 483.69186622740466 
6 5 323.8171213016813 
6 7 451.140795071964 
6 8 94.3152788966023 
7 0 168.5287082898064 
7 1 95.17524604091577 
7 2 62.66358401136722 
7 3 10.309023666612287 
7 4 56.51270358593858 
7 5 38.574109252454356 
7 6 11.278519876799098 
7 8 11.432531403697006 
8 0 1461.1847831377693 
8 1 795.8916571018431 
8 2 563.6593467487863 
8 3 89.38173598742361 
8 4 483.6707775444134 
8 5 339.08097634223134 
8 6 94.31527889660227 
8 7 457.3012561478802 
P 
0 1.0 5.369584828050735 5.369584828050735 
1 1.0 46.754377382540014 46.754377382540014 
2 1.0 51.46980628100265 51.46980628100265 
3 0.0 -0.2579959264993312 -0.2579959264993312 
4 0.0 -47.505416501115214 -47.505416501115214 
5 0.0 -47.619552445252886 -47.619552445252886 
6 0.0 -1.1262033905909568 -1.1262033905909568 
7 0.0 -47.88102755718459 -47.88102755718459 
8 0.0 -1.7631660208082176 -1.7631660208082176 
Alfa 
0 1.0575296108291032 
1 3.90625 
2 8.305647840531561 
3 250.0 
4 5.0 
5 6.944444444444445 
6 250.0 
7 6.25 
8 250.0 
Gamma 
0 1 0.00581467560881288 
0 2 0.004345151293148719 
0 3 -0.002830939426927026 
0 4 -0.00040353847131013865 
0 5 -0.0014846592271464676 
0 6 0.00581467560881288 
0 7 0.005566761549091304 
0 8 0.004345151293148719 
1 0 0.005814675608812658 
1 2 -0.006456637563667655 
1 3 0.00581467560881288 
1 4 0.0018553870637714187 
1 5 0.0011935934075688603 
1 6 -0.011480072697312993 
1 7 -0.009073843882947186 
1 8 -0.006456637563667655 
2 0 0.004345151293148719 
2 1 -0.006456637563667655 
2 3 0.004345151293148719 
2 4 0.0017988415930632051 
2 5 -0.003301286963848238 
2 6 -0.006456637563667655 
2 7 -0.010748194087799812 
2 8 -0.017146307281540762 
3 0 -0.002830939426927026 
3 1 0.00581467560881288 
3 2 0.004345151293148719 
3 4 -0.00040353847131013865 
3 5 -0.0014846592271464676 
3 6 0.00581467560881288 
3 7 0.005566761549091304 
3 8 0.004345151293148719 
4 0 -0.00040353847131013865 
4 1 0.0018553870637714187 
4 2 0.0017988415930632051 
4 3 -0.00040353847131013865 
4 5 -0.00041828540060850905 
4 6 0.0018553870637714187 
4 7 0.0022016826466890738 
4 8 0.0017988415930632051 
5 0 -0.0014846592271464676 
5 1 0.0011935934075688603 
5 2 -0.003301286963848238 
5 3 -0.0014846592271464676 
5 4 -0.00041828540060850905 
5 6 0.0011935934075688603 
5 7 -0.0003521124205199122 
5 8 -0.003301286963848238 
6 0 0.005814675608812658 
6 1 -0.011480072697312993 
6 2 -0.006456637563667655 
6 3 0.00581467560881288 
6 4 0.0018553870637714187 
6 5 0.0011935934075688603 
6 7 -0.009073843882947186 
6 8 -0.006456637563667655 
7 0 0.005566761549091304 
7 1 -0.009073843882947186 
7 2 -0.010748194087799812 
7 3 0.005566761549091304 
7 4 0.0022016826466890738 
7 5 -0.0003521124205199122 
7 6 -0.009073843882947186 
7 8 -0.010748194087799812 
8 0 0.004345151293148719 
8 1 -0.006456637563667655 
8 2 -0.017146307281540762 
8 3 0.004345151293148719 
8 4 0.0017988415930632051 
8 5 -0.003301286963848238 
8 6 -0.006456637563667655 
8 7 -0.010748194087799812 
