9 72 72 
K 
0 1 21.84094005335787 
0 2 15.05191121868867 
0 3 3.691714291294314 
0 4 17.263254728124284 
0 5 11.957837060487085 
0 6 2.7205298158139453 
0 7 12.66866627862072 
0 8 2.834726445725192 
1 0 80.67497232209062 
1 2 34.68998474949608 
1 3 5.390092752441545 
1 4 32.91853137764378 
1 5 20.38847773156489 
1 6 8.350773979226592 
1 7 34.76714869378641 
1 8 6.5331648414922885 
2 0 118.21501036870437 
2 1 73.75943601221759 
2 3 7.898234759526266 
2 4 42.885728506376566 
2 5 33.806575474328554 
2 6 9.187550736306711 
2 7 48.91346922135256 
2 8 12.805168232158412 
3 0 872.7212584619757 
3 1 344.9659361562588 
3 2 237.73686626174057 
3 4 272.6638511823481 
3 5 188.86762409939126 
3 6 42.96930958376889 
3 7 200.094790424725 
3 8 44.772984116411855 
4 0 81.62066835457162 
4 1 42.135720163384036 
4 2 25.817208560838687 
4 3 5.4532770236469625 
4 5 18.489810054196283 
4 6 5.248468368817093 
4 7 23.28831326618584 
4 8 4.862154898398886 
5 0 78.52313003053183 
5 1 36.24618263389314 
5 2 28.266053382702488 
5 3 5.246322891649757 
5 4 25.680291741939286 
5 6 4.514861554678534 
5 7 22.199042241259434 
5 8 5.323345844661939 
6 0 643.1332484584167 
6 1 534.4495346705019 
6 2 276.545277162832 
6 3 42.969309583768904 
6 4 262.4234184408547 
6 5 162.53501596842716 
6 7 277.16042082792274 
6 8 52.081772156651034 
7 0 74.87181770664844 
7 1 55.62743791005827 
7 2 36.807385589067806 
7 3 5.002369760618125 
7 4 29.11039158273231 
7 5 19.979138017133494 
7 6 6.929010520698067 
7 8 6.931934942440149 
8 0 670.1293317694357 
8 1 418.1225498555065 
8 2 385.43556378796814 
8 3 44.772984116411855 
8 4 243.1077449199444 
8 5 191.64045040782983 
8 6 52.08177215665105 
8 7 277.27739769760586 
P 
0 1.0 4.544982469421459 4.544982469421459 
1 1.0 45.79374727903278 45.79374727903278 
2 1.0 50.20055668419381 50.20055668419381 
3 0.0 -1.1779555348790527 -1.1779555348790527 
4 0.0 -48.203834187448194 -48.203834187448194 
5 0.0 -48.25687501671036 -48.25687501671036 
6 0.0 -2.1981944041756454 -2.1981944041756454 
7 0.0 -48.48764289435342 -48.48764289435342 
8 0.0 -3.2338297689740805 -3.2338297689740805 
Alfa 
0 1.0575296108291032 
1 3.90625 
2 8.305647840531561 
3 250.0 
4 5.0 
5 6.944444444444445 
6 250.0 
7 6.25 
8 250.0 
Gamma 
0 1 0.028401348941708537 
0 2 0.02784322647001436 
0 3 -0.020203447063844582 
0 4 -0.007048345831981662 
0 5 -0.005150467238765 
0 6 0.028401348941708537 
0 7 0.03096488924128793 
0 8 0.02784322647001458 
1 0 0.028401348941708537 
1 2 -0.008708056999717106 
1 3 0.028401348941708537 
1 4 0.014231315197712258 
1 5 0.01948904856292022 
1 6 -0.03302601571767916 
1 7 -0.021547962366952778 
1 8 -0.008708056999717106 
2 0 0.02784322647001436 
2 1 -0.008708056999717106 
2 3 0.02784322647001436 
2 4 0.021787651145482645 
2 5 0.0030596539088731944 
2 6 -0.008708056999717106 
2 7 -0.02373102960412199 
2 8 -0.04456456012488896 
3 0 -0.02020344706384436 
3 1 0.028401348941708537 
3 2 0.02784322647001436 
3 4 -0.007048345831981662 
3 5 -0.005150467238765 
3 6 0.028401348941708537 
3 7 0.03096488924128793 
3 8 0.02784322647001458 
4 0 -0.00704834583198144 
4 1 0.014231315197712258 
4 2 0.021787651145482645 
4 3 -0.00704834583198144 
4 5 0.004734781666655419 
4 6 0.014231315197712258 
4 7 0.0200280172573275 
4 8 0.021787651145482645 
5 0 -0.005150467238765 
5 1 0.01948904856292022 
5 2 0.0030596539088731944 
5 3 -0.005150467238765 
5 4 0.004734781666655419 
5 6 0.01948904856292022 
5 7 0.014808073890702378 
5 8 0.0030596539088734165 
6 0 0.028401348941708537 
6 1 -0.03302601571767938 
6 2 -0.008708056999717106 
6 3 0.028401348941708537 
6 4 0.014231315197712258 
6 5 0.01948904856292022 
6 7 -0.021547962366952778 
6 8 -0.008708056999717106 
7 0 0.03096488924128793 
7 1 -0.021547962366952778 
7 2 -0.02373102960412199 
7 3 0.03096488924128793 
7 4 0.02002801725732728 
7 5 0.014808073890702378 
7 6 -0.021547962366952778 
7 8 -0.02373102960412199 
8 0 0.02784322647001436 
8 1 -0.008708056999717106 
8 2 -0.04456456012488896 
8 3 0.02784322647001436 
8 4 0.021787651145482645 
8 5 0.0030596539088731944 
8 6 -0.008708056999717106 
8 7 -0.02373102960412199 
