3 6 6 
K 
0 1 106.7808085607917 
0 2 70.97049337555558 
1 0 394.4216116214245 
1 2 143.4556793134751 
2 0 557.3895227236326 
2 1 305.02204239409986 
P 
0 1.0 -66.17625805777107 -66.17625805777107 
1 1.0 -31.27714076495664 -31.27714076495664 
2 1.0 -21.930296436806632 -21.930296436806632 
Alfa 
0 1.0575296108291032 
1 3.90625 
2 8.305647840531561 
Gamma 
0 1 -0.3678642672754411 
0 2 -0.3686676744768098 
1 0 -0.3678642672754411 
1 2 -0.37234919675885636 
2 0 -0.3686676744768096 
2 1 -0.37234919675885636 
