12 24 12 
K 
0 3 134.92557115253808 
1 4 254.13587518077813 
2 5 350.097707534246 
3 0 127.58562008184002 
3 6 658.9143637599036 
4 1 65.0587840462792 
4 9 612.902479650294 
5 2 42.15176398712322 
5 11 658.4110930958948 
6 3 658.9143637599036 
6 7 424.65996872711565 
6 8 395.7198910368487 
7 6 424.65996872711565 
7 9 223.47347454239556 
8 6 395.7198910368487 
8 11 215.78581837751392 
9 4 612.902479650294 
9 7 223.47347454239556 
9 10 520.7794759171042 
10 9 520.7794759171042 
10 11 374.67022763823184 
11 5 658.4110930958948 
11 8 215.78581837751392 
11 10 374.67022763823184 
P 
0 1.0 5.661245644793789 5.661245644793789 
1 1.0 48.007462737669016 48.007462737669016 
2 1.0 53.22964296780048 53.22964296780048 
3 0.0 -0.0 -0.0 
4 0.0 -0.0 -0.0 
5 0.0 -0.0 -0.0 
6 0.0 -123.89551512162315 -123.89551512162315 
7 0.0 -99.44375962754827 -99.44375962754827 
8 0.0 -124.75896679909897 -124.75896679909897 
9 0.0 -107.02914928067575 -107.02914928067575 
10 0.0 -111.10132689814611 -111.10132689814611 
11 0.0 -94.34762398653861 -94.34762398653861 
Alfa 
0 1.0575296108291032 
1 3.90625 
2 8.305647840531561 
3 0.0 
4 0.0 
5 0.0 
6 0.0 
7 0.0 
8 0.0 
9 0.0 
10 0.0 
11 0.0 
Gamma 
6 7 0.11710874456686438 
6 8 0.18272156076209756 
7 6 0.11710874456686438 
7 9 0.19620081728811645 
8 6 0.18272156076209756 
8 11 0.22550963518842404 
9 7 0.19620081728811645 
9 10 0.11751164543144554 
10 9 0.11751164543144554 
10 11 0.11751164543144554 
11 8 0.22550963518842404 
11 10 0.11751164543144554 
