12 24 12 
K 
0 3 134.92557115253808 
1 4 254.13587518077813 
2 5 350.097707534246 
3 0 127.58562008184002 
3 6 387.5966845646496 
4 1 65.0587840462792 
4 9 360.53087038252625 
5 2 42.15176398712322 
5 11 387.3006429975855 
6 3 387.5966845646496 
6 7 249.79998160418592 
6 8 232.7764064922641 
7 6 249.79998160418583 
7 9 131.45498502493865 
8 6 232.7764064922641 
8 11 126.93283433971418 
9 4 360.53087038252625 
9 7 131.45498502493868 
9 10 306.3408681865321 
10 9 306.3408681865322 
10 11 220.39425155190128 
11 5 387.3006429975855 
11 8 126.9328343397142 
11 10 220.39425155190128 
P 
0 1.0 5.661245644793789 5.661245644793789 
1 1.0 48.007462737669016 48.007462737669016 
2 1.0 53.22964296780048 53.22964296780048 
3 0.0 -0.0 -0.0 
4 0.0 -0.0 -0.0 
5 0.0 -0.0 -0.0 
6 0.0 -72.87971477742545 -72.87971477742545 
7 0.0 -62.3771201176982 -62.3771201176982 
8 0.0 -76.18179699489815 -76.18179699489815 
9 0.0 -62.95832310627991 -62.95832310627991 
10 0.0 -68.45835444481001 -68.45835444481001 
11 0.0 -55.49860234502275 -55.49860234502275 
Alfa 
0 1.0575296108291032 
1 3.90625 
2 8.305647840531561 
3 0.0 
4 0.0 
5 0.0 
6 0.0 
7 0.0 
8 0.0 
9 0.0 
10 0.0 
11 0.0 
Gamma 
6 7 0.11710874456686438 
6 8 0.18272156076209756 
7 6 0.11710874456686438 
7 9 0.19620081728811645 
8 6 0.18272156076209756 
8 11 0.22550963518842404 
9 7 0.19620081728811645 
9 10 0.11751164543144554 
10 9 0.11751164543144554 
10 11 0.11751164543144554 
11 8 0.22550963518842404 
11 10 0.11751164543144554 
