12 24 12 
K 
0 3 134.92557115253808 
1 4 254.13587518077813 
2 5 350.097707534246 
3 0 127.58562008184002 
3 6 2428.939223271803 
4 1 65.0587840462792 
4 9 2259.3267877304966 
5 2 42.15176398712322 
5 11 2427.084029451534 
6 3 2428.939223271803 
6 7 1565.4132180528973 
6 8 1458.7321473515208 
7 6 1565.4132180528975 
7 9 823.7845728229485 
8 6 1458.7321473515208 
8 11 795.4457618622084 
9 4 2259.3267877304966 
9 7 823.7845728229485 
9 10 1919.7361073022669 
10 9 1919.7361073022669 
10 11 1381.137309725247 
11 5 2427.084029451534 
11 8 795.4457618622084 
11 10 1381.137309725247 
P 
0 1.0 5.661245644793789 5.661245644793789 
1 1.0 48.007462737669016 48.007462737669016 
2 1.0 53.22964296780048 53.22964296780048 
3 0.0 -0.0 -0.0 
4 0.0 -0.0 -0.0 
5 0.0 -0.0 -0.0 
6 0.0 -456.7128792718658 -456.7128792718658 
7 0.0 -341.25945547752315 -341.25945547752315 
8 0.0 -441.6671698074573 -441.6671698074573 
9 0.0 -394.5388247993539 -394.5388247993539 
10 0.0 -389.29595671276763 -389.29595671276763 
11 0.0 -347.7912413621424 -347.7912413621424 
Alfa 
0 1.0575296108291032 
1 3.90625 
2 8.305647840531561 
3 0.0 
4 0.0 
5 0.0 
6 0.0 
7 0.0 
8 0.0 
9 0.0 
10 0.0 
11 0.0 
Gamma 
6 7 0.11710874456686438 
6 8 0.18272156076209756 
7 6 0.11710874456686438 
7 9 0.19620081728811645 
8 6 0.18272156076209756 
8 11 0.22550963518842404 
9 7 0.19620081728811645 
9 10 0.11751164543144554 
10 9 0.11751164543144554 
10 11 0.11751164543144554 
11 8 0.22550963518842404 
11 10 0.11751164543144554 
