3 6 6 
K 
0 1 87.47204568304258 
0 2 58.27189770873487 
1 0 323.09986874173836 
1 2 118.89117368647759 
2 0 457.6570305097981 
2 1 252.79186431676305 
P 
0 1.0 -43.578245195231304 -43.578245195231304 
1 1.0 -7.26870862314718 -7.26870862314718 
2 1.0 0.4252885027599451 0.4252885027599451 
Alfa 
0 1.0575296108291032 
1 3.90625 
2 8.305647840531561 
Gamma 
0 1 -0.30419248726735737 
0 2 -0.3048682121195412 
1 0 -0.3041924872673576 
1 2 -0.30961345047676114 
2 0 -0.3048682121195412 
2 1 -0.30961345047676114 
