3 6 6 
K 
0 1 43.56580641688508 
0 2 29.66240759355757 
1 0 160.9211974523693 
1 2 65.76731012757669 
2 0 232.96322774475118 
2 1 139.83747003870138 
P 
0 1.0 -9.827238488761932 -9.827238488761932 
1 1.0 28.24957300866419 28.24957300866419 
2 1.0 33.09309909635855 33.09309909635855 
Alfa 
0 1.0575296108291032 
1 3.90625 
2 8.305647840531561 
Gamma 
0 1 -0.17386161003203227 
0 2 -0.1731757723246694 
1 0 -0.17386161003203227 
1 2 -0.18631744585119092 
2 0 -0.1731757723246694 
2 1 -0.18631744585119092 
