3 6 6 
K 
0 1 32.470278350970574 
0 2 22.65425113069215 
1 0 119.93709065889759 
1 2 54.64282872296832 
2 0 177.92242416264534 
2 1 116.18408765016521 
P 
0 1.0 -5.729930014504575 -5.729930014504575 
1 1.0 31.926674305771996 31.926674305771996 
2 1.0 35.83984475634697 35.83984475634697 
Alfa 
0 1.0575296108291032 
1 3.90625 
2 8.305647840531561 
Gamma 
0 1 -0.1543010172844732 
0 2 -0.15173156651897446 
1 0 -0.1543010172844732 
1 2 -0.17134708765661633 
2 0 -0.15173156651897446 
2 1 -0.17134708765661633 
