3 6 6 
K 
0 1 35.826111591118234 
0 2 24.75705794731891 
1 0 132.33269968969304 
1 2 57.83020729358125 
2 0 194.43749165269742 
2 1 122.96123809930903 
P 
0 1.0 -6.760289477717747 -6.760289477717747 
1 1.0 31.095184876246634 31.095184876246634 
2 1.0 35.33857139336682 35.33857139336682 
Alfa 
0 1.0575296108291032 
1 3.90625 
2 8.305647840531561 
Gamma 
0 1 -0.1585897068637785 
0 2 -0.1568072631614228 
1 0 -0.1585897068637785 
1 2 -0.174204098555639 
2 0 -0.15680726316142257 
2 1 -0.174204098555639 
