9 72 72 
K 
0 1 4.545573853431599 
0 2 3.8717151999401476 
0 3 3.655234256606546 
0 4 10.59197228206169 
0 5 7.856811197883826 
0 6 0.8284849503453713 
0 7 3.3546299716360366 
0 8 0.9462430930145247 
1 0 16.79021342111297 
1 2 14.664151819385964 
1 3 2.0239799446282274 
1 4 19.80847810985995 
1 5 7.418709419645152 
1 6 10.836920603593017 
1 7 29.91705515566188 
1 8 3.5839031688655356 
2 0 30.407756586905336 
2 1 31.17959190832897 
2 3 3.6655096602669466 
2 4 17.16691083130319 
2 5 27.196953268478723 
2 6 5.682851821769348 
2 7 44.88768126043925 
2 8 20.301590030243784 
3 0 864.0973782617873 
3 1 129.53471645620655 
3 2 110.33184077403504 
3 4 301.8382652023291 
3 5 223.89468163618395 
3 6 23.60924419921252 
3 7 95.59652008806705 
3 8 26.96498499518325 
4 0 50.078844949587676 
4 1 25.354851980620733 
4 2 10.334480320444523 
4 3 6.036765304046584 
4 5 13.937769288067646 
4 6 4.621223625774033 
4 7 14.339517760249487 
4 8 2.525736041552421 
5 0 51.59306019943711 
5 1 13.188816746035823 
5 2 22.739674816144703 
5 3 6.219296712116223 
5 4 19.358012900093954 
5 6 2.4038188662812616 
5 7 14.185334527127575 
5 8 5.55755243373942 
6 0 195.85384226164587 
6 1 693.5629186299528 
6 2 171.05383983525735 
6 3 23.609244199212522 
6 4 231.06118128870173 
6 5 86.53747918612544 
6 7 348.9753259492256 
6 8 41.805377234417264 
7 0 19.82586313236897 
7 1 47.867288249059 
7 2 33.77798014848054 
7 3 2.3899130022016766 
7 4 17.924397200311855 
7 5 12.766801074414813 
7 6 8.724383148730638 
7 8 8.25530256253754 
8 0 223.6918671886336 
8 1 229.36980280739428 
8 2 611.0778599103379 
8 3 26.96498499518326 
8 4 126.28680207762098 
8 5 200.07188761461907 
8 6 41.80537723441726 
8 7 330.21210250150165 
P 
0 1.0 4.287418709291746 4.287418709291746 
1 1.0 44.653010296446965 44.653010296446965 
2 1.0 47.485933603180555 47.485933603180555 
3 0.0 -4.719320538232131 -4.719320538232131 
4 0.0 -51.373988333660385 -51.373988333660385 
5 0.0 -51.985884904160095 -51.985884904160095 
6 0.0 -7.131705876305135 -7.131705876305135 
7 0.0 -50.90561019435828 -50.90561019435828 
8 0.0 -10.326605581584978 -10.326605581584978 
Alfa 
0 1.0575296108291032 
1 3.90625 
2 8.305647840531561 
3 250.0 
4 5.0 
5 6.944444444444445 
6 250.0 
7 6.25 
8 250.0 
Gamma 
0 1 0.11098136579848972 
0 2 0.12125272408860144 
0 3 -0.04532267078605012 
0 4 -0.01022414928940174 
0 5 0.0034963114052897204 
0 6 0.11098136579848972 
0 7 0.1373221748693927 
0 8 0.12125272408860144 
1 0 0.11098136579848972 
1 2 0.01777778029350796 
1 3 0.11098136579848972 
1 4 0.05667756499074739 
1 5 0.11041036979049124 
1 6 -0.056447187553493317 
1 7 -0.020608432764198437 
1 8 0.01777778029350796 
2 0 0.12125272408860144 
2 1 0.01777778029350796 
2 3 0.12125272408860144 
2 4 0.12099578209547168 
2 5 0.03496471952156344 
2 6 0.01777778029350796 
2 7 -0.02285003869765667 
2 8 -0.06920036642526184 
3 0 -0.04532267078605012 
3 1 0.11098136579848972 
3 2 0.12125272408860144 
3 4 -0.01022414928940174 
3 5 0.0034963114052897204 
3 6 0.11098136579848972 
3 7 0.1373221748693927 
3 8 0.12125272408860144 
4 0 -0.01022414928940174 
4 1 0.05667756499074739 
4 2 0.12099578209547168 
4 3 -0.01022414928940174 
4 5 0.04494143126796368 
4 6 0.05667756499074739 
4 7 0.09638393133056433 
4 8 0.12099578209547168 
5 0 0.0034963114052897204 
5 1 0.11041036979049124 
5 2 0.03496471952156344 
5 3 0.0034963114052897204 
5 4 0.04494143126796368 
5 6 0.11041036979049124 
5 7 0.08528751659029155 
5 8 0.03496471952156344 
6 0 0.11098136579848972 
6 1 -0.056447187553493317 
6 2 0.01777778029350796 
6 3 0.11098136579848972 
6 4 0.05667756499074739 
6 5 0.11041036979049124 
6 7 -0.020608432764198437 
6 8 0.01777778029350796 
7 0 0.1373221748693927 
7 1 -0.020608432764198437 
7 2 -0.02285003869765667 
7 3 0.1373221748693927 
7 4 0.09638393133056411 
7 5 0.08528751659029155 
7 6 -0.020608432764198437 
7 8 -0.02285003869765667 
8 0 0.12125272408860144 
8 1 0.01777778029350796 
8 2 -0.06920036642526184 
8 3 0.12125272408860144 
8 4 0.12099578209547168 
8 5 0.03496471952156344 
8 6 0.01777778029350796 
8 7 -0.02285003869765667 
