3 6 6 
K 
0 1 46.09512063082762 
0 2 31.281804818871333 
1 0 170.2638518301196 
1 2 68.53135875526844 
2 0 245.6816830292751 
2 1 145.71451695472362 
P 
0 1.0 -11.040305350006715 -11.040305350006715 
1 1.0 27.047201888048193 27.047201888048193 
2 1.0 32.056791949844616 32.056791949844616 
Alfa 
0 1.0575296108291032 
1 3.90625 
2 8.305647840531561 
Gamma 
0 1 -0.17995167935317302 
0 2 -0.17948926375487861 
1 0 -0.17995167935317302 
1 2 -0.19154180387728825 
2 0 -0.17948926375487884 
2 1 -0.19154180387728847 
