3 6 6 
K 
0 1 86.46430105302632 
0 2 57.609855268326115 
1 0 319.37751201461606 
1 2 117.61641097720972 
2 0 452.45746795456125 
2 1 250.08140540004734 
P 
0 1.0 -42.52429879461565 -42.52429879461565 
1 1.0 -6.147960914337045 -6.147960914337045 
2 1.0 1.4684957087341786 1.4684957087341786 
Alfa 
0 1.0575296108291032 
1 3.90625 
2 8.305647840531561 
Gamma 
0 1 -0.3009305477200188 
0 2 -0.3015972548142154 
1 0 -0.3009305477200186 
1 2 -0.3064152967874485 
2 0 -0.3015972548142154 
2 1 -0.3064152967874485 
