12 24 12 
K 
0 3 134.92557115253808 
1 4 254.13587518077813 
2 5 350.097707534246 
3 0 127.58562008184002 
3 6 2222.2209915039866 
4 1 65.0587840462792 
4 9 2067.043656859813 
5 2 42.15176398712322 
5 11 2220.523686519486 
6 3 2222.2209915039866 
6 7 1432.1865611973299 
6 8 1334.584730555645 
7 6 1432.1865611973294 
7 9 753.6752474763136 
8 6 1334.584730555645 
8 11 727.7482502143599 
9 4 2067.043656859813 
9 7 753.6752474763136 
9 10 1756.3543109361137 
10 9 1756.3543109361137 
10 11 1263.5937088975645 
11 5 2220.523686519486 
11 8 727.7482502143599 
11 10 1263.5937088975647 
P 
0 1.0 5.661245644793789 5.661245644793789 
1 1.0 48.007462737669016 48.007462737669016 
2 1.0 53.22964296780048 53.22964296780048 
3 0.0 -0.0 -0.0 
4 0.0 -0.0 -0.0 
5 0.0 -0.0 -0.0 
6 0.0 -417.84369805723844 -417.84369805723844 
7 0.0 -313.01820632716067 -313.01820632716067 
8 0.0 -404.65599281377985 -404.65599281377985 
9 0.0 -360.96105247600417 -360.96105247600417 
10 0.0 -356.8060729387968 -356.8060729387968 
11 0.0 -318.19198677812983 -318.19198677812983 
Alfa 
0 1.0575296108291032 
1 3.90625 
2 8.305647840531561 
3 0.0 
4 0.0 
5 0.0 
6 0.0 
7 0.0 
8 0.0 
9 0.0 
10 0.0 
11 0.0 
Gamma 
6 7 0.11710874456686438 
6 8 0.18272156076209756 
7 6 0.11710874456686438 
7 9 0.19620081728811645 
8 6 0.18272156076209756 
8 11 0.22550963518842404 
9 7 0.19620081728811645 
9 10 0.11751164543144554 
10 9 0.11751164543144554 
10 11 0.11751164543144554 
11 8 0.22550963518842404 
11 10 0.11751164543144554 
