9 72 72 
K 
0 1 16.406147885488505 
0 2 11.672699979081827 
0 3 3.5665758572699158 
0 4 15.338933480412633 
0 5 10.733592009852021 
0 6 2.1407226528985595 
0 7 9.83628068206209 
0 8 2.265489488358941 
1 0 60.600208752023164 
1 2 29.751043339440777 
1 3 4.383039241186081 
1 4 29.011422155384764 
1 5 16.768539712216718 
1 6 8.586284918868428 
1 7 33.28198708513129 
1 8 5.774214712448734 
2 0 91.67529153006463 
2 1 63.25803234964153 
2 3 6.630610826237993 
2 4 35.83837380217955 
2 5 31.28236855861123 
2 6 8.25409497548457 
2 7 47.17910107048577 
2 8 13.71340726715685 
3 0 843.1385326586081 
3 1 280.5145114359091 
3 2 199.58138586976347 
3 4 262.2671367610764 
3 5 183.52439217369425 
3 6 36.6023623149696 
3 7 168.18204304471084 
3 8 38.73564235955157 
4 0 72.52247749539093 
4 1 37.134620358892505 
4 2 21.574701028912077 
4 3 5.245342735221529 
4 5 16.810437800296544 
4 6 4.845434989610431 
4 7 20.512696130637238 
4 8 4.187313859096702 
5 0 70.48392086469494 
5 1 29.810737266163052 
5 2 26.15553593372771 
5 3 5.097899782602619 
5 4 23.347830278189644 
5 6 3.889793083099612 
5 7 19.658067765651406 
5 8 5.076382655807423 
6 0 506.0668351452195 
6 1 549.5222348075795 
6 2 248.4482587620855 
6 3 36.602362314969604 
6 4 242.2717494805215 
6 5 140.03255099158608 
6 7 277.93484904380216 
6 8 48.21994222718478 
7 0 58.132418830986964 
7 1 53.251179336210065 
7 2 35.50227355554053 
7 3 4.2045510761177685 
7 4 25.640870163296537 
7 5 17.69226098908627 
7 6 6.9483712260950545 
7 8 6.890439032705036 
8 0 535.5617150480537 
8 1 369.54974159671906 
8 2 412.7735587414211 
8 3 38.73564235955158 
8 4 209.36569295483517 
8 5 182.7497756090673 
8 6 48.21994222718478 
8 7 275.61756130820146 
P 
0 1.0 4.210516863052672 4.210516863052672 
1 1.0 45.17986601592937 45.17986601592937 
2 1.0 49.21992834278642 49.21992834278642 
3 0.0 -1.7940567512067493 -1.7940567512067493 
4 0.0 -48.788250522290156 -48.788250522290156 
5 0.0 -48.85225282478294 -48.85225282478294 
6 0.0 -3.0810944309566666 -3.0810944309566666 
7 0.0 -48.99904693502401 -48.99904693502401 
8 0.0 -4.546334822162246 -4.546334822162246 
Alfa 
0 1.0575296108291032 
1 3.90625 
2 8.305647840531561 
3 250.0 
4 5.0 
5 6.944444444444445 
6 250.0 
7 6.25 
8 250.0 
Gamma 
0 1 0.04478059180590366 
0 2 0.04525066021202662 
0 3 -0.029423793783871943 
0 4 -0.010988990704842827 
0 5 -0.006825078153037456 
0 6 0.04478059180590366 
0 7 0.05006386865303569 
0 8 0.04525066021202662 
1 0 0.04478059180590366 
1 2 -0.007847570735054266 
1 3 0.04478059180590366 
1 4 0.02262873090210671 
1 5 0.0338829459055332 
1 6 -0.04298329416537494 
1 7 -0.026556415012178647 
1 8 -0.007847570735054266 
2 0 0.04525066021202662 
2 1 -0.007847570735054266 
2 3 0.04525066021202662 
2 4 0.03763397406655122 
2 5 0.0074736800626109545 
2 6 -0.007847570735054266 
2 7 -0.029233965553794317 
2 8 -0.05677958306145481 
3 0 -0.029423793783871943 
3 1 0.04478059180590366 
3 2 0.04525066021202662 
3 4 -0.010988990704842827 
3 5 -0.006825078153037456 
3 6 0.04478059180590366 
3 7 0.05006386865303569 
3 8 0.04525066021202662 
4 0 -0.010988990704842827 
4 1 0.02262873090210671 
4 2 0.03763397406655122 
4 3 -0.010988990704843049 
4 5 0.00923008494233013 
4 6 0.02262873090210671 
4 7 0.033412103659151926 
4 8 0.03763397406655122 
5 0 -0.006825078153037456 
5 1 0.0338829459055332 
5 2 0.0074736800626109545 
5 3 -0.006825078153037678 
5 4 0.00923008494233013 
5 6 0.0338829459055332 
5 7 0.026270988221810176 
5 8 0.0074736800626109545 
6 0 0.04478059180590366 
6 1 -0.04298329416537494 
6 2 -0.007847570735054266 
6 3 0.04478059180590366 
6 4 0.02262873090210671 
6 5 0.0338829459055332 
6 7 -0.026556415012178647 
6 8 -0.007847570735054266 
7 0 0.05006386865303569 
7 1 -0.026556415012178647 
7 2 -0.029233965553794317 
7 3 0.05006386865303569 
7 4 0.033412103659151926 
7 5 0.026270988221810176 
7 6 -0.026556415012178647 
7 8 -0.029233965553794317 
8 0 0.04525066021202662 
8 1 -0.007847570735054266 
8 2 -0.05677958306145481 
8 3 0.04525066021202662 
8 4 0.03763397406655122 
8 5 0.0074736800626109545 
8 6 -0.007847570735054266 
8 7 -0.029233965553794317 
