9 72 72 
K 
0 1 30.835222246707463 
0 2 20.752805252760037 
0 3 4.278339373423478 
0 4 21.454352743454265 
0 5 14.74342844933161 
0 6 3.7184103920620672 
0 7 17.464270583165224 
0 8 3.8282908313907793 
1 0 113.89760217377572 
1 2 43.96328608615853 
1 3 7.188561269524571 
1 4 41.24171047922574 
1 5 26.85581715836418 
1 6 9.131457485799798 
1 7 40.400878969405035 
1 8 8.109951545903257 
2 0 162.98880936054738 
2 1 93.47675446890854 
2 3 10.28691579079548 
2 4 55.796470230727905 
2 5 40.796908409563486 
2 6 11.272334360117624 
2 7 56.622408978110634 
2 8 13.518474537002504 
3 0 1011.3994278773101 
3 1 460.0679212495725 
3 2 309.6361653029437 
3 4 320.10339959492325 
3 5 219.9750150819839 
3 6 55.4794554662719 
3 7 260.57054491296304 
3 8 57.118894446263305 
4 0 101.43617977105174 
4 1 52.789389413408905 
4 2 33.58947507889819 
4 3 6.402067991898465 
4 5 22.642708944550073 
4 6 6.365856961072845 
4 7 29.2099242994675 
4 8 6.1962842087901855 
5 0 96.8151801506109 
5 1 47.74367494820301 
5 2 34.11074842021834 
5 3 6.110417085610666 
5 4 31.448206867430677 
5 6 5.757395736026773 
5 7 27.7430357055295 
5 8 6.29244402568814 
6 0 879.0322166834729 
6 1 584.4132790911872 
6 2 339.2972642395404 
6 3 55.47945546627192 
6 4 318.2928480536425 
6 5 207.2662464969638 
6 7 311.80352806947536 
6 8 62.590507161987404 
7 0 103.21383914650644 
7 1 64.64140635104803 
7 2 42.608362756028235 
7 3 6.514263622824075 
7 4 36.51240537433437 
7 5 24.968732134976538 
7 6 7.795088201736881 
7 8 7.860007478159191 
8 0 905.0079525407801 
8 1 519.0368989378085 
8 2 406.90608356377527 
8 3 57.118894446263305 
8 4 309.8142104395092 
8 5 226.5279849247731 
8 6 62.590507161987404 
8 7 314.4002991263676 
P 
0 1.0 4.983687246645492 4.983687246645492 
1 1.0 46.42816946482276 46.42816946482276 
2 1.0 51.08686120497062 51.08686120497062 
3 0.0 -0.6380416063446742 -0.6380416063446742 
4 0.0 -47.75242334241985 -47.75242334241985 
5 0.0 -47.82248144064061 -47.82248144064061 
6 0.0 -1.4698168902909126 -1.4698168902909126 
7 0.0 -48.06289952024894 -48.06289952024894 
8 0.0 -2.1948288611131512 -2.1948288611131512 
Alfa 
0 1.0575296108291032 
1 3.90625 
2 8.305647840531561 
3 250.0 
4 5.0 
5 6.944444444444445 
6 250.0 
7 6.25 
8 250.0 
Gamma 
0 1 0.014668938600453263 
0 2 0.013491553683780522 
0 3 -0.009995536985174969 
0 4 -0.0028730910170267077 
0 5 -0.0028387858228500207 
0 6 0.014668938600453263 
0 7 0.01539076627102709 
0 8 0.013491553683780522 
1 0 0.014668938600453041 
1 2 -0.007587483303834963 
1 3 0.014668938600453041 
1 4 0.006917102006885445 
1 5 0.008235034797946073 
1 6 -0.020857603667337132 
1 7 -0.014510815045888581 
1 8 -0.007587483303834963 
2 0 0.013491553683780522 
2 1 -0.007587483303834963 
2 3 0.013491553683780522 
2 4 0.009446572473691628 
2 5 -0.000582295144213596 
2 6 -0.007587483303834963 
2 7 -0.016322172984322814 
2 8 -0.02924423544808996 
3 0 -0.009995536985174969 
3 1 0.014668938600453263 
3 2 0.013491553683780522 
3 4 -0.0028730910170267077 
3 5 -0.0028387858228500207 
3 6 0.014668938600453263 
3 7 0.01539076627102709 
3 8 0.013491553683780522 
4 0 -0.0028730910170267077 
4 1 0.006917102006885667 
4 2 0.009446572473691628 
4 3 -0.0028730910170267077 
4 5 0.00165890480991715 
4 6 0.006917102006885667 
4 7 0.009168780826574796 
4 8 0.009446572473691628 
5 0 -0.0028387858228500207 
5 1 0.008235034797946073 
5 2 -0.000582295144213596 
5 3 -0.0028387858228500207 
5 4 0.00165890480991715 
5 6 0.008235034797946073 
5 7 0.005603709335242346 
5 8 -0.000582295144213596 
6 0 0.014668938600453041 
6 1 -0.020857603667337132 
6 2 -0.007587483303834963 
6 3 0.014668938600453041 
6 4 0.006917102006885445 
6 5 0.008235034797946073 
6 7 -0.014510815045888581 
6 8 -0.007587483303834963 
7 0 0.01539076627102709 
7 1 -0.014510815045888581 
7 2 -0.016322172984322814 
7 3 0.01539076627102709 
7 4 0.009168780826574796 
7 5 0.005603709335242568 
7 6 -0.014510815045888581 
7 8 -0.016322172984322814 
8 0 0.013491553683780522 
8 1 -0.007587483303834963 
8 2 -0.02924423544808996 
8 3 0.013491553683780522 
8 4 0.009446572473691628 
8 5 -0.000582295144213596 
8 6 -0.007587483303834963 
8 7 -0.016322172984322814 
