3 6 6 
K 
0 1 22.97437731821152 
0 2 16.723933935297058 
1 0 84.86160621914381 
1 2 45.876892852975075 
2 0 131.3467768207384 
2 1 97.54555290998024 
P 
0 1.0 -3.5737242627728865 -3.5737242627728865 
1 1.0 33.228662892830435 33.228662892830435 
2 1.0 35.85036267784986 35.85036267784986 
Alfa 
0 1.0575296108291032 
1 3.90625 
2 8.305647840531561 
Gamma 
0 1 -0.15550653047523033 
0 2 -0.1486524895206056 
1 0 -0.15550653047523033 
1 2 -0.17392882870674287 
2 0 -0.1486524895206056 
2 1 -0.17392882870674287 
