9 72 72 
K 
0 1 15.100751130988625 
0 2 10.859268922031784 
0 3 3.5619006743548445 
0 4 14.924106047140334 
0 5 10.478219246211612 
0 6 2.002819702688812 
0 7 9.156844842273468 
0 8 2.1302760392199573 
1 0 55.77839949008924 
1 2 28.54730622023533 
1 3 4.14583884418675 
1 4 28.166483366145112 
1 5 15.90032797350867 
1 6 8.730441232601043 
1 7 33.09795799055846 
1 8 5.600159905963897 
2 0 85.28674993914667 
2 1 60.698591298839254 
2 3 6.339104815206852 
2 4 34.15966528859163 
2 5 30.858085426523242 
2 6 8.050482623297963 
2 7 47.0562496226549 
2 8 14.117170305153985 
3 0 842.0333194174854 
3 1 265.3336860279521 
3 2 190.8070549377263 
3 4 262.2298741175629 
3 5 184.11167176320052 
3 6 35.19133118307596 
3 7 160.89394317614963 
3 8 37.43085286554566 
4 0 70.56117339087947 
4 1 36.05309870866575 
4 2 20.564118503732157 
4 3 5.244597482351258 
4 5 16.49461513786891 
4 6 4.781739385699883 
4 7 19.917054097986316 
4 8 4.034088227366967 
5 0 68.80697305012295 
5 1 28.267249730682078 
5 2 25.80078809273193 
5 3 5.114213104533346 
5 4 22.90918769148459 
5 6 3.749098585252204 
5 7 19.123079070053535 
5 8 5.061372092501308 
6 0 473.46657771563525 
6 1 558.7482388864669 
6 2 242.3195269612687 
6 3 35.19133118307595 
6 4 239.0869692849941 
6 5 134.96754906907935 
6 7 280.9470519488458 
6 8 47.53611737834392 
7 0 54.116953017836224 
7 1 52.95673278489353 
7 2 35.409827841047814 
7 3 4.02234857940374 
7 4 24.896317622482886 
7 5 17.210771163048186 
7 6 7.023676298721144 
7 8 6.946389148688138 
8 0 503.59725567159813 
8 1 358.4102339816895 
8 2 424.92682618513487 
8 3 37.43085286554566 
8 4 201.70441136834836 
8 5 182.20939533004716 
8 6 47.53611737834392 
8 7 277.85556594752563 
P 
0 1.0 4.142851337131407 4.142851337131407 
1 1.0 45.028739039150814 45.028739039150814 
2 1.0 48.95027217315415 48.95027217315415 
3 0.0 -1.98300940941502 -1.98300940941502 
4 0.0 -48.97745103116426 -48.97745103116426 
5 0.0 -49.05140942525245 -49.05140942525245 
6 0.0 -3.353488369304469 -3.353488369304469 
7 0.0 -49.15379075385886 -49.15379075385886 
8 0.0 -4.956978128069657 -4.956978128069657 
Alfa 
0 1.0575296108291032 
1 3.90625 
2 8.305647840531561 
3 250.0 
4 5.0 
5 6.944444444444445 
6 250.0 
7 6.25 
8 250.0 
Gamma 
0 1 0.049837496835463124 
0 2 0.050700710832474405 
0 3 -0.031689969621798486 
0 4 -0.011920190137883813 
0 5 -0.007054935781889871 
0 6 0.0498374968354629 
0 7 0.0560954246228762 
0 8 0.050700710832474405 
1 0 0.049837496835463124 
1 2 -0.007101177986026164 
1 3 0.049837496835463124 
1 4 0.025176451716103943 
1 5 0.03858752750351435 
1 6 -0.0452674117891112 
1 7 -0.027448103516236166 
1 8 -0.007101177986026164 
2 0 0.050700710832474405 
2 1 -0.007101177986026164 
2 3 0.050700710832474405 
2 4 0.04281709326180194 
2 5 0.008918379186448666 
2 6 -0.007101177986026164 
2 7 -0.030259408775727747 
2 8 -0.05950094304396836 
3 0 -0.031689969621798486 
3 1 0.049837496835463124 
3 2 0.050700710832474405 
3 4 -0.011920190137884035 
3 5 -0.007054935781889871 
3 6 0.0498374968354629 
3 7 0.0560954246228762 
3 8 0.050700710832474405 
4 0 -0.011920190137884035 
4 1 0.025176451716103943 
4 2 0.04281709326180194 
4 3 -0.011920190137884035 
4 5 0.010860074075923709 
4 6 0.025176451716103943 
4 7 0.03766657831347797 
4 8 0.04281709326180194 
5 0 -0.007054935781890093 
5 1 0.03858752750351435 
5 2 0.008918379186448666 
5 3 -0.007054935781890093 
5 4 0.010860074075923709 
5 6 0.03858752750351435 
5 7 0.02996265909057283 
5 8 0.008918379186448666 
6 0 0.049837496835463124 
6 1 -0.0452674117891112 
6 2 -0.007101177986026164 
6 3 0.049837496835463124 
6 4 0.025176451716103943 
6 5 0.03858752750351435 
6 7 -0.027448103516236166 
6 8 -0.007101177986026164 
7 0 0.0560954246228762 
7 1 -0.027448103516236166 
7 2 -0.030259408775727747 
7 3 0.05609542462287642 
7 4 0.037666578313478194 
7 5 0.029962659090572608 
7 6 -0.027448103516236166 
7 8 -0.030259408775727747 
8 0 0.050700710832474405 
8 1 -0.007101177986026164 
8 2 -0.05950094304396836 
8 3 0.050700710832474405 
8 4 0.04281709326180194 
8 5 0.008918379186448666 
8 6 -0.007101177986026164 
8 7 -0.030259408775727747 
