12 24 12 
K 
0 3 134.92557115253808 
1 4 254.13587518077813 
2 5 350.097707534246 
3 0 127.58562008184002 
3 6 232.5580107387897 
4 1 65.0587840462792 
4 9 216.3185222295157 
5 2 42.15176398712322 
5 11 232.38038579855123 
6 3 232.5580107387897 
6 7 149.87998896251153 
6 8 139.6658438953584 
7 6 149.87998896251153 
7 9 78.87299101496319 
8 6 139.6658438953584 
8 11 76.1597006038285 
9 4 216.3185222295157 
9 7 78.87299101496319 
9 10 183.8045209119192 
10 9 183.8045209119192 
10 11 132.23655093114073 
11 5 232.38038579855123 
11 8 76.1597006038285 
11 10 132.23655093114075 
P 
0 1.0 5.661245644793789 5.661245644793789 
1 1.0 48.007462737669016 48.007462737669016 
2 1.0 53.22964296780048 53.22964296780048 
3 0.0 -0.0 -0.0 
4 0.0 -0.0 -0.0 
5 0.0 -0.0 -0.0 
6 0.0 -43.727828866455255 -43.727828866455255 
7 0.0 -41.19618325492666 -41.19618325492666 
8 0.0 -48.42341424964046 -48.42341424964046 
9 0.0 -37.77499386376794 -37.77499386376794 
10 0.0 -44.090941614332216 -44.090941614332216 
11 0.0 -33.29916140701364 -33.29916140701364 
Alfa 
0 1.0575296108291032 
1 3.90625 
2 8.305647840531561 
3 0.0 
4 0.0 
5 0.0 
6 0.0 
7 0.0 
8 0.0 
9 0.0 
10 0.0 
11 0.0 
Gamma 
6 7 0.11710874456686438 
6 8 0.18272156076209756 
7 6 0.11710874456686438 
7 9 0.19620081728811645 
8 6 0.18272156076209756 
8 11 0.22550963518842404 
9 7 0.19620081728811645 
9 10 0.11751164543144554 
10 9 0.11751164543144554 
10 11 0.11751164543144554 
11 8 0.22550963518842404 
11 10 0.11751164543144554 
