3 6 6 
K 
0 1 81.70487585581463 
0 2 54.484507565464774 
1 0 301.7973851924153 
1 2 111.61003577727523 
2 0 427.91154778989625 
2 1 237.31037507460516 
P 
0 1.0 -37.7165285803346 -37.7165285803346 
1 1.0 -1.035154075021101 -1.035154075021101 
2 1.0 6.2261970422999084 6.2261970422999084 
Alfa 
0 1.0575296108291032 
1 3.90625 
2 8.305647840531561 
Gamma 
0 1 -0.2856165139545055 
0 2 -0.2862359843674773 
1 0 -0.2856165139545055 
1 2 -0.2914305821730887 
2 0 -0.2862359843674773 
2 1 -0.2914305821730887 
