9 72 72 
K 
0 1 51.75426285500379 
0 2 34.363989939004455 
0 3 6.382315287722804 
0 4 33.440338233279526 
0 5 22.871256413227545 
0 6 6.131430208705696 
0 7 28.92420218706915 
0 8 6.268444598444658 
1 0 191.1673084206702 
1 2 69.08305152997534 
1 3 11.688382266134656 
1 4 64.63659346458878 
1 5 43.29019750611484 
1 6 13.09137227507076 
1 7 60.23957486762394 
1 8 12.601658945186312 
2 0 269.8886120126462 
2 1 146.8875514258612 
2 3 16.501572850199842 
2 4 89.29080224702355 
2 5 62.558419122596845 
2 6 17.402059664506666 
2 7 84.33002515715829 
2 8 18.945574853667136 
3 0 1508.7793340176709 
3 1 748.056465032618 
3 2 496.6973427910152 
3 4 483.34687479494505 
3 5 330.5812947479636 
3 6 88.62373366941189 
3 7 418.070613865496 
3 8 90.6041405845655 
4 0 158.10591916694554 
4 1 82.7348396346736 
4 2 53.75306295270816 
4 3 9.666937495898896 
4 5 35.03063570257896 
4 6 9.801760609936181 
4 7 45.82052739899885 
4 8 9.805267016834678 
5 0 150.1879171135275 
5 1 76.96035112198192 
5 2 52.30578932194903 
5 3 9.182813742998988 
5 4 48.653660698026336 
5 6 9.117645498380327 
5 7 43.43759407563718 
5 8 9.541265235047799 
6 0 1449.470101338026 
6 1 837.8478256045283 
6 2 523.8019959016505 
6 3 88.62373366941185 
6 4 490.0880304968091 
6 5 328.2352379416917 
6 7 456.7489253748022 
6 8 95.54838648516244 
7 0 170.94203492557864 
7 1 96.38331978819829 
7 2 63.45834393076161 
7 3 10.451765346637401 
7 4 57.27565924874857 
7 5 39.09383466807348 
7 6 11.418723134370056 
7 8 11.57563815916278 
8 0 1481.8603030723164 
8 1 806.5061724919237 
8 2 570.261803095381 
8 3 90.60414058456547 
8 4 490.26335084173405 
8 5 343.4855484617208 
8 6 95.54838648516244 
8 7 463.02552636651114 
P 
0 1.0 5.376816358670261 5.376816358670261 
1 1.0 46.755345649339574 46.755345649339574 
2 1.0 51.46934692192395 51.46934692192395 
3 0.0 -0.2513641546267047 -0.2513641546267047 
4 0.0 -47.502393310943376 -47.502393310943376 
5 0.0 -47.61794497273636 -47.61794497273636 
6 0.0 -1.1247506185059006 -1.1247506185059006 
7 0.0 -47.881062068834616 -47.881062068834616 
8 0.0 -1.7630499888540454 -1.7630499888540454 
Alfa 
0 1.0575296108291032 
1 3.90625 
2 8.305647840531561 
3 250.0 
4 5.0 
5 6.944444444444445 
6 250.0 
7 6.25 
8 250.0 
Gamma 
0 1 0.005662480589271102 
0 2 0.004188869833199327 
0 3 -0.0027248172202793963 
0 4 -0.0003775294514756222 
0 5 -0.001475809689190699 
0 6 0.005662480589271102 
0 7 0.005400316584529552 
0 8 0.004188869833199327 
1 0 0.005662480589271102 
1 2 -0.006447920364002879 
1 3 0.005662480589271102 
1 4 0.0017613344200282377 
1 5 0.0010711610586664477 
1 6 -0.011331430143440402 
1 7 -0.00899302639856181 
1 8 -0.006447920364002879 
2 0 0.004188869833199327 
2 1 -0.006447920364002879 
2 3 0.004188869833199549 
2 4 0.001667331842184483 
2 5 -0.0033585041237014224 
2 6 -0.006447920364002879 
2 7 -0.010666102974301817 
2 8 -0.01694942342236283 
3 0 -0.0027248172202793963 
3 1 0.005662480589271102 
3 2 0.004188869833199327 
3 4 -0.0003775294514756222 
3 5 -0.001475809689190699 
3 6 0.005662480589271102 
3 7 0.005400316584529552 
3 8 0.004188869833199327 
4 0 -0.0003775294514756222 
4 1 0.0017613344200282377 
4 2 0.001667331842184483 
4 3 -0.0003775294514756222 
4 5 -0.00046371554763235956 
4 6 0.0017613344200282377 
4 7 0.002079509471043739 
4 8 0.001667331842184483 
5 0 -0.001475809689190699 
5 1 0.0010711610586666698 
5 2 -0.0033585041237014224 
5 3 -0.001475809689190699 
5 4 -0.0004637155476321375 
5 6 0.0010711610586664477 
5 7 -0.00045862461308998625 
5 8 -0.0033585041237014224 
6 0 0.005662480589271102 
6 1 -0.011331430143440402 
6 2 -0.006447920364002879 
6 3 0.005662480589271102 
6 4 0.0017613344200282377 
6 5 0.0010711610586664477 
6 7 -0.00899302639856181 
6 8 -0.006447920364002879 
7 0 0.005400316584529552 
7 1 -0.008993026398562032 
7 2 -0.010666102974301817 
7 3 0.005400316584529552 
7 4 0.002079509471043739 
7 5 -0.00045862461308998625 
7 6 -0.008993026398562032 
7 8 -0.010666102974301817 
8 0 0.004188869833199327 
8 1 -0.006447920364002879 
8 2 -0.01694942342236283 
8 3 0.004188869833199549 
8 4 0.001667331842184483 
8 5 -0.0033585041237014224 
8 6 -0.006447920364002879 
8 7 -0.010666102974301817 
