3 6 6 
K 
0 1 151.10174044064823 
0 2 100.16352788556499 
1 0 558.1320537526442 
1 2 200.30108445471447 
2 0 786.666378476663 
2 1 425.8893490067018 
P 
0 1.0 -135.11328581731314 -135.11328581731314 
1 1.0 -104.20450841380107 -104.20450841380107 
2 1.0 -89.78798721905356 -89.78798721905356 
Alfa 
0 1.0575296108291032 
1 3.90625 
2 8.305647840531561 
Gamma 
0 1 -0.5223706137643596 
0 2 -0.523315559343615 
1 0 -0.5223706137643596 
1 2 -0.5257413118624266 
2 0 -0.5233155593436147 
2 1 -0.5257413118624266 
