12 24 12 
K 
0 3 134.92557115253808 
1 4 254.13587518077813 
2 5 350.097707534246 
3 0 127.58562008184002 
3 6 943.1519324406455 
4 1 65.0587840462792 
4 9 877.2917845974789 
5 2 42.15176398712322 
5 11 942.4315646274564 
6 3 943.1519324406455 
6 7 607.8466219035179 
6 8 566.4225891311748 
7 6 607.8466219035179 
7 9 319.87379689401683 
8 6 566.4225891311748 
8 11 308.8698968933039 
9 4 877.2917845974789 
9 7 319.87379689401683 
9 10 745.4294459205602 
10 9 745.42944592056 
10 11 536.2926787762922 
11 5 942.4315646274564 
11 8 308.8698968933039 
11 10 536.2926787762921 
P 
0 1.0 5.661245644793789 5.661245644793789 
1 1.0 48.007462737669016 48.007462737669016 
2 1.0 53.22964296780048 53.22964296780048 
3 0.0 -0.0 -0.0 
4 0.0 -0.0 -0.0 
5 0.0 -0.0 -0.0 
6 0.0 -177.34063929173493 -177.34063929173493 
7 0.0 -138.27547720929593 -138.27547720929593 
8 0.0 -175.64933516540452 -175.64933516540452 
9 0.0 -153.19858622528088 -153.19858622528088 
10 0.0 -155.77491708735525 -155.77491708735525 
11 0.0 -135.04659903955513 -135.04659903955513 
Alfa 
0 1.0575296108291032 
1 3.90625 
2 8.305647840531561 
3 0.0 
4 0.0 
5 0.0 
6 0.0 
7 0.0 
8 0.0 
9 0.0 
10 0.0 
11 0.0 
Gamma 
6 7 0.11710874456686438 
6 8 0.18272156076209756 
7 6 0.11710874456686438 
7 9 0.19620081728811667 
8 6 0.18272156076209756 
8 11 0.22550963518842404 
9 7 0.19620081728811667 
9 10 0.11751164543144554 
10 9 0.11751164543144554 
10 11 0.11751164543144554 
11 8 0.22550963518842404 
11 10 0.11751164543144554 
