12 24 12 
K 
0 3 134.92557115253808 
1 4 254.13587518077813 
2 5 350.097707534246 
3 0 127.58562008184002 
3 6 297.15745816623127 
4 1 65.0587840462792 
4 9 276.4070006266034 
5 2 42.15176398712322 
5 11 296.93049296481547 
6 3 297.15745816623127 
6 7 191.51331922987583 
6 8 178.46191164406912 
7 6 191.51331922987583 
7 9 100.78215518578631 
8 6 178.4619116440691 
8 11 97.31517299378086 
9 4 276.4070006266034 
9 7 100.78215518578631 
9 10 234.86133227634127 
10 9 234.86133227634124 
10 11 168.96892618979092 
11 5 296.93049296481547 
11 8 97.31517299378086 
11 10 168.96892618979092 
P 
0 1.0 5.661245644793789 5.661245644793789 
1 1.0 48.007462737669016 48.007462737669016 
2 1.0 53.22964296780048 53.22964296780048 
3 0.0 -0.0 -0.0 
4 0.0 -0.0 -0.0 
5 0.0 -0.0 -0.0 
6 0.0 -55.87444799602617 -55.87444799602617 
7 0.0 -50.021573614414805 -50.021573614414805 
8 0.0 -59.9894070601645 -59.9894070601645 
9 0.0 -48.2680477148146 -48.2680477148146 
10 0.0 -54.24403029369797 -54.24403029369797 
11 0.0 -42.54892846451743 -42.54892846451743 
Alfa 
0 1.0575296108291032 
1 3.90625 
2 8.305647840531561 
3 0.0 
4 0.0 
5 0.0 
6 0.0 
7 0.0 
8 0.0 
9 0.0 
10 0.0 
11 0.0 
Gamma 
6 7 0.11710874456686438 
6 8 0.18272156076209756 
7 6 0.11710874456686438 
7 9 0.19620081728811645 
8 6 0.18272156076209756 
8 11 0.22550963518842404 
9 7 0.19620081728811645 
9 10 0.11751164543144554 
10 9 0.11751164543144554 
10 11 0.11751164543144554 
11 8 0.22550963518842404 
11 10 0.11751164543144554 
