3 6 6 
K 
0 1 49.62295380363615 
0 2 33.55148609400067 
1 0 183.29478561218104 
1 2 72.50029166835226 
2 0 263.5073525787961 
2 1 154.15344407888858 
P 
0 1.0 -12.898865749310502 -12.898865749310502 
1 1.0 25.163759612606924 25.163759612606924 
2 1.0 30.39227445660716 30.39227445660716 
Alfa 
0 1.0575296108291032 
1 3.90625 
2 8.305647840531561 
Gamma 
0 1 -0.18904068814115815 
0 2 -0.18882245584672952 
1 0 -0.18904068814115838 
1 2 -0.19957559017403925 
2 0 -0.18882245584672974 
2 1 -0.19957559017403925 
