3 6 6 
K 
0 1 96.30598275811907 
0 2 64.07886647659333 
1 0 355.7302238128023 
1 2 130.1014148500357 
2 0 503.2639214307862 
2 1 276.62759303662096 
P 
0 1.0 -53.351766551269044 -53.351766551269044 
1 1.0 -17.658182034010096 -17.658182034010096 
2 1.0 -9.248043532787962 -9.248043532787962 
Alfa 
0 1.0575296108291032 
1 3.90625 
2 8.305647840531561 
Gamma 
0 1 -0.33305492550080595 
0 2 -0.3337981485572914 
1 0 -0.33305492550080595 
1 2 -0.33798885128737877 
2 0 -0.3337981485572914 
2 1 -0.33798885128737854 
