9 72 72 
K 
0 1 10.487392766444108 
0 2 7.932723435999182 
0 3 3.5963213317468443 
0 4 13.428227061311688 
0 5 9.577193349667587 
0 6 1.511064211800544 
0 7 6.721669890511923 
0 8 1.6444590770365348 
1 0 38.737807031052945 
1 2 23.76973088428871 
1 3 3.2924312619470935 
1 4 25.169552623376234 
1 5 12.664453301868352 
1 6 9.469757787401624 
1 7 32.5403939891839 
1 8 4.927481718825459 
2 0 62.30218671994039 
2 1 50.54029158121188 
2 3 5.295231789449626 
2 4 27.859764710966687 
2 5 29.646111667242106 
2 6 7.28204116724692 
2 7 46.98322989563707 
2 8 16.133042331776725 
3 0 850.1703628249538 
3 1 210.71560076461398 
3 2 159.38647686243382 
3 4 269.8036581104734 
3 5 192.42762193203552 
3 6 30.36072075056066 
3 7 135.05365353078813 
3 8 33.04092733699207 
4 0 63.488657545881665 
4 1 32.21702735792158 
4 2 16.771578356001942 
4 3 5.39607316220947 
4 5 15.519753372132596 
4 6 4.641954214484961 
4 7 17.842706667680357 
4 8 3.476759839955643 
5 0 62.89023632948381 
5 1 22.514583647765956 
5 2 24.78744336622188 
5 3 5.34521172033432 
5 4 21.55521301685083 
5 6 3.2439885061408003 
5 7 17.289158757604472 
5 8 5.1384542230644845 
6 0 357.2155796696485 
6 1 606.064498393704 
6 2 219.18943913413221 
6 3 30.36072075056065 
6 4 232.097710724248 
6 5 116.78358622106884 
6 7 300.0669524789338 
6 8 45.43812294513329 
7 0 39.72506905292546 
7 1 52.064630382694205 
7 2 35.3548804964669 
7 3 3.376341338269703 
7 4 22.303383334600454 
7 5 15.560242881844028 
7 6 7.501673811973341 
7 8 7.3290912785533004 
8 0 388.7501258114368 
8 1 315.3588300048294 
8 2 485.6045741864794 
8 3 33.04092733699207 
8 4 173.83799199778218 
8 5 184.9843520303215 
8 6 45.438122945133294 
8 7 293.16365114213204 
P 
0 1.0 4.015815167968192 4.015815167968192 
1 1.0 44.59257967096825 44.59257967096825 
2 1.0 48.02057244309924 48.02057244309924 
3 0.0 -2.809896865561418 -2.809896865561418 
4 0.0 -49.8218456651389 -49.8218456651389 
5 0.0 -49.983018297176095 -49.983018297176095 
6 0.0 -4.537186009763539 -4.537186009763539 
7 0.0 -49.796903059244 -49.796903059244 
8 0.0 -6.737957181211647 -6.737957181211647 
Alfa 
0 1.0575296108291032 
1 3.90625 
2 8.305647840531561 
3 250.0 
4 5.0 
5 6.944444444444445 
6 250.0 
7 6.25 
8 250.0 
Gamma 
0 1 0.07141153495538144 
0 2 0.0744590474575384 
0 3 -0.03889665454548474 
0 4 -0.014200378568613337 
0 5 -0.006342812042841484 
0 6 0.07141153495538144 
0 7 0.08273244771519184 
0 8 0.0744590474575384 
1 0 0.07141153495538144 
1 2 -0.0015342172514691832 
1 3 0.07141153495538144 
1 4 0.035956124663366174 
1 5 0.06036865227530952 
1 6 -0.051981397641553295 
1 7 -0.02839218712188707 
1 8 -0.0015342172514691832 
2 0 0.0744590474575384 
2 1 -0.0015342172514691832 
2 3 0.0744590474575384 
2 4 0.06677084960846691 
2 5 0.015892815366779 
2 6 -0.0015342172514691832 
2 7 -0.031537222846395485 
2 8 -0.06698376223739388 
3 0 -0.03889665454548474 
3 1 0.07141153495538144 
3 2 0.0744590474575384 
3 4 -0.014200378568613337 
3 5 -0.006342812042841484 
3 6 0.07141153495538144 
3 7 0.08273244771519184 
3 8 0.0744590474575384 
4 0 -0.014200378568613337 
4 1 0.035956124663366174 
4 2 0.06677084960846691 
4 3 -0.014200378568613337 
4 5 0.019433808861940127 
4 6 0.035956124663366174 
4 7 0.05663881685868577 
4 8 0.06677084960846691 
5 0 -0.006342812042841484 
5 1 0.06036865227530974 
5 2 0.015892815366779 
5 3 -0.006342812042841484 
5 4 0.01943380886194035 
5 6 0.06036865227530974 
5 7 0.04683244947527765 
5 8 0.015892815366779 
6 0 0.07141153495538144 
6 1 -0.051981397641553295 
6 2 -0.0015342172514691832 
6 3 0.07141153495538144 
6 4 0.035956124663366174 
6 5 0.06036865227530952 
6 7 -0.02839218712188707 
6 8 -0.0015342172514691832 
7 0 0.08273244771519184 
7 1 -0.02839218712188707 
7 2 -0.031537222846395485 
7 3 0.08273244771519184 
7 4 0.05663881685868577 
7 5 0.04683244947527743 
7 6 -0.02839218712188707 
7 8 -0.031537222846395485 
8 0 0.0744590474575384 
8 1 -0.0015342172514691832 
8 2 -0.06698376223739388 
8 3 0.0744590474575384 
8 4 0.06677084960846691 
8 5 0.015892815366779 
8 6 -0.0015342172514691832 
8 7 -0.031537222846395485 
