3 6 6 
K 
0 1 33.7496053446337 
0 2 23.45440308242083 
1 0 124.66260474174074 
1 2 55.841931020050886 
2 0 184.2066740426673 
2 1 118.73367392967633 
P 
0 1.0 -6.102470948061144 -6.102470948061144 
1 1.0 31.63758926056799 31.63758926056799 
2 1.0 35.683159306290655 35.683159306290655 
Alfa 
0 1.0575296108291032 
1 3.90625 
2 8.305647840531561 
Gamma 
0 1 -0.15572134287296868 
0 2 -0.15348226144254573 
1 0 -0.15572134287296868 
1 2 -0.1722352292762177 
2 0 -0.15348226144254573 
2 1 -0.1722352292762177 
