12 24 12 
K 
0 3 134.92557115253808 
1 4 254.13587518077813 
2 5 350.097707534246 
3 0 127.58562008184002 
3 6 2183.461323047521 
4 1 65.0587840462792 
4 9 2030.99056982156 
5 2 42.15176398712322 
5 11 2181.793622219727 
6 3 2183.461323047521 
6 7 1407.206563036911 
6 8 1311.3070899064185 
7 6 1407.206563036911 
7 9 740.5297489738196 
8 6 1311.3070899064182 
8 11 715.0549667803883 
9 4 2030.99056982156 
9 7 740.5297489738196 
9 10 1725.7202241174607 
10 9 1725.7202241174607 
10 11 1241.5542837423743 
11 5 2181.793622219727 
11 8 715.0549667803883 
11 10 1241.5542837423743 
P 
0 1.0 5.661245644793789 5.661245644793789 
1 1.0 48.007462737669016 48.007462737669016 
2 1.0 53.22964296780048 53.22964296780048 
3 0.0 -0.0 -0.0 
4 0.0 -0.0 -0.0 
5 0.0 -0.0 -0.0 
6 0.0 -410.55572657949574 -410.55572657949574 
7 0.0 -307.7229721114677 -307.7229721114677 
8 0.0 -397.71639712746537 -397.71639712746537 
9 0.0 -354.6652201653761 -354.6652201653761 
10 0.0 -350.71421973117725 -350.71421973117725 
11 0.0 -312.6421265436275 -312.6421265436275 
Alfa 
0 1.0575296108291032 
1 3.90625 
2 8.305647840531561 
3 0.0 
4 0.0 
5 0.0 
6 0.0 
7 0.0 
8 0.0 
9 0.0 
10 0.0 
11 0.0 
Gamma 
6 7 0.11710874456686438 
6 8 0.18272156076209756 
7 6 0.11710874456686438 
7 9 0.19620081728811645 
8 6 0.18272156076209756 
8 11 0.22550963518842404 
9 7 0.19620081728811645 
9 10 0.11751164543144554 
10 9 0.11751164543144554 
10 11 0.11751164543144554 
11 8 0.22550963518842404 
11 10 0.11751164543144554 
