3 6 6 
K 
0 1 23.575998505829755 
0 2 17.102206966633574 
1 0 87.08384448090862 
1 2 46.45545977011659 
2 0 134.3176653459195 
2 1 98.77572841486587 
P 
0 1.0 -3.6881260512430307 -3.6881260512430307 
1 1.0 33.17602050153053 33.17602050153053 
2 1.0 35.89680440983212 35.89680440983212 
Alfa 
0 1.0575296108291032 
1 3.90625 
2 8.305647840531561 
Gamma 
0 1 -0.15462733799708128 
0 2 -0.14817767274819627 
1 0 -0.15462733799708128 
1 2 -0.17321549171498973 
2 0 -0.14817767274819627 
2 1 -0.17321549171498973 
