9 72 72 
K 
0 1 31.02032790604045 
0 2 20.87171721388229 
0 3 4.294022259356653 
0 4 21.5512912845141 
0 5 14.808658384968826 
0 6 3.739381175587529 
0 7 17.564372837747637 
0 8 3.849343307726523 
1 0 114.58133620293685 
1 2 44.170149844927614 
1 3 7.227067368987556 
1 4 41.432349360004565 
1 5 26.995285218599502 
1 6 9.158113440805534 
1 7 40.54922740787535 
1 8 8.146242542696069 
2 0 163.9227225701586 
2 1 93.9165976769225 
2 3 10.339210543191662 
2 4 56.0781512000354 
2 5 40.967654022001476 
2 6 11.32128449744485 
2 7 56.82852777315677 
2 8 13.55204622925321 
3 0 1015.1068621119126 
3 1 462.53231161520364 
3 2 311.21023735006895 
3 4 321.343107858568 
3 5 220.80627308216597 
3 6 55.75649053078137 
3 7 261.8956832217348 
3 8 57.39609406180923 
4 0 101.89450519318264 
4 1 53.03340718080583 
4 2 33.75904702242129 
4 3 6.426862157171357 
4 5 22.74145533883834 
4 6 6.39297318486944 
4 7 29.345425113728233 
4 8 6.226136565540921 
5 0 97.24352339462865 
5 1 47.99161816639914 
5 2 34.25351072395122 
5 3 6.133507585615722 
5 4 31.585354637275476 
5 6 5.785204917916814 
5 7 27.87063758171199 
5 8 6.3173298545689995 
6 0 883.9897099088918 
6 1 586.1192602115542 
6 2 340.7706633730899 
6 3 55.75649053078137 
6 4 319.64865924347214 
6 5 208.26737704500525 
6 7 312.83541422340875 
6 8 62.84788448802182 
7 0 103.80544347108851 
7 1 64.87876385260058 
7 2 42.76346714930047 
7 3 6.54739208054337 
7 4 36.68178139216029 
7 5 25.08357382354079 
7 6 7.820885355585219 
7 8 7.886809906415162 
8 0 909.98475794655 
8 1 521.3595227325484 
8 2 407.9165915005215 
8 3 57.39609406180921 
8 4 311.30682827704607 
8 5 227.423874764484 
8 6 62.84788448802182 
8 7 315.47239625660643 
P 
0 1.0 4.990148614880919 4.990148614880919 
1 1.0 46.436103211175826 46.436103211175826 
2 1.0 51.097191987405914 51.097191987405914 
3 0.0 -0.6311451222884251 -0.6311451222884251 
4 0.0 -47.74719266368572 -47.74719266368572 
5 0.0 -47.817688991372705 -47.817688991372705 
6 0.0 -1.4613769165353945 -1.4613769165353945 
7 0.0 -48.058052219205784 -48.058052219205784 
8 0.0 -2.183245028727378 -2.183245028727378 
Alfa 
0 1.0575296108291032 
1 3.90625 
2 8.305647840531561 
3 250.0 
4 5.0 
5 6.944444444444445 
6 250.0 
7 6.25 
8 250.0 
Gamma 
0 1 0.014500934586087366 
0 2 0.013317187374785489 
0 3 -0.00985771549391723 
0 4 -0.0028198847314895303 
0 5 -0.002807838654215633 
0 6 0.014500934586087366 
0 7 0.015202526719718223 
0 8 0.013317187374785489 
1 0 0.014500934586087366 
1 2 -0.007564902116712124 
1 3 0.014500934586087366 
1 4 0.006825078826050657 
1 5 0.008100847308068815 
1 6 -0.020684921047924076 
1 7 -0.014408905330868471 
1 8 -0.007564902116712124 
2 0 0.013317187374785489 
2 1 -0.007564902116712124 
2 3 0.013317187374785489 
2 4 0.009299968657631608 
2 5 -0.0006285810356818633 
2 6 -0.007564902116712124 
2 7 -0.016216662631303835 
2 8 -0.029024424946023863 
3 0 -0.00985771549391723 
3 1 0.014500934586087366 
3 2 0.013317187374785489 
3 4 -0.0028198847314895303 
3 5 -0.002807838654215633 
3 6 0.014500934586087366 
3 7 0.015202526719718223 
3 8 0.013317187374785489 
4 0 -0.0028198847314895303 
4 1 0.006825078826050657 
4 2 0.009299968657631608 
4 3 -0.0028198847314895303 
4 5 0.0016231048731170095 
4 6 0.006825078826050657 
4 7 0.009037209263928814 
4 8 0.009299968657631608 
5 0 -0.002807838654215633 
5 1 0.008100847308068593 
5 2 -0.0006285810356818633 
5 3 -0.002807838654215633 
5 4 0.0016231048731170095 
5 6 0.008100847308068815 
5 7 0.005492183568694742 
5 8 -0.0006285810356818633 
6 0 0.014500934586087366 
6 1 -0.020684921047924076 
6 2 -0.007564902116712124 
6 3 0.014500934586087366 
6 4 0.006825078826050657 
6 5 0.008100847308068815 
6 7 -0.014408905330868471 
6 8 -0.007564902116712124 
7 0 0.015202526719718223 
7 1 -0.014408905330868249 
7 2 -0.016216662631303835 
7 3 0.015202526719718223 
7 4 0.009037209263928814 
7 5 0.005492183568694742 
7 6 -0.014408905330868249 
7 8 -0.016216662631303835 
8 0 0.013317187374785489 
8 1 -0.007564902116712124 
8 2 -0.029024424946023863 
8 3 0.013317187374785489 
8 4 0.009299968657631608 
8 5 -0.0006285810356818633 
8 6 -0.007564902116712124 
8 7 -0.016216662631303835 
