9 72 72 
K 
0 1 26.57933483075713 
0 2 18.034763820426914 
0 3 3.9514556993717975 
0 4 19.327437233426885 
0 5 13.318740854284181 
0 6 3.2404459213037655 
0 7 15.176650516691193 
0 8 3.3501337114622016 
1 0 98.17741803110917 
1 2 39.36807043934959 
1 3 6.317650145189466 
1 4 37.04235932435987 
1 5 23.712383284321245 
1 6 8.616338034272166 
1 7 37.296755529350676 
1 8 7.313003998682891 
2 0 141.6417995730539 
2 1 83.70619628300247 
2 3 9.114553566218815 
2 4 49.4775101244462 
2 5 37.122017927482105 
2 6 10.20512379486741 
2 7 52.328865063866125 
2 8 12.91853828859252 
3 0 934.1241273314929 
3 1 404.32960929212584 
3 2 274.3480623431863 
3 4 294.01244218371477 
3 5 202.6070750139384 
3 6 49.29424463161752 
3 7 230.86993007349432 
3 8 50.96283497149148 
4 0 91.38012323964234 
4 1 47.41421993518065 
4 2 29.785461094916602 
4 3 5.880248843674297 
4 5 20.496673942179562 
4 6 5.780551566812072 
4 7 26.223713461503 
4 8 5.532940620630977 
5 0 87.45973160979949 
5 1 42.15534806101555 
5 2 31.03813165603365 
5 3 5.627974305942733 
5 4 28.46760269747162 
5 6 5.139410995619984 
5 7 24.936757972171396 
5 8 5.765636425130575 
6 0 766.0414157962102 
6 1 551.4456341934186 
6 2 307.174226225509 
6 3 49.294244631617524 
6 4 289.0275783406036 
6 5 185.01879584231943 
6 7 291.012536113506 
6 8 57.06061586483444 
7 0 89.69400455364494 
7 1 59.67480884696109 
7 2 39.37747096055925 
7 3 5.771748251837358 
7 4 32.77964182687876 
7 5 22.44308217495425 
7 6 7.27531340283765 
7 8 7.3147502374095765 
8 0 791.9716093896643 
8 1 468.03225591570515 
8 2 388.8480024866348 
8 3 50.96283497149146 
8 4 276.6470310315488 
8 5 207.56291130470066 
8 6 57.06061586483444 
8 7 292.5900094963831 
P 
0 1.0 4.8076476700166975 4.8076476700166975 
1 1.0 46.194491283748775 46.194491283748775 
2 1.0 50.77357792551699 50.77357792551699 
3 0.0 -0.8355814301951772 -0.8355814301951772 
4 0.0 -47.908925074309565 -47.908925074309565 
5 0.0 -47.96928203320675 -47.96928203320675 
6 0.0 -1.7246154790439432 -1.7246154790439432 
7 0.0 -48.21067305408856 -48.21067305408856 
8 0.0 -2.550995678791266 -2.550995678791266 
Alfa 
0 1.0575296108291032 
1 3.90625 
2 8.305647840531561 
3 250.0 
4 5.0 
5 6.944444444444445 
6 250.0 
7 6.25 
8 250.0 
Gamma 
0 1 0.019577266607520682 
0 2 0.018598471482395906 
0 3 -0.013901261469389414 
0 4 -0.004423278353393512 
0 5 -0.0037309010154926714 
0 6 0.019577266607520682 
0 7 0.020915053277233087 
0 8 0.018598471482395684 
1 0 0.019577266607520682 
1 2 -0.008166278705255214 
1 3 0.019577266607520682 
1 4 0.009572469898371239 
1 5 0.012187717230454087 
1 6 -0.025655267644328017 
1 7 -0.017332169361062633 
1 8 -0.008166278705255214 
2 0 0.018598471482395684 
2 1 -0.008166278705255214 
2 3 0.018598471482395684 
2 4 0.013772309060532617 
2 5 0.0007402205786457561 
2 6 -0.008166278705255214 
2 7 -0.019261395343691312 
2 8 -0.035323887234559814 
3 0 -0.013901261469389414 
3 1 0.019577266607520682 
3 2 0.018598471482395906 
3 4 -0.004423278353393512 
3 5 -0.0037309010154926714 
3 6 0.019577266607520682 
3 7 0.020915053277233087 
3 8 0.018598471482395684 
4 0 -0.004423278353393512 
4 1 0.009572469898371239 
4 2 0.013772309060532617 
4 3 -0.004423278353393512 
4 5 0.002712200925478303 
4 6 0.009572469898371239 
4 7 0.01302244195089508 
4 8 0.013772309060532617 
5 0 -0.0037309010154926714 
5 1 0.012187717230454309 
5 2 0.0007402205786459781 
5 3 -0.0037309010154926714 
5 4 0.002712200925478303 
5 6 0.012187717230454309 
5 7 0.008867451608983279 
5 8 0.0007402205786457561 
6 0 0.019577266607520682 
6 1 -0.025655267644328017 
6 2 -0.008166278705255214 
6 3 0.019577266607520682 
6 4 0.009572469898371239 
6 5 0.012187717230454087 
6 7 -0.017332169361062633 
6 8 -0.008166278705255214 
7 0 0.020915053277233087 
7 1 -0.017332169361062633 
7 2 -0.01926139534369109 
7 3 0.020915053277233087 
7 4 0.013022441950894859 
7 5 0.008867451608983279 
7 6 -0.017332169361062633 
7 8 -0.019261395343691312 
8 0 0.018598471482395684 
8 1 -0.008166278705255214 
8 2 -0.035323887234559814 
8 3 0.018598471482395684 
8 4 0.013772309060532617 
8 5 0.0007402205786457561 
8 6 -0.008166278705255214 
8 7 -0.019261395343691312 
