12 24 12 
K 
0 3 134.92557115253808 
1 4 254.13587518077813 
2 5 350.097707534246 
3 0 127.58562008184002 
3 6 1744.185080540918 
4 1 65.0587840462792 
4 9 1622.3889167213633 
5 2 42.15176398712322 
5 11 1742.8528934891299 
6 3 1744.185080540918 
6 7 1124.0999172188335 
6 8 1047.4938292151853 
7 6 1124.0999172188335 
7 9 591.5474326122223 
8 6 1047.4938292151853 
8 11 571.1977545287123 
9 4 1622.3889167213633 
9 7 591.5474326122225 
9 10 1378.5339068393907 
10 9 1378.5339068393907 
10 11 991.7741319835526 
11 5 1742.8528934891299 
11 8 571.1977545287122 
11 10 991.7741319835529 
P 
0 1.0 5.661245644793789 5.661245644793789 
1 1.0 48.007462737669016 48.007462737669016 
2 1.0 53.22964296780048 53.22964296780048 
3 0.0 -0.0 -0.0 
4 0.0 -0.0 -0.0 
5 0.0 -0.0 -0.0 
6 0.0 -327.9587164984136 -327.9587164984136 
7 0.0 -247.71031766694836 -247.71031766694836 
8 0.0 -319.06764601590197 -319.06764601590197 
9 0.0 -283.3124539782589 -283.3124539782589 
10 0.0 -281.67321671149006 -281.67321671149006 
11 0.0 -249.74371055260173 -249.74371055260173 
Alfa 
0 1.0575296108291032 
1 3.90625 
2 8.305647840531561 
3 0.0 
4 0.0 
5 0.0 
6 0.0 
7 0.0 
8 0.0 
9 0.0 
10 0.0 
11 0.0 
Gamma 
6 7 0.11710874456686438 
6 8 0.18272156076209756 
7 6 0.11710874456686438 
7 9 0.19620081728811645 
8 6 0.18272156076209756 
8 11 0.22550963518842404 
9 7 0.19620081728811645 
9 10 0.11751164543144554 
10 9 0.11751164543144554 
10 11 0.11751164543144554 
11 8 0.22550963518842404 
11 10 0.11751164543144554 
