3 6 6 
K 
0 1 35.00212832157849 
0 2 24.239521004700432 
1 0 129.2891114878305 
1 2 57.034546157575924 
2 0 190.372849352531 
2 1 121.26946691311828 
P 
0 1.0 -6.491189559239205 -6.491189559239205 
1 1.0 31.321474093986506 31.321474093986506 
2 1.0 35.48874228659388 35.48874228659388 
Alfa 
0 1.0575296108291032 
1 3.90625 
2 8.305647840531561 
Gamma 
0 1 -0.15737363391501624 
0 2 -0.15542079917186968 
1 0 -0.15737363391501624 
1 2 -0.1733476315706275 
2 0 -0.15542079917186968 
2 1 -0.17334763157062727 
