3 6 6 
K 
0 1 66.33395996555382 
0 2 44.41396082657819 
1 0 245.02106462276438 
1 2 92.4479726438861 
2 0 348.81928037883995 
2 1 196.5671179139107 
P 
0 1.0 -24.132378901077523 -24.132378901077523 
1 1.0 13.393855178695866 13.393855178695866 
2 1.0 19.62277684545993 19.62277684545993 
Alfa 
0 1.0575296108291032 
1 3.90625 
2 8.305647840531561 
Gamma 
0 1 -0.23742333336788857 
0 2 -0.23780940238057058 
1 0 -0.23742333336788857 
1 2 -0.24475338580591055 
2 0 -0.23780940238057058 
2 1 -0.24475338580591055 
