9 72 72 
K 
0 1 41.45018132864069 
0 2 27.629866387210026 
0 3 5.290896781049013 
0 4 27.363548961191604 
0 5 18.741146083075968 
0 6 4.935583729730403 
0 7 23.254300534090245 
0 8 5.056179165563973 
1 0 153.10660728266652 
1 2 56.41088375118009 
1 3 9.446912874850057 
1 4 52.803211632698 
1 5 35.08025152786446 
1 6 10.984410136950258 
1 7 49.95396966685096 
1 8 10.323015360863243 
2 0 217.0000137520416 
2 1 119.94340731147929 
2 3 13.389234208371642 
2 4 72.50981416102402 
2 5 51.43032236862417 
2 6 14.281981661824911 
2 7 69.9475659177773 
2 8 16.00480536057964 
3 0 1250.7679990399865 
3 1 604.602423990404 
3 2 403.0159496719864 
3 4 399.1313789376634 
3 5 273.362913912193 
3 6 71.9916244308613 
3 7 339.1928821647298 
3 8 73.75065878222075 
4 0 129.37485948851392 
4 1 67.58811088985345 
4 2 43.65090812493646 
4 3 7.9826275787532674 
4 5 28.724453099064412 
4 6 8.047896770011898 
4 7 37.42164103401732 
4 8 7.987979714640134 
5 0 123.06685927886554 
5 1 62.36489160509239 
5 2 43.00146398043296 
5 3 7.593414275338693 
5 4 39.89507374870057 
5 6 7.425954107945235 
5 7 35.49423264282452 
5 8 7.8691334666482815 
6 0 1166.7719937082672 
6 1 703.0022487648165 
6 2 429.8876480209298 
6 3 71.99162443086126 
6 4 402.39483850059486 
6 5 267.3343478860283 
6 7 380.6817603516483 
6 8 78.66809556715366 
7 0 137.43291615647334 
7 1 79.92635146696153 
7 2 52.63554335312741 
7 3 8.479822054118245 
7 4 46.777051292521655 
7 5 31.944809378542065 
7 6 9.517044008791206 
7 8 9.632139871418886 
8 0 1195.2807547393234 
8 1 660.6729830952476 
8 2 481.7446413534471 
8 3 73.75065878222074 
8 4 399.3989857320067 
8 5 283.28880479933815 
8 6 78.66809556715364 
8 7 385.2855948567553 
P 
0 1.0 5.2448481305970684 5.2448481305970684 
1 1.0 46.694328163236335 46.694328163236335 
2 1.0 51.415082152527354 51.415082152527354 
3 0.0 -0.3747551023357922 -0.3747551023357922 
4 0.0 -47.569142121293275 -47.569142121293275 
5 0.0 -47.663663207493194 -47.663663207493194 
6 0.0 -1.1915530662552396 -1.1915530662552396 
7 0.0 -47.90855835385314 -47.90855835385314 
8 0.0 -1.8290490989568817 -1.8290490989568817 
Alfa 
0 1.0575296108291032 
1 3.90625 
2 8.305647840531561 
3 250.0 
4 5.0 
5 6.944444444444445 
6 250.0 
7 6.25 
8 250.0 
Gamma 
0 1 0.008460410201901247 
0 2 0.0070679656400483015 
0 3 -0.004855975903705012 
0 4 -0.0010041105731795064 
0 5 -0.001770492609736829 
0 6 0.008460410201901247 
0 7 0.008477319017453855 
0 8 0.0070679656400483015 
1 0 0.008460410201901247 
1 2 -0.006721563551574938 
1 3 0.008460410201901247 
1 4 0.0034337428954720473 
1 5 0.0033034745604976212 
1 6 -0.01423505838181005 
1 7 -0.010627366833680707 
1 8 -0.006721563551574938 
2 0 0.0070679656400483015 
2 1 -0.006721563551574938 
2 3 0.0070679656400483015 
2 4 0.00407654675625424 
2 5 -0.0023943362727907314 
2 6 -0.006721563551574938 
2 7 -0.012330147642266365 
2 8 -0.02074894233594038 
3 0 -0.00485597590370479 
3 1 0.008460410201901247 
3 2 0.0070679656400483015 
3 4 -0.0010041105731795064 
3 5 -0.001770492609736829 
3 6 0.008460410201901247 
3 7 0.008477319017453855 
3 8 0.0070679656400483015 
4 0 -0.0010041105731795064 
4 1 0.0034337428954720473 
4 2 0.00407654675625424 
4 3 -0.0010041105731797284 
4 5 0.00028299722376745606 
4 6 0.0034337428954720473 
4 7 0.004302127529387301 
4 8 0.00407654675625424 
5 0 -0.001770492609736829 
5 1 0.0033034745604976212 
5 2 -0.0023943362727907314 
5 3 -0.001770492609736829 
5 4 0.00028299722376745606 
5 6 0.0033034745604976212 
5 7 0.0014616247719247966 
5 8 -0.0023943362727907314 
6 0 0.008460410201901247 
6 1 -0.014235058381809829 
6 2 -0.006721563551574938 
6 3 0.008460410201901247 
6 4 0.0034337428954720473 
6 5 0.0033034745604976212 
6 7 -0.010627366833680707 
6 8 -0.006721563551574938 
7 0 0.008477319017453855 
7 1 -0.010627366833680707 
7 2 -0.012330147642266365 
7 3 0.008477319017453855 
7 4 0.004302127529387301 
7 5 0.0014616247719247966 
7 6 -0.010627366833680707 
7 8 -0.012330147642266365 
8 0 0.0070679656400483015 
8 1 -0.006721563551574938 
8 2 -0.02074894233594038 
8 3 0.0070679656400483015 
8 4 0.00407654675625424 
8 5 -0.0023943362727907314 
8 6 -0.006721563551574938 
8 7 -0.012330147642266365 
