12 24 12 
K 
0 3 134.92557115253808 
1 4 254.13587518077813 
2 5 350.097707534246 
3 0 127.58562008184002 
3 6 2558.1381181266875 
4 1 65.0587840462792 
4 9 2379.5037445246735 
5 2 42.15176398712322 
5 11 2556.1842437840646 
6 3 2558.1381181266875 
6 7 1648.6798785876272 
6 8 1536.324282848943 
7 6 1648.6798785876272 
7 9 867.6029011645952 
8 6 1536.324282848943 
8 11 837.7567066421138 
9 4 2379.5037445246735 
9 7 867.6029011645952 
9 10 2021.8497300311121 
10 9 2021.8497300311121 
10 11 1454.6020602425483 
11 5 2556.1842437840646 
11 8 837.7567066421138 
11 10 1454.6020602425483 
P 
0 1.0 5.661245644793789 5.661245644793789 
1 1.0 48.007462737669016 48.007462737669016 
2 1.0 53.22964296780048 53.22964296780048 
3 0.0 -0.0 -0.0 
4 0.0 -0.0 -0.0 
5 0.0 -0.0 -0.0 
6 0.0 -481.00611753100804 -481.00611753100804 
7 0.0 -358.9102361964996 -358.9102361964996 
8 0.0 -464.79915542850574 -464.79915542850574 
9 0.0 -415.52493250144744 -415.52493250144744 
10 0.0 -409.60213407149945 -409.60213407149945 
11 0.0 -366.2907754771502 -366.2907754771502 
Alfa 
0 1.0575296108291032 
1 3.90625 
2 8.305647840531561 
3 0.0 
4 0.0 
5 0.0 
6 0.0 
7 0.0 
8 0.0 
9 0.0 
10 0.0 
11 0.0 
Gamma 
6 7 0.11710874456686438 
6 8 0.18272156076209756 
7 6 0.11710874456686438 
7 9 0.19620081728811645 
8 6 0.18272156076209756 
8 11 0.22550963518842404 
9 7 0.19620081728811645 
9 10 0.11751164543144554 
10 9 0.11751164543144554 
10 11 0.11751164543144554 
11 8 0.22550963518842404 
11 10 0.11751164543144554 
