3 6 6 
K 
0 1 156.37979116695556 
0 2 103.64166581065665 
1 0 577.6278536229423 
1 2 207.0872886836598 
2 0 813.9830497554562 
2 1 440.3184875665857 
P 
0 1.0 -144.8954998096653 -144.8954998096653 
1 1.0 -114.52056682916277 -114.52056682916277 
2 1.0 -99.37793004192021 -99.37793004192021 
Alfa 
0 1.0575296108291032 
1 3.90625 
2 8.305647840531561 
Gamma 
0 1 -0.5416708512800503 
0 2 -0.5426263162818217 
1 0 -0.5416708512800501 
1 2 -0.5449553022080731 
2 0 -0.5426263162818219 
2 1 -0.5449553022080731 
