9 72 72 
K 
0 1 12.681527015353446 
0 2 9.338233901359073 
0 3 3.5722503562964043 
0 4 14.160339747526587 
0 5 10.015379573319754 
0 6 1.7465109662113996 
0 7 7.889394890744206 
0 8 1.8780836892648478 
1 0 46.842390412961784 
1 2 26.179816133513867 
1 3 3.7037010460317226 
1 4 26.6225917212065 
1 5 14.249588948390304 
1 6 9.076641876599606 
1 7 32.82473534178744 
1 8 5.265223187561116 
2 0 73.34081376349785 
2 1 55.6647253337172 
2 3 5.798859670866009 
2 4 30.960449657954182 
2 5 30.191421077997326 
2 6 7.6661945449298114 
2 7 46.99530499964438 
2 8 15.058254414793147 
3 0 844.47998422847 
3 1 237.03686694603024 
3 2 174.54567609306687 
3 4 264.678107343171 
3 5 187.2025500131632 
3 6 32.64492414962506 
3 7 147.4646897599898 
3 8 35.104216789256576 
4 0 66.95008632630572 
4 1 34.07691740314433 
4 2 18.638190694088404 
4 3 5.293562146863422 
4 5 15.967014814192206 
4 6 4.693102799624713 
4 7 18.839194632957234 
4 8 3.748469176262641 
5 0 65.76765919813306 
5 1 25.332602574916095 
5 2 25.243382623547763 
5 3 5.200070833698978 
5 4 22.176409464155835 
5 6 3.488828131359936 
5 7 18.165368648661207 
5 8 5.076889877459255 
6 0 412.87519241237493 
6 1 580.9050801023748 
6 2 230.7524558023873 
6 3 32.644924149625055 
6 4 234.65513998123564 
6 5 125.59781272895768 
6 7 289.3216763842959 
6 8 46.40839243030728 
7 0 46.626323804298266 
7 1 52.51957654685991 
7 2 35.36396701223239 
7 3 3.6866172439997444 
7 4 23.54899329119655 
7 5 16.348831783795085 
7 6 7.233041909607398 
7 8 7.112318060881686 
8 0 443.97898414221 
8 1 336.9742840039114 
8 2 453.2534578852737 
8 3 35.104216789256576 
8 4 187.42345881313204 
8 5 182.7680355885332 
8 6 46.40839243030727 
8 7 284.4927224352674 
P 
0 1.0 4.049852685743569 4.049852685743569 
1 1.0 44.77292914375981 44.77292914375981 
2 1.0 48.447430646650346 48.447430646650346 
3 0.0 -2.3814566665479404 -2.3814566665479404 
4 0.0 -49.38438533275548 -49.38438533275548 
5 0.0 -49.491042555336286 -49.491042555336286 
6 0.0 -3.926369535730529 -3.926369535730529 
7 0.0 -49.472010287638646 -49.472010287638646 
8 0.0 -5.822315508245377 -5.822315508245377 
Alfa 
0 1.0575296108291032 
1 3.90625 
2 8.305647840531561 
3 250.0 
4 5.0 
5 6.944444444444445 
6 250.0 
7 6.25 
8 250.0 
Gamma 
0 1 0.06040276037799819 
0 2 0.062223993136033995 
0 3 -0.035673733786538264 
0 4 -0.013391251628542822 
0 5 -0.007061411336009238 
0 6 0.06040276037799819 
0 7 0.06894060925650436 
0 8 0.062223993136033995 
1 0 0.06040276037799819 
1 2 -0.004844723121326888 
1 3 0.06040276037799819 
1 4 0.03046157802952565 
1 5 0.04888136633534823 
1 6 -0.0490976526259983 
1 7 -0.028450513456014237 
1 8 -0.004844723121326666 
2 0 0.062223993136033995 
2 1 -0.004844723121326888 
2 3 0.062223993136033995 
2 4 0.0541509841146075 
2 5 0.012140843893711617 
2 6 -0.004844723121326888 
2 7 -0.03148139256328286 
2 8 -0.06391461022887812 
3 0 -0.035673733786538264 
3 1 0.06040276037799819 
3 2 0.062223993136033995 
3 4 -0.013391251628542822 
3 5 -0.007061411336009238 
3 6 0.06040276037799819 
3 7 0.06894060925650436 
3 8 0.062223993136033995 
4 0 -0.013391251628542822 
4 1 0.03046157802952565 
4 2 0.0541509841146075 
4 3 -0.013391251628542822 
4 5 0.014704073582715305 
4 6 0.03046157802952565 
4 7 0.046777498834678966 
4 8 0.0541509841146075 
5 0 -0.007061411336009238 
5 1 0.04888136633534823 
5 2 0.012140843893711617 
5 3 -0.00706141133600946 
5 4 0.014704073582715305 
5 6 0.04888136633534823 
5 7 0.03797193622779438 
5 8 0.012140843893711617 
6 0 0.06040276037799819 
6 1 -0.0490976526259983 
6 2 -0.004844723121326888 
6 3 0.06040276037799819 
6 4 0.03046157802952565 
6 5 0.04888136633534823 
6 7 -0.028450513456014237 
6 8 -0.004844723121326666 
7 0 0.06894060925650436 
7 1 -0.028450513456014237 
7 2 -0.03148139256328286 
7 3 0.06894060925650436 
7 4 0.046777498834678966 
7 5 0.03797193622779438 
7 6 -0.028450513456014237 
7 8 -0.03148139256328286 
8 0 0.062223993136033995 
8 1 -0.004844723121326888 
8 2 -0.06391461022887812 
8 3 0.062223993136033995 
8 4 0.0541509841146075 
8 5 0.012140843893711617 
8 6 -0.004844723121326888 
8 7 -0.03148139256328286 
