3 6 6 
K 
0 1 53.88701257857261 
0 2 36.30870225746129 
1 0 199.04515271210258 
1 2 77.44081389864066 
2 0 285.16203367653986 
2 1 164.65820895392034 
P 
0 1.0 -15.39402469975639 -15.39402469975639 
1 1.0 22.58788811251592 22.58788811251592 
2 1.0 28.070676224894548 28.070676224894548 
Alfa 
0 1.0575296108291032 
1 3.90625 
2 8.305647840531561 
Gamma 
0 1 -0.2007168883720185 
0 2 -0.2007191918806559 
1 0 -0.2007168883720185 
1 2 -0.2101885865468498 
2 0 -0.2007191918806559 
2 1 -0.2101885865468498 
