12 24 12 
K 
0 3 134.92557115253808 
1 4 254.13587518077813 
2 5 350.097707534246 
3 0 127.58562008184002 
3 6 51.679557941953256 
4 1 65.0587840462792 
4 9 48.07078271767015 
5 2 42.15176398712322 
5 11 51.64008573301139 
6 3 51.679557941953256 
6 7 33.306664213891445 
6 8 31.03685419896854 
7 6 33.306664213891445 
7 9 17.527331336658484 
8 6 31.036854198968534 
8 11 16.924377911961884 
9 4 48.07078271767015 
9 7 17.527331336658484 
9 10 40.8454490915376 
10 9 40.84544909153761 
10 11 29.385900206920155 
11 5 51.64008573301139 
11 8 16.924377911961887 
11 10 29.385900206920155 
P 
0 1.0 5.661245644793789 5.661245644793789 
1 1.0 48.007462737669016 48.007462737669016 
2 1.0 53.22964296780048 53.22964296780048 
3 0.0 -0.0 -0.0 
4 0.0 -0.0 -0.0 
5 0.0 -0.0 -0.0 
6 0.0 -9.717295303656723 -9.717295303656723 
7 0.0 -16.485090248359885 -16.485090248359885 
8 0.0 -16.03863438017318 -16.03863438017318 
9 0.0 -8.39444308083732 -8.39444308083732 
10 0.0 -15.662293312108103 -15.662293312108103 
11 0.0 -7.399813646003031 -7.399813646003031 
Alfa 
0 1.0575296108291032 
1 3.90625 
2 8.305647840531561 
3 0.0 
4 0.0 
5 0.0 
6 0.0 
7 0.0 
8 0.0 
9 0.0 
10 0.0 
11 0.0 
Gamma 
6 7 0.11710874456686438 
6 8 0.18272156076209756 
7 6 0.11710874456686438 
7 9 0.19620081728811645 
8 6 0.18272156076209756 
8 11 0.22550963518842404 
9 7 0.19620081728811645 
9 10 0.11751164543144554 
10 9 0.11751164543144554 
10 11 0.11751164543144554 
11 8 0.22550963518842404 
11 10 0.11751164543144554 
