9 72 72 
K 
0 1 49.585464107405095 
0 2 32.94416169054189 
0 3 6.1482647502195 
0 4 32.14753716136729 
0 5 21.991894510193557 
0 6 5.879146208585673 
0 7 27.72876599328489 
0 8 6.012456353382995 
1 0 183.15630804672756 
1 2 66.39132434717958 
1 3 11.214594277113392 
1 4 62.121301052430795 
1 5 41.552820423519435 
1 6 12.635691442113728 
1 7 58.0339466934102 
1 8 12.116712625148152 
2 0 258.7375356692393 
2 1 141.16427768171073 
2 3 15.842405417182768 
2 4 85.73582229668207 
2 5 60.18405833193946 
2 6 16.737272562832043 
2 7 81.24490161853463 
2 8 18.30593466961985 
3 0 1453.44978695189 
3 1 717.7340337352573 
3 2 476.85640305720153 
3 4 465.3255129669433 
3 5 318.32577228866256 
3 6 85.09879657609929 
3 7 401.36518685703385 
3 8 87.0284190911969 
4 0 151.99355569894453 
4 1 79.5152653471114 
4 2 51.612965022602616 
4 3 9.306510259338866 
4 5 33.687223615509 
4 6 9.427800650964162 
4 7 44.03551230321374 
4 8 9.419596175554616 
5 0 144.41344061693763 
5 1 73.87168075292342 
5 2 50.32055988309384 
5 3 8.842382563573956 
5 4 46.787810577095826 
5 6 8.758663847124142 
5 7 41.748840436262846 
5 8 9.18372647684514 
6 0 1389.8301637096527 
6 1 808.6842522952785 
6 2 503.79190414124463 
6 3 85.09879657609925 
6 4 471.39003254820796 
6 5 315.31189849646915 
6 7 440.3742928310278 
6 8 91.94426810097166 
7 0 163.87700702031367 
7 1 92.85431470945633 
7 2 61.136788467947326 
7 3 10.034129671425843 
7 4 55.04439037901718 
7 5 37.57395639263656 
7 6 11.009357320775699 
7 8 11.157736405691367 
8 0 1421.344681939739 
8 1 775.4696080094814 
8 2 551.0086335555574 
8 3 87.02841909119685 
8 4 470.9798087777307 
8 5 330.614153166425 
8 6 91.94426810097161 
8 7 446.3094562276545 
P 
0 1.0 5.3548276371838455 5.3548276371838455 
1 1.0 46.751307340617586 46.751307340617586 
2 1.0 51.4691833546645 51.4691833546645 
3 0.0 -0.27157208567483365 -0.27157208567483365 
4 0.0 -47.51185856108317 -47.51185856108317 
5 0.0 -47.62322343435799 -47.62322343435799 
6 0.0 -1.1301682417586323 -1.1301682417586323 
7 0.0 -47.88165839161166 -47.88165839161166 
8 0.0 -1.7649788831535569 -1.7649788831535569 
Alfa 
0 1.0575296108291032 
1 3.90625 
2 8.305647840531561 
3 250.0 
4 5.0 
5 6.944444444444445 
6 250.0 
7 6.25 
8 250.0 
Gamma 
0 1 0.006124440007626575 
0 2 0.004663362910975133 
0 3 -0.0030515752480777536 
0 4 -0.00046011642787768814 
0 5 -0.0015059230165150872 
0 6 0.006124440007626575 
0 7 0.005905912661072099 
0 8 0.004663362910975133 
1 0 0.006124440007626575 
1 2 -0.006477296359665319 
1 3 0.006124440007626575 
1 4 0.002045479057415811 
1 5 0.0014422846272685863 
1 6 -0.011787298773217714 
1 7 -0.009242268089379335 
1 8 -0.006477296359665319 
2 0 0.004663362910975133 
2 1 -0.006477296359665319 
2 3 0.004663362910975133 
2 4 0.0020662375181719206 
2 5 -0.003186927466367173 
2 6 -0.006477296359665319 
2 7 -0.01091933332807038 
2 8 -0.017552134319220425 
3 0 -0.0030515752480777536 
3 1 0.006124440007626575 
3 2 0.004663362910975133 
3 4 -0.00046011642787768814 
3 5 -0.0015059230165150872 
3 6 0.006124440007626575 
3 7 0.005905912661072099 
3 8 0.004663362910975133 
4 0 -0.00046011642787768814 
4 1 0.002045479057415811 
4 2 0.0020662375181719206 
4 3 -0.00046011642787768814 
4 5 -0.0003279951458421415 
4 6 0.002045479057415811 
4 7 0.0024497578211752913 
4 8 0.0020662375181719206 
5 0 -0.0015059230165150872 
5 1 0.0014422846272685863 
5 2 -0.003186927466367173 
5 3 -0.0015059230165150872 
5 4 -0.00032799514584191947 
5 6 0.0014422846272685863 
5 7 -0.00013625786842941245 
5 8 -0.003186927466367173 
6 0 0.006124440007626575 
6 1 -0.011787298773217492 
6 2 -0.006477296359665319 
6 3 0.006124440007626575 
6 4 0.002045479057415811 
6 5 0.0014422846272685863 
6 7 -0.009242268089379335 
6 8 -0.006477296359665319 
7 0 0.005905912661072099 
7 1 -0.009242268089379335 
7 2 -0.010919333328070602 
7 3 0.005905912661072099 
7 4 0.0024497578211752913 
7 5 -0.00013625786842941245 
7 6 -0.009242268089379335 
7 8 -0.010919333328070602 
8 0 0.004663362910975133 
8 1 -0.006477296359665319 
8 2 -0.017552134319220425 
8 3 0.004663362910975133 
8 4 0.0020662375181719206 
8 5 -0.003186927466367173 
8 6 -0.006477296359665319 
8 7 -0.01091933332807038 
