9 72 72 
K 
0 1 44.78072269534996 
0 2 29.80281400299348 
0 3 5.637063864871349 
0 4 29.306754298656003 
0 5 20.060773658566138 
0 6 5.321224688768584 
0 7 25.083860351317163 
0 8 5.446749751249769 
1 0 165.40879445594882 
1 2 60.46966866526784 
1 3 10.168361594776382 
1 4 56.59055729282412 
1 5 37.71970824929263 
1 6 11.646783702607497 
1 7 53.21646222452432 
1 8 11.051411209948885 
2 0 234.06595449527111 
2 1 128.57338187963933 
2 3 14.389000718871953 
2 4 77.89901047614181 
2 5 54.97817207249162 
2 6 15.278178037252902 
2 7 74.5079933845209 
2 8 16.92371970311989 
3 0 1332.601897655587 
3 1 650.7751420656887 
3 2 433.10892163804584 
3 4 425.8999418553946 
3 5 291.53287490281264 
3 6 77.33061336136981 
3 7 364.5308025674049 
3 8 79.15480434025905 
4 0 138.56233432404557 
4 1 72.43591333481486 
4 2 46.89520430663735 
4 3 8.51799883710789 
4 5 30.73822249781182 
4 6 8.607448633935146 
4 7 40.110124618133774 
4 8 8.570547813583255 
5 0 131.73241369125094 
5 1 67.05725910985359 
5 2 45.96786053838883 
5 3 8.098135413967018 
5 4 42.69197569140531 
5 6 7.968311390685931 
5 7 38.03605417401678 
5 8 8.401066856566132 
6 0 1257.9375164248934 
6 1 745.3941569668798 
6 2 459.8731589213122 
6 3 77.33061336136981 
6 4 430.3724316967572 
6 5 286.8592100646934 
6 7 404.7123645621234 
6 8 84.04622508832601 
7 0 148.24561467628442 
7 1 85.14633955923897 
7 2 56.06726502185197 
7 3 9.113270064185121 
7 4 50.13765577266724 
7 5 34.232448756615106 
7 6 10.117809114053088 
7 8 10.24682977185824 
8 0 1287.6116411954463 
8 1 707.2903174367289 
8 2 509.40396306390863 
8 3 79.15480434025908 
8 4 428.5273906791629 
8 5 302.43840683638075 
8 6 84.04622508832603 
8 7 409.87319087432957 
P 
0 1.0 5.296021135175253 5.296021135175253 
1 1.0 46.72717166585923 46.72717166585923 
2 1.0 51.4495432365071 51.4495432365071 
3 0.0 -0.3262812799971281 -0.3262812799971281 
4 0.0 -47.540662780504725 -47.540662780504725 
5 0.0 -47.64229932645453 -47.64229932645453 
6 0.0 -1.1569902238963465 -1.1569902238963465 
7 0.0 -47.891874060249556 -47.891874060249556 
8 0.0 -1.78966246610107 -1.78966246610107 
Alfa 
0 1.0575296108291032 
1 3.90625 
2 8.305647840531561 
3 250.0 
4 5.0 
5 6.944444444444445 
6 250.0 
7 6.25 
8 250.0 
Gamma 
0 1 0.007361933901066431 
0 2 0.00593620339696721 
0 3 -0.003982910000052797 
0 4 -0.0007267403742770018 
0 5 -0.0016270111982785718 
0 6 0.007361933901066431 
0 7 0.00726538017720646 
0 8 0.00593620339696721 
1 0 0.007361933901066431 
1 2 -0.006591215479641255 
1 3 0.007361933901066431 
1 4 0.00278955131804115 
1 5 0.0024306180825106605 
1 6 -0.01306277833252012 
1 7 -0.009956556678976547 
1 8 -0.006591215479641255 
2 0 0.00593620339696721 
2 1 -0.006591215479641255 
2 3 0.00593620339696721 
2 4 0.0031319901343866974 
2 5 -0.0027538969760503296 
2 6 -0.006591215479641255 
2 7 -0.011646104399261059 
2 8 -0.0192245158907296 
3 0 -0.003982910000052797 
3 1 0.007361933901066431 
3 2 0.00593620339696721 
3 4 -0.0007267403742770018 
3 5 -0.0016270111982785718 
3 6 0.007361933901066431 
3 7 0.00726538017720646 
3 8 0.00593620339696721 
4 0 -0.0007267403742767797 
4 1 0.0027895513180413722 
4 2 0.0031319901343866974 
4 3 -0.0007267403742767797 
4 5 8.501296487439802e-06 
4 6 0.00278955131804115 
4 7 0.003434374338352031 
4 8 0.0031319901343866974 
5 0 -0.0016270111982783497 
5 1 0.0024306180825106605 
5 2 -0.0027538969760503296 
5 3 -0.0016270111982783497 
5 4 8.501296487439802e-06 
5 6 0.0024306180825108825 
5 7 0.000715709178500834 
5 8 -0.0027538969760503296 
6 0 0.007361933901066431 
6 1 -0.01306277833252012 
6 2 -0.006591215479641255 
6 3 0.007361933901066431 
6 4 0.00278955131804115 
6 5 0.0024306180825106605 
6 7 -0.009956556678976547 
6 8 -0.006591215479641255 
7 0 0.00726538017720646 
7 1 -0.009956556678976547 
7 2 -0.011646104399261059 
7 3 0.00726538017720646 
7 4 0.003434374338352031 
7 5 0.000715709178500612 
7 6 -0.009956556678976547 
7 8 -0.011646104399261059 
8 0 0.00593620339696721 
8 1 -0.006591215479641255 
8 2 -0.0192245158907296 
8 3 0.00593620339696721 
8 4 0.0031319901343866974 
8 5 -0.0027538969760503296 
8 6 -0.006591215479641255 
8 7 -0.011646104399261059 
