9 72 72 
K 
0 1 33.31645458606478 
0 2 22.35061594359991 
0 3 4.49631888722752 
0 4 22.777567032912216 
0 5 15.635298539472238 
0 6 4.000498979158407 
0 7 18.80941151201535 
0 8 4.111878688856832 
1 0 123.0626541272767 
1 2 46.775170554589316 
1 3 7.708109879480613 
1 4 43.83995330473968 
1 5 28.740480837029686 
1 6 9.511096463924293 
1 7 42.46071507694029 
1 8 8.605303203115264 
2 0 175.53772787598064 
2 1 99.45551214264842 
2 3 10.994920465984984 
2 4 59.60986074047757 
2 5 43.14338712358567 
2 6 11.942197323864065 
2 7 59.4882792458578 
2 8 14.007351627214028 
3 0 1062.9297849405857 
3 1 493.3190322867595 
3 2 330.94710602614805 
3 4 337.269000142139 
3 5 231.51293980222047 
3 6 59.23566326556418 
3 7 278.5122486854282 
3 8 60.88487028016016 
4 0 107.69233693160898 
4 1 56.11514023006683 
4 2 35.885136165767506 
4 3 6.745380002842778 
4 5 23.995036851246464 
4 6 6.738068740952095 
4 7 31.05630524083296 
4 8 6.601846097623869 
5 0 102.67179374253438 
5 1 51.094188154719475 
5 2 36.07266534499803 
5 3 6.430914994506125 
5 4 33.32644007117565 
5 6 6.135174048182718 
5 7 29.48306617032572 
5 8 6.6363461417194145 
6 0 945.7179586730472 
6 1 608.7101736911551 
6 2 359.46013944830844 
6 3 59.23566326556414 
6 4 336.9034370476047 
6 5 220.86626573457784 
6 7 326.30419903694684 
6 8 66.13045880349641 
7 0 111.16362203601071 
7 1 67.9371441231045 
7 2 44.76493013250799 
7 3 6.962806217135709 
7 4 38.8203815510412 
7 5 26.534759553293153 
7 6 8.157604975923674 
7 8 8.235476046141468 
8 0 972.0481220457548 
8 1 550.7394049993769 
8 2 421.6212839791422 
8 3 60.88487028016015 
8 4 330.09230488119346 
8 5 238.90846110189895 
8 6 66.13045880349641 
8 7 329.4190418456587 
P 
0 1.0 5.063280695444414 5.063280695444414 
1 1.0 46.52204116005938 46.52204116005938 
2 1.0 51.20751381685506 51.20751381685506 
3 0.0 -0.554582854917276 -0.554582854917276 
4 0.0 -47.690407481892585 -47.690407481892585 
5 0.0 -47.7663483630319 -47.7663483630319 
6 0.0 -1.3706938738902839 -1.3706938738902839 
7 0.0 -48.00633105838763 -48.00633105838763 
8 0.0 -2.0600462948771705 -2.0600462948771705 
Alfa 
0 1.0575296108291032 
1 3.90625 
2 8.305647840531561 
3 250.0 
4 5.0 
5 6.944444444444445 
6 250.0 
7 6.25 
8 250.0 
Gamma 
0 1 0.01265387197816037 
0 2 0.011402096858891264 
0 3 -0.008330005062189061 
0 4 -0.0022388357354692356 
0 5 -0.002469892289805875 
0 6 0.01265387197816037 
0 7 0.013136902226929204 
0 8 0.011402096858891264 
1 0 0.01265387197816037 
1 2 -0.007308390993309377 
1 3 0.01265387197816037 
1 4 0.005806963310384772 
1 5 0.006629403682039348 
1 6 -0.018754262283009693 
1 7 -0.013269886648310525 
1 8 -0.007308390993309377 
2 0 0.011402096858891264 
2 1 -0.007308390993309155 
2 3 0.011402096858891264 
2 4 0.007693771399269078 
2 5 -0.0011444494566583696 
2 6 -0.007308390993309155 
2 7 -0.015040281508535314 
2 8 -0.026561630131552327 
3 0 -0.008330005062189061 
3 1 0.01265387197816037 
3 2 0.011402096858891264 
3 4 -0.0022388357354692356 
3 5 -0.002469892289805875 
3 6 0.01265387197816037 
3 7 0.013136902226929204 
3 8 0.011402096858891264 
4 0 -0.0022388357354692356 
4 1 0.005806963310384772 
4 2 0.007693771399269078 
4 3 -0.0022388357354692356 
4 5 0.0012277718623567857 
4 6 0.005806963310384772 
4 7 0.007591278907265853 
4 8 0.007693771399269078 
5 0 -0.002469892289805875 
5 1 0.006629403682039348 
5 2 -0.0011444494566583696 
5 3 -0.002469892289805875 
5 4 0.0012277718623567857 
5 6 0.006629403682039348 
5 7 0.004265554013615391 
5 8 -0.0011444494566583696 
6 0 0.01265387197816037 
6 1 -0.018754262283009693 
6 2 -0.007308390993309155 
6 3 0.01265387197816037 
6 4 0.005806963310384772 
6 5 0.006629403682039348 
6 7 -0.013269886648310525 
6 8 -0.007308390993309377 
7 0 0.013136902226929204 
7 1 -0.013269886648310525 
7 2 -0.015040281508535314 
7 3 0.013136902226929204 
7 4 0.007591278907265853 
7 5 0.004265554013615391 
7 6 -0.013269886648310525 
7 8 -0.015040281508535314 
8 0 0.011402096858891264 
8 1 -0.007308390993309155 
8 2 -0.026561630131552327 
8 3 0.011402096858891264 
8 4 0.007693771399269078 
8 5 -0.0011444494566583696 
8 6 -0.007308390993309155 
8 7 -0.015040281508535314 
