9 72 72 
K 
0 1 33.915379260967136 
0 2 22.737430523522068 
0 3 4.551172592714431 
0 4 23.10386300711616 
0 5 15.855644896003882 
0 6 4.068876839427118 
0 7 19.135075518032444 
0 8 4.180736425283692 
1 0 125.27493214519735 
1 2 47.46532482312132 
1 3 7.834505941648647 
1 4 44.4795201433009 
1 5 29.199836151733297 
1 6 9.609157557717962 
1 7 42.97854424117347 
1 8 8.727459869340016 
2 0 178.5757001913826 
2 1 100.92294979002544 
2 3 11.167855852932421 
2 4 60.54131455638703 
2 5 43.726427421001034 
2 6 12.107871470566314 
2 7 60.20976963611241 
2 8 14.13650046338816 
3 0 1075.8972009176916 
3 1 501.4083802655134 
3 2 336.152461173266 
3 4 341.5698358887844 
3 5 234.41144986753002 
3 6 60.154684689167624 
3 7 282.8948822281673 
3 8 61.808428064111 
4 0 109.2350642976452 
4 1 56.933785783425165 
4 2 36.445871362945006 
4 3 6.8313967177756885 
4 5 24.32974220877022 
4 6 6.830428183408073 
4 7 31.510687378780098 
4 8 6.701310502109696 
5 0 104.11873481709216 
5 1 51.91081982530363 
5 2 36.56015181589251 
5 3 6.511429162986943 
5 4 33.79130862329197 
5 6 6.227815731547531 
5 7 29.911634258928483 
5 8 6.722323274500196 
6 0 961.8824848405704 
6 1 614.9860836939495 
6 2 364.4469312640459 
6 3 60.1546846891676 
6 4 341.52140917040356 
6 5 224.2013663357111 
6 7 329.9966579236753 
6 8 67.01093859494034 
7 0 113.08829631157171 
7 1 68.76567078587756 
7 2 45.30785165117459 
7 3 7.072372055704183 
7 4 39.38835922347513 
7 5 26.92047083303564 
7 6 8.249916448091886 
7 8 8.330764795672875 
8 0 988.3260909370645 
8 1 558.557431637761 
8 2 425.5086639479835 
8 3 61.80842806411098 
8 4 335.0655251054847 
8 5 242.00363788200704 
8 6 67.01093859494034 
8 7 333.23059182691503 
P 
0 1.0 5.0804015719263935 5.0804015719263935 
1 1.0 46.54103685985939 46.54103685985939 
2 1.0 51.23145892805452 51.23145892805452 
3 0.0 -0.5370341586940713 -0.5370341586940713 
4 0.0 -47.677753818805115 -47.677753818805115 
5 0.0 -47.75510959771284 -47.75510959771284 
6 0.0 -1.3508148391838306 -1.3508148391838306 
7 0.0 -47.9951074143603 -47.9951074143603 
8 0.0 -2.0334092174217013 -2.0334092174217013 
Alfa 
0 1.0575296108291032 
1 3.90625 
2 8.305647840531561 
3 250.0 
4 5.0 
5 6.944444444444445 
6 250.0 
7 6.25 
8 250.0 
Gamma 
0 1 0.012235447191864646 
0 2 0.010968756523255685 
0 3 -0.007981569613804584 
0 4 -0.0021088265680067053 
0 5 -0.0023944812910658975 
0 6 0.012235447191864646 
0 7 0.01266999621918119 
0 8 0.010968756523255685 
1 0 0.012235447191864646 
1 2 -0.00724872738905602 
1 3 0.012235447191864646 
1 4 0.005574497789133659 
1 5 0.006296919748827179 
1 6 -0.018309518929784607 
1 7 -0.013007835891386321 
1 8 -0.00724872738905602 
2 0 0.010968756523255907 
2 1 -0.00724872738905602 
2 3 0.010968756523255685 
2 4 0.00733123683089687 
2 5 -0.0012634329135901012 
2 6 -0.00724872738905602 
2 7 -0.01477036364936879 
2 8 -0.02599284888738085 
3 0 -0.007981569613804584 
3 1 0.012235447191864868 
3 2 0.010968756523255685 
3 4 -0.0021088265680067053 
3 5 -0.0023944812910658975 
3 6 0.012235447191864646 
3 7 0.01266999621918119 
3 8 0.010968756523255685 
4 0 -0.0021088265680069274 
4 1 0.005574497789133659 
4 2 0.00733123683089687 
4 3 -0.0021088265680067053 
4 5 0.0011373871106747924 
4 6 0.005574497789133659 
4 7 0.007263760357897997 
4 8 0.00733123683089687 
5 0 -0.0023944812910656754 
5 1 0.006296919748827179 
5 2 -0.0012634329135901012 
5 3 -0.0023944812910656754 
5 4 0.0011373871106750144 
5 6 0.006296919748827179 
5 7 0.003987379963614757 
5 8 -0.0012634329135901012 
6 0 0.012235447191864646 
6 1 -0.018309518929784607 
6 2 -0.00724872738905602 
6 3 0.012235447191864646 
6 4 0.005574497789133659 
6 5 0.006296919748827179 
6 7 -0.013007835891386321 
6 8 -0.00724872738905602 
7 0 0.01266999621918119 
7 1 -0.013007835891386321 
7 2 -0.01477036364936879 
7 3 0.01266999621918119 
7 4 0.007263760357897997 
7 5 0.003987379963614757 
7 6 -0.013007835891386321 
7 8 -0.01477036364936879 
8 0 0.010968756523255907 
8 1 -0.00724872738905602 
8 2 -0.02599284888738085 
8 3 0.010968756523255685 
8 4 0.00733123683089687 
8 5 -0.0012634329135901012 
8 6 -0.00724872738905602 
8 7 -0.01477036364936879 
