3 6 6 
K 
0 1 84.50631435695927 
0 2 56.32382506990993 
1 0 312.14519865601847 
1 2 115.1424762096792 
2 0 442.3572174925819 
2 1 244.8212118744009 
P 
0 1.0 -40.512427824796 -40.512427824796 
1 1.0 -4.0084699167501565 -4.0084699167501565 
2 1.0 3.459698771414288 3.459698771414288 
Alfa 
0 1.0575296108291032 
1 3.90625 
2 8.305647840531561 
Gamma 
0 1 -0.29461181221893584 
0 2 -0.29526006410975647 
1 0 -0.29461181221893584 
1 2 -0.30022617930920625 
2 0 -0.29526006410975647 
2 1 -0.3002261793092065 
