9 72 72 
K 
0 1 34.52578422540049 
0 2 23.132055746436826 
0 3 4.607846591352291 
0 4 23.438795759831024 
0 5 16.081963151439712 
0 6 4.13866475309845 
0 7 19.46732036627096 
0 8 4.251054545976332 
1 0 127.52961548257304 
1 2 48.172702089171544 
1 3 7.963666608019392 
1 4 45.13562534554322 
1 5 29.669542284237835 
1 6 9.711298959792964 
1 7 43.51341033003374 
1 8 8.852857111053808 
2 0 181.67501589560354 
2 1 102.4270077643515 
2 3 11.344810004519424 
2 4 61.494442827193815 
2 5 44.326360727429325 
2 6 12.27810044899119 
2 7 60.955315652900815 
2 8 14.271927336120804 
3 0 1089.294934195682 
3 1 509.6746629132409 
3 2 341.47878113603446 
3 4 346.0069219570524 
3 5 237.40428587174594 
3 6 61.09557278048751 
3 7 287.37942288950654 
3 8 62.754687296930015 
4 0 110.81862635248108 
4 1 57.77360044229533 
4 2 37.01965458197066 
4 3 6.920138439141048 
4 5 24.673709990359438 
4 6 6.925420209114657 
4 7 31.976780145224623 
4 8 6.803224608578121 
5 0 105.60489136112074 
5 1 52.745852949756134 
5 2 37.06176271932285 
5 3 6.594563496437388 
5 4 34.26904165327698 
5 6 6.322735525719616 
5 7 30.35136593706339 
5 8 6.8109629605290145 
6 0 978.3803476324731 
6 1 621.52313342675 
6 2 369.5708235146347 
6 3 61.09557278048752 
6 4 346.27101045573283 
6 5 227.61847892590617 
6 7 333.82571855390273 
6 8 67.91725502408521 
7 0 115.0518633646614 
7 1 69.62145652805403 
7 2 45.86887502880787 
7 3 7.1844855722376675 
7 4 39.97097518153079 
7 5 27.31622934335706 
7 6 8.345642963847569 
7 8 8.429475177106543 
8 0 1004.949294668805 
8 1 566.5828551074437 
8 2 429.5850128172361 
8 3 62.75468729693005 
8 4 340.16123042890604 
8 5 245.1946665790446 
8 6 67.91725502408521 
8 7 337.17900708426157 
P 
0 1.0 5.097102090145187 5.097102090145187 
1 1.0 46.559108941332475 46.559108941332475 
2 1.0 51.25406637003339 51.25406637003339 
3 0.0 -0.5200452610222066 -0.5200452610222066 
4 0.0 -47.66564618444266 -47.66564618444266 
5 0.0 -47.744438899447864 -47.744438899447864 
6 0.0 -1.3319503268742605 -1.3319503268742605 
7 0.0 -47.98450767707985 -47.98450767707985 
8 0.0 -2.008284623469465 -2.008284623469465 
Alfa 
0 1.0575296108291032 
1 3.90625 
2 8.305647840531561 
3 250.0 
4 5.0 
5 6.944444444444445 
6 250.0 
7 6.25 
8 250.0 
Gamma 
0 1 0.01183222182977084 
0 2 0.010551333793905382 
0 3 -0.0076453587667135725 
0 4 -0.0019843946290314385 
0 5 -0.002322470786576547 
0 6 0.01183222182977084 
0 7 0.012220427904768627 
0 8 0.010551333793905382 
1 0 0.01183222182977084 
1 2 -0.0071909439431590005 
1 3 0.01183222182977084 
1 4 0.005349747274955519 
1 5 0.005976753103634547 
1 6 -0.017878750825283785 
1 7 -0.012754241452966664 
1 8 -0.0071909439431590005 
2 0 0.010551333793905382 
2 1 -0.0071909439431590005 
2 3 0.010551333793905382 
2 4 0.006982290980172223 
2 5 -0.0013789915668693808 
2 6 -0.0071909439431590005 
2 7 -0.014509408231123677 
2 8 -0.025441373033832315 
3 0 -0.0076453587667135725 
3 1 0.01183222182977084 
3 2 0.010551333793905382 
3 4 -0.0019843946290314385 
3 5 -0.002322470786576547 
3 6 0.01183222182977084 
3 7 0.012220427904768627 
3 8 0.010551333793905382 
4 0 -0.0019843946290314385 
4 1 0.005349747274955519 
4 2 0.006982290980172223 
4 3 -0.0019843946290314385 
4 5 0.001049819227279425 
4 6 0.005349747274955519 
4 7 0.006948099245493777 
4 8 0.006982290980172223 
5 0 -0.002322470786576547 
5 1 0.005976753103634547 
5 2 -0.0013789915668693808 
5 3 -0.002322470786576547 
5 4 0.001049819227279425 
5 6 0.005976753103634547 
5 7 0.003719127289766533 
5 8 -0.0013789915668693808 
6 0 0.01183222182977084 
6 1 -0.017878750825283785 
6 2 -0.0071909439431590005 
6 3 0.01183222182977084 
6 4 0.005349747274955519 
6 5 0.005976753103634547 
6 7 -0.012754241452966664 
6 8 -0.0071909439431590005 
7 0 0.012220427904768627 
7 1 -0.012754241452966664 
7 2 -0.014509408231123677 
7 3 0.012220427904768627 
7 4 0.006948099245493777 
7 5 0.003719127289766533 
7 6 -0.012754241452966664 
7 8 -0.0145094082311239 
8 0 0.010551333793905382 
8 1 -0.0071909439431590005 
8 2 -0.025441373033832315 
8 3 0.010551333793905382 
8 4 0.006982290980172223 
8 5 -0.0013789915668693808 
8 6 -0.0071909439431590005 
8 7 -0.014509408231123677 
