3 6 6 
K 
0 1 19.662882525089504 
0 2 14.623366209597975 
1 0 72.62977232704935 
1 2 42.512565738977926 
2 0 114.8492947491349 
2 1 90.39216635530194 
P 
0 1.0 -2.962938810977897 -2.962938810977897 
1 1.0 33.502094960686044 33.502094960686044 
2 1.0 35.539867855802136 35.539867855802136 
Alfa 
0 1.0575296108291032 
1 3.90625 
2 8.305647840531561 
Gamma 
0 1 -0.16316051267312215 
0 2 -0.1535899928971165 
1 0 -0.16316051267312215 
1 2 -0.17955411854306313 
2 0 -0.1535899928971165 
2 1 -0.17955411854306313 
