12 24 12 
K 
0 3 134.92557115253808 
1 4 254.13587518077813 
2 5 350.097707534246 
3 0 127.58562008184002 
3 6 25.839778970976628 
4 1 65.0587840462792 
4 9 24.035391358835074 
5 2 42.15176398712322 
5 11 25.820042866505695 
6 3 25.839778970976628 
6 7 16.653332106945722 
6 8 15.51842709948427 
7 6 16.653332106945722 
7 9 8.763665668329242 
8 6 15.518427099484267 
8 11 8.462188955980942 
9 4 24.035391358835074 
9 7 8.763665668329242 
9 10 20.4227245457688 
10 9 20.422724545768805 
10 11 14.692950103460078 
11 5 25.820042866505695 
11 8 8.462188955980944 
11 10 14.692950103460078 
P 
0 1.0 5.661245644793789 5.661245644793789 
1 1.0 48.007462737669016 48.007462737669016 
2 1.0 53.22964296780048 53.22964296780048 
3 0.0 -0.0 -0.0 
4 0.0 -0.0 -0.0 
5 0.0 -0.0 -0.0 
6 0.0 -4.8586476518283614 -4.8586476518283614 
7 0.0 -12.954934104564632 -12.954934104564632 
8 0.0 -11.412237255963566 -11.412237255963566 
9 0.0 -4.19722154041866 -4.19722154041866 
10 0.0 -11.601057840361802 -11.601057840361802 
11 0.0 -3.6999068230015153 -3.6999068230015153 
Alfa 
0 1.0575296108291032 
1 3.90625 
2 8.305647840531561 
3 0.0 
4 0.0 
5 0.0 
6 0.0 
7 0.0 
8 0.0 
9 0.0 
10 0.0 
11 0.0 
Gamma 
6 7 0.11710874456686438 
6 8 0.18272156076209756 
7 6 0.11710874456686438 
7 9 0.19620081728811645 
8 6 0.18272156076209756 
8 11 0.22550963518842404 
9 7 0.19620081728811645 
9 10 0.11751164543144554 
10 9 0.11751164543144554 
10 11 0.11751164543144554 
11 8 0.22550963518842404 
11 10 0.11751164543144554 
