9 72 72 
K 
0 1 2.6942884014136927 
0 2 2.4598141615154 
0 3 3.621367823481674 
0 4 8.961921421256207 
0 5 6.821198516974897 
0 6 0.5810709274560081 
0 7 2.1729918188880033 
0 8 0.6810239173371031 
1 0 9.952027782721832 
1 2 10.346270775160711 
1 3 1.5092614567576885 
1 4 16.81662907121229 
1 5 5.185855054303991 
1 6 11.303578294865062 
1 7 27.22051759605084 
1 8 2.8644675534307558 
2 0 19.31893912897809 
2 1 21.998715269444713 
2 3 2.9297878632770646 
2 4 12.322854502268253 
2 5 25.02023692158182 
2 6 4.7444118743003685 
2 7 41.69230505898443 
2 8 22.12091818569592 
3 0 856.0913534710678 
3 1 96.59273323249201 
3 2 88.18661468463965 
3 4 321.2931787999187 
3 5 244.546281062678 
3 6 20.83193063350789 
3 7 77.90376819649464 
3 8 24.415337844966306 
4 0 42.37196447969935 
4 1 21.52528521115173 
4 2 7.418358410365489 
4 3 6.425863575998373 
4 5 12.865689090225192 
4 6 4.642308312219372 
4 7 12.447470576179358 
4 8 2.053846011572417 
5 0 44.79253692813517 
5 1 9.219297874318205 
5 2 20.919698092767018 
5 3 6.792952251741059 
5 4 17.86901262531277 
5 6 1.9883045792397094 
5 7 12.437655607563714 
5 8 5.791825645832039 
6 0 137.3651672506003 
6 1 723.429010871364 
6 2 142.80679741644107 
6 3 20.83193063350789 
6 4 232.11541561096857 
6 5 71.57896485262954 
6 7 375.717495355182 
6 8 39.53747649740978 
7 0 12.842381649628106 
7 1 43.55282815368134 
7 2 31.37345955688578 
7 3 1.9475942049123662 
7 4 15.559338220224202 
7 5 11.193890046807345 
7 6 9.39293738387955 
7 8 8.686053061294961 
8 0 160.9940540584913 
8 1 183.32592341956834 
8 2 665.8396373894471 
8 3 24.415337844966306 
8 4 102.69230057862083 
8 5 208.5057232499534 
8 6 39.53747649740976 
8 7 347.4421224517984 
P 
0 1.0 4.539252785853683 4.539252785853683 
1 1.0 45.033578236364626 45.033578236364626 
2 1.0 47.861691595455504 47.861691595455504 
3 0.0 -6.100190084494695 -6.100190084494695 
4 0.0 -51.919606463789776 -51.919606463789776 
5 0.0 -52.9175906451674 -52.9175906451674 
6 0.0 -8.852668516213285 -8.852668516213285 
7 0.0 -51.34344828369536 -51.34344828369536 
8 0.0 -12.384976946209969 -12.384976946209969 
Alfa 
0 1.0575296108291032 
1 3.90625 
2 8.305647840531561 
3 250.0 
4 5.0 
5 6.944444444444445 
6 250.0 
7 6.25 
8 250.0 
Gamma 
0 1 0.12915443429881734 
0 2 0.14513145809982242 
0 3 -0.047003509353511275 
0 4 -0.004299302441881814 
0 5 0.01288081382013817 
0 6 0.12915443429881734 
0 7 0.16651450984754934 
0 8 0.14513145809982242 
1 0 0.12915443429881734 
1 2 0.03042340811800659 
1 3 0.12915443429881734 
1 4 0.06757509115418947 
1 5 0.13998564345113196 
1 6 -0.05677099760882354 
1 7 -0.013389954896326994 
1 8 0.03042340811800659 
2 0 0.14513145809982242 
2 1 0.03042340811800659 
2 3 0.14513145809982242 
2 4 0.15224046603855834 
2 5 0.04832296686943449 
2 6 0.03042340811800659 
2 7 -0.014464392573460882 
2 8 -0.06723458734111776 
3 0 -0.047003509353511275 
3 1 0.12915443429881734 
3 2 0.14513145809982242 
3 4 -0.004299302441881814 
3 5 0.01288081382013817 
3 6 0.12915443429881734 
3 7 0.16651450984754934 
3 8 0.14513145809982242 
4 0 -0.004299302441881814 
4 1 0.06757509115418947 
4 2 0.15224046603855834 
4 3 -0.004299302441881814 
4 5 0.06317282130232482 
4 6 0.06757509115418947 
4 7 0.11789341423255695 
4 8 0.15224046603855834 
5 0 0.01288081382013817 
5 1 0.13998564345113196 
5 2 0.04832296686943449 
5 3 0.01288081382013817 
5 4 0.06317282130232482 
5 6 0.13998564345113196 
5 7 0.10832011135304453 
5 8 0.04832296686943449 
6 0 0.12915443429881734 
6 1 -0.05677099760882354 
6 2 0.03042340811800659 
6 3 0.12915443429881734 
6 4 0.06757509115418947 
6 5 0.13998564345113196 
6 7 -0.013389954896326994 
6 8 0.03042340811800659 
7 0 0.16651450984754934 
7 1 -0.013389954896326994 
7 2 -0.014464392573460882 
7 3 0.16651450984754934 
7 4 0.11789341423255673 
7 5 0.10832011135304453 
7 6 -0.013389954896326994 
7 8 -0.014464392573460882 
8 0 0.14513145809982242 
8 1 0.03042340811800659 
8 2 -0.06723458734111776 
8 3 0.14513145809982242 
8 4 0.15224046603855834 
8 5 0.04832296686943449 
8 6 0.03042340811800659 
8 7 -0.014464392573460882 
