9 72 72 
K 
0 1 31.206293750195375 
0 2 20.991232014353113 
0 3 4.309880111303229 
0 4 21.648992474671104 
0 5 14.874421032633677 
0 6 3.7604623324136788 
0 7 17.664983667794026 
0 8 3.8705118051702554 
1 0 115.26824753978418 
1 2 44.378481945159315 
1 3 7.2657968549270855 
1 4 41.62443616544877 
1 5 27.13559910195237 
1 6 9.18518762266929 
1 7 40.69920131570123 
1 8 8.182818338000615 
2 0 164.86137037186293 
2 1 94.35956293987365 
2 3 10.391840354243444 
2 4 56.36163183196892 
2 5 41.13995278954402 
2 6 11.370641607710656 
2 7 57.036957970554894 
2 8 13.586287547245393 
3 0 1018.855658312083 
3 1 465.0109987153335 
3 2 312.7943946627275 
3 4 322.59581007643766 
3 5 221.64661510481494 
3 6 56.035374108344065 
3 7 263.22932685973086 
3 8 57.675242515796675 
4 0 102.35643642024503 
4 1 53.27927829177444 
4 2 33.92970236284528 
4 3 6.451916201528754 
4 5 22.84103788094871 
4 6 6.420330485838266 
4 7 29.48195024692484 
4 8 6.256198466650738 
5 0 97.67536478096112 
5 1 48.241065070137545 
5 2 34.397571637924294 
5 3 6.156850419578192 
5 4 31.723663723539868 
5 6 5.813209012385001 
5 7 27.999221150523958 
5 8 6.342467512280432 
6 0 888.9732953825937 
6 1 587.8520078508344 
6 2 342.2563123920907 
6 3 56.035374108344065 
6 4 321.01652429191336 
6 5 209.27552444586004 
6 7 313.8809159093967 
6 8 63.107639256325456 
7 0 104.4000534766627 
7 1 65.11872210512198 
7 2 42.92031087284254 
7 3 6.580733171493271 
7 4 36.85243780865605 
7 5 25.199299035471576 
7 6 7.8470228977349175 
7 8 7.913950443753112 
8 0 914.988990742248 
8 1 523.7003736320391 
8 2 408.9472551720863 
8 3 57.675242515796675 
8 4 312.8099233325368 
8 5 228.32883044209558 
8 6 63.107639256325456 
8 7 316.55801775012446 
P 
0 1.0 4.9965499835493175 4.9965499835493175 
1 1.0 46.44391192157452 46.44391192157452 
2 1.0 51.10733754147296 51.10733754147296 
3 0.0 -0.6243346486660536 -0.6243346486660536 
4 0.0 -47.74204493112661 -47.74204493112661 
5 0.0 -47.812981892335486 -47.812981892335486 
6 0.0 -1.4530818416161198 -1.4530818416161198 
7 0.0 -48.05329279277447 -48.05329279277447 
8 0.0 -2.1718774447179694 -2.1718774447179694 
Alfa 
0 1.0575296108291032 
1 3.90625 
2 8.305647840531561 
3 250.0 
4 5.0 
5 6.944444444444445 
6 250.0 
7 6.25 
8 250.0 
Gamma 
0 1 0.014335278869486379 
0 2 0.01314528662525527 
0 3 -0.009721606899233404 
0 4 -0.0027674583846415413 
0 5 -0.002777338430479004 
0 6 0.014335278869486379 
0 7 0.015016975228764107 
0 8 0.01314528662525527 
1 0 0.014335278869486379 
1 2 -0.007542495125677284 
1 3 0.014335278869486379 
1 4 0.006734253803323487 
1 5 0.007968596917725224 
1 6 -0.020514147807370042 
1 7 -0.01430811942574195 
1 8 -0.007542495125677284 
2 0 0.01314528662525527 
2 1 -0.007542495125677284 
2 3 0.01314528662525527 
2 4 0.009155500506393466 
2 5 -0.0006743118362679823 
2 6 -0.007542495125677284 
2 7 -0.016112358216183953 
2 8 -0.02880697247294295 
3 0 -0.009721606899233404 
3 1 0.014335278869486379 
3 2 0.01314528662525527 
3 4 -0.0027674583846415413 
3 5 -0.002777338430479004 
3 6 0.014335278869486379 
3 7 0.015016975228764107 
3 8 0.01314528662525527 
4 0 -0.0027674583846415413 
4 1 0.006734253803323487 
4 2 0.009155500506393688 
4 3 -0.0027674583846415413 
4 5 0.0015877929514009903 
4 6 0.006734253803323487 
4 7 0.008907489531983392 
4 8 0.009155500506393466 
5 0 -0.002777338430479004 
5 1 0.007968596917725224 
5 2 -0.0006743118362679823 
5 3 -0.002777338430479004 
5 4 0.0015877929514009903 
5 6 0.007968596917725224 
5 7 0.005382215385904665 
5 8 -0.0006743118362679823 
6 0 0.014335278869486379 
6 1 -0.020514147807370042 
6 2 -0.007542495125677284 
6 3 0.014335278869486379 
6 4 0.006734253803323487 
6 5 0.007968596917725224 
6 7 -0.01430811942574195 
6 8 -0.007542495125677284 
7 0 0.015016975228764107 
7 1 -0.01430811942574195 
7 2 -0.016112358216183953 
7 3 0.015016975228764107 
7 4 0.00890748953198317 
7 5 0.005382215385904443 
7 6 -0.01430811942574195 
7 8 -0.016112358216183953 
8 0 0.01314528662525527 
8 1 -0.007542495125677284 
8 2 -0.02880697247294295 
8 3 0.01314528662525527 
8 4 0.009155500506393688 
8 5 -0.0006743118362679823 
8 6 -0.007542495125677284 
8 7 -0.016112358216183953 
