3 6 6 
K 
0 1 38.26681094639456 
0 2 26.295281194460387 
1 0 141.3480329332449 
1 2 60.24239110883785 
2 0 206.51842107542976 
2 1 128.09013391912376 
P 
0 1.0 -7.621515057050875 -7.621515057050875 
1 1.0 30.337985009035272 30.337985009035272 
2 1.0 34.79063210334032 34.79063210334032 
Alfa 
0 1.0575296108291032 
1 3.90625 
2 8.305647840531561 
Gamma 
0 1 -0.16272367348275596 
0 2 -0.16137432163719634 
1 0 -0.16272367348275596 
1 2 -0.17727992489444078 
2 0 -0.16137432163719634 
2 1 -0.17727992489444078 
