12 24 12 
K 
0 3 134.92557115253808 
1 4 254.13587518077813 
2 5 350.097707534246 
3 0 127.58562008184002 
3 6 1291.9889485488288 
4 1 65.0587840462792 
4 9 1201.7695679417513 
5 2 42.15176398712322 
5 11 1291.0021433252818 
6 3 1291.9889485488288 
6 7 832.6666053472843 
6 8 775.9213549742118 
7 6 832.6666053472843 
7 9 438.1832834164612 
8 6 775.9213549742118 
8 11 423.1094477990462 
9 4 1201.7695679417513 
9 7 438.1832834164612 
9 10 1021.1362272884378 
10 9 1021.1362272884378 
10 11 734.6475051730024 
11 5 1291.0021433252818 
11 8 423.10944779904634 
11 10 734.6475051730024 
P 
0 1.0 5.661245644793789 5.661245644793789 
1 1.0 48.007462737669016 48.007462737669016 
2 1.0 53.22964296780048 53.22964296780048 
3 0.0 -0.0 -0.0 
4 0.0 -0.0 -0.0 
5 0.0 -0.0 -0.0 
6 0.0 -242.9323825914176 -242.9323825914176 
7 0.0 -185.93258515053168 -185.93258515053168 
8 0.0 -238.10569634223407 -238.10569634223407 
9 0.0 -209.86107702093258 -209.86107702093258 
10 0.0 -210.60159595593012 -210.60159595593012 
11 0.0 -184.9953411500754 -184.9953411500754 
Alfa 
0 1.0575296108291032 
1 3.90625 
2 8.305647840531561 
3 0.0 
4 0.0 
5 0.0 
6 0.0 
7 0.0 
8 0.0 
9 0.0 
10 0.0 
11 0.0 
Gamma 
6 7 0.11710874456686438 
6 8 0.18272156076209756 
7 6 0.11710874456686438 
7 9 0.19620081728811645 
8 6 0.18272156076209756 
8 11 0.22550963518842404 
9 7 0.19620081728811645 
9 10 0.11751164543144554 
10 9 0.11751164543144554 
10 11 0.11751164543144554 
11 8 0.22550963518842404 
11 10 0.11751164543144554 
