3 6 6 
K 
0 1 44.8202910810028 
0 2 30.46469677725655 
1 0 165.55495018045406 
1 2 67.1289226339895 
2 0 239.2642630612442 
2 1 142.73259297592458 
P 
0 1.0 -10.416194059120496 -10.416194059120496 
1 1.0 27.669181169426057 27.669181169426057 
2 1.0 32.59628008815567 32.59628008815567 
Alfa 
0 1.0575296108291032 
1 3.90625 
2 8.305647840531561 
Gamma 
0 1 -0.1768311609833566 
0 2 -0.1762620473219243 
1 0 -0.1768311609833566 
1 2 -0.18884592974292302 
2 0 -0.17626204732192408 
2 1 -0.18884592974292302 
