3 6 6 
K 
0 1 41.91808539189975 
0 2 28.61149592180878 
1 0 154.8349279163297 
1 2 64.00865027926153 
2 0 224.70955601048487 
2 1 136.0981268396258 
P 
0 1.0 -9.092176751808232 -9.092176751808232 
1 1.0 28.962874487949755 28.962874487949755 
2 1.0 33.692222952179286 33.692222952179286 
Alfa 
0 1.0575296108291032 
1 3.90625 
2 8.305647840531561 
Gamma 
0 1 -0.17013381513503045 
0 2 -0.16927420976490803 
1 0 -0.17013381513503067 
1 2 -0.18320362185966976 
2 0 -0.16927420976490826 
2 1 -0.18320362185966976 
