12 24 12 
K 
0 3 134.92557115253808 
1 4 254.13587518077813 
2 5 350.097707534246 
3 0 127.58562008184002 
3 6 167.9585633113481 
4 1 65.0587840462792 
4 9 156.23004383242795 
5 2 42.15176398712322 
5 11 167.830278632287 
6 3 167.9585633113481 
6 7 108.24665869514718 
6 8 100.86977614664772 
7 6 108.24665869514718 
7 9 56.96382684414007 
8 6 100.86977614664772 
8 11 55.00422821387613 
9 4 156.23004383242795 
9 7 56.96382684414007 
9 10 132.74770954749718 
10 9 132.7477095474972 
10 11 95.5041756724905 
11 5 167.830278632287 
11 8 55.00422821387612 
11 10 95.5041756724905 
P 
0 1.0 5.661245644793789 5.661245644793789 
1 1.0 48.007462737669016 48.007462737669016 
2 1.0 53.22964296780048 53.22964296780048 
3 0.0 -0.0 -0.0 
4 0.0 -0.0 -0.0 
5 0.0 -0.0 -0.0 
6 0.0 -31.581209736884347 -31.581209736884347 
7 0.0 -32.37079289543852 -32.37079289543852 
8 0.0 -36.85742143911643 -36.85742143911643 
9 0.0 -27.28194001272129 -27.28194001272129 
10 0.0 -33.93785293496646 -33.93785293496646 
11 0.0 -24.04939434950985 -24.04939434950985 
Alfa 
0 1.0575296108291032 
1 3.90625 
2 8.305647840531561 
3 0.0 
4 0.0 
5 0.0 
6 0.0 
7 0.0 
8 0.0 
9 0.0 
10 0.0 
11 0.0 
Gamma 
6 7 0.11710874456686438 
6 8 0.18272156076209756 
7 6 0.11710874456686438 
7 9 0.19620081728811645 
8 6 0.18272156076209756 
8 11 0.22550963518842404 
9 7 0.19620081728811645 
9 10 0.11751164543144554 
10 9 0.11751164543144554 
10 11 0.11751164543144554 
11 8 0.22550963518842404 
11 10 0.11751164543144554 
