9 72 72 
K 
0 1 32.14997220658765 
0 2 21.59844921731135 
0 3 4.391846929506318 
0 4 22.14936151036789 
0 5 15.211504008609413 
0 6 3.8676282059267995 
0 7 18.17617067879856 
0 8 3.978198608618844 
1 0 118.75395983808303 
1 2 45.443149843717386 
1 3 7.462982556840725 
1 4 42.60743028038439 
1 5 27.85053566454235 
1 6 9.326884532951567 
1 7 41.473983560738 
1 8 8.370132209984593 
2 0 169.63034534792038 
2 1 96.62330863780444 
2 3 10.660261857107544 
2 4 57.807382068704214 
2 5 42.0254138695282 
2 6 11.62374360500909 
2 7 58.114485368468046 
2 8 13.767551462477643 
3 0 1038.232614135294 
3 1 477.63088363780656 
3 2 320.8738818989371 
3 4 329.0584216443745 
3 5 225.9872591617179 
3 6 57.45879547605965 
3 7 270.03135202360386 
3 8 59.101466853895815 
4 0 104.72218122101944 
4 1 54.53751075889202 
4 2 34.80004400535994 
4 3 6.58116843288749 
4 5 23.351899323302167 
4 6 6.5608397275350265 
4 7 30.180538456466483 
4 8 6.4097882791990175 
5 0 99.88887632320186 
5 1 49.512063403630854 
5 2 35.13791548535553 
5 3 6.277423865603277 
5 4 32.43319350458634 
5 6 5.9562805131844225 
5 7 28.657420752222745 
5 8 6.472020518101293 
6 0 914.3073078810953 
6 1 596.9206101089006 
6 2 349.87468251077354 
6 3 57.45879547605965 
6 4 328.0419863767512 
6 5 214.42609847463916 
6 7 319.3153837415251 
6 8 64.44309779610113 
7 0 107.4211687116995 
7 1 66.35837369718081 
7 2 43.7311502397722 
7 3 6.750783800590097 
7 4 37.725673070583106 
7 5 25.791678677000466 
7 6 7.982884593538132 
7 8 8.054800568631752 
8 0 940.446151077495 
8 1 535.688461439014 
8 2 414.4032990205771 
8 3 59.10146685389582 
8 4 320.4894139599509 
8 5 232.99273865164656 
8 6 64.44309779610114 
8 7 322.19202274527 
P 
0 1.0 5.027691500897276 5.027691500897276 
1 1.0 46.48114190818956 46.48114190818956 
2 1.0 51.15538931831167 51.15538931831167 
3 0.0 -0.5915069626402358 -0.5915069626402358 
4 0.0 -47.71748808306874 -47.71748808306874 
5 0.0 -47.790663942601306 -47.790663942601306 
6 0.0 -1.4136895215904082 -1.4136895215904082 
7 0.0 -48.030761480933315 -48.030761480933315 
8 0.0 -2.1181472171318263 -2.1181472171318263 
Alfa 
0 1.0575296108291032 
1 3.90625 
2 8.305647840531561 
3 250.0 
4 5.0 
5 6.944444444444445 
6 250.0 
7 6.25 
8 250.0 
Gamma 
0 1 0.013540416624581608 
0 2 0.012320851792370968 
0 3 -0.009065814245707404 
0 4 -0.00251659317809394 
0 5 -0.002631359949818224 
0 6 0.013540416624581608 
0 7 0.01412744360996565 
0 8 0.01232085179237119 
1 0 0.013540416624581608 
1 2 -0.007433190806783951 
1 3 0.013540416624581608 
1 4 0.006297172671005269 
1 5 0.007334831993350832 
1 6 -0.019687991119433423 
1 7 -0.013820577019197255 
1 8 -0.007433190806783951 
2 0 0.01232085179237119 
2 1 -0.007433190806783951 
2 3 0.01232085179237119 
2 4 0.00846346583537727 
2 5 -0.0008951150720761802 
2 6 -0.007433190806783951 
2 7 -0.01560838355095484 
2 8 -0.02775395003758252 
3 0 -0.009065814245707182 
3 1 0.013540416624581608 
3 2 0.012320851792370968 
3 4 -0.00251659317809394 
3 5 -0.002631359949818224 
3 6 0.013540416624581608 
3 7 0.01412744360996565 
3 8 0.01232085179237119 
4 0 -0.00251659317809394 
4 1 0.006297172671005269 
4 2 0.00846346583537727 
4 3 -0.00251659317809394 
4 5 0.0014180673962362889 
4 6 0.006297172671005269 
4 7 0.008285199141482735 
4 8 0.00846346583537727 
5 0 -0.002631359949818224 
5 1 0.007334831993350832 
5 2 -0.0008951150720761802 
5 3 -0.002631359949818224 
5 4 0.0014180673962362889 
5 6 0.007334831993350832 
5 7 0.004854486094368671 
5 8 -0.0008951150720761802 
6 0 0.013540416624581608 
6 1 -0.019687991119433423 
6 2 -0.007433190806783951 
6 3 0.013540416624581608 
6 4 0.006297172671005269 
6 5 0.007334831993350832 
6 7 -0.013820577019197255 
6 8 -0.007433190806783951 
7 0 0.01412744360996565 
7 1 -0.013820577019197255 
7 2 -0.01560838355095484 
7 3 0.01412744360996565 
7 4 0.008285199141482735 
7 5 0.004854486094368893 
7 6 -0.013820577019197255 
7 8 -0.01560838355095484 
8 0 0.01232085179237119 
8 1 -0.007433190806783951 
8 2 -0.027753950037582298 
8 3 0.01232085179237119 
8 4 0.00846346583537727 
8 5 -0.0008951150720761802 
8 6 -0.007433190806783951 
8 7 -0.01560838355095484 
