3 6 6 
K 
0 1 126.66212562674478 
0 2 84.06148533718022 
1 0 467.8582265337885 
1 2 168.9110158206461 
2 0 660.2038250401796 
2 1 359.1463459309419 
P 
0 1.0 -94.17424004710408 -94.17424004710408 
1 1.0 -60.949073386710616 -60.949073386710616 
2 1.0 -49.55295059442376 -49.55295059442376 
Alfa 
0 1.0575296108291032 
1 3.90625 
2 8.305647840531561 
Gamma 
0 1 -0.4356454503238567 
0 2 -0.4365278074405212 
1 0 -0.4356454503238565 
1 2 -0.43951928875866697 
2 0 -0.43652780744052144 
2 1 -0.43951928875866697 
