9 72 72 
K 
0 1 32.341667812337086 
0 2 21.72194212654718 
0 3 4.408787098344827 
0 4 22.251894715369986 
0 5 15.280631911422542 
0 6 3.889434450824656 
0 7 18.2801361166422 
0 8 4.00012581116063 
1 0 119.46203548182012 
1 2 45.66088433965997 
1 3 7.503165236846895 
1 4 42.808713286393015 
1 5 27.99633383494307 
1 6 9.356501605389578 
1 7 41.634034597438145 
1 8 8.40851526734673 
2 0 170.60023650218454 
2 1 97.08626570558935 
2 3 10.715050674955627 
2 4 58.10247541771789 
2 5 42.20743881273978 
2 6 11.675670801157375 
2 7 58.33721601927197 
2 8 13.805821884956154 
3 0 1042.2372700487172 
3 1 480.2025751582013 
3 2 322.5230253161643 
3 4 330.39165470600017 
3 5 226.8837475076225 
3 6 57.749540006176254 
3 7 271.4197823188789 
3 8 59.3930630486343 
4 0 105.20695821426928 
4 1 54.795153006583064 
4 2 34.97769020146615 
4 3 6.607833094120003 
4 5 23.456745314038496 
4 6 6.589708269797843 
4 7 30.323570943167528 
4 8 6.441190229425646 
5 0 100.34281621834135 
5 1 49.77126015100991 
5 2 35.290108562874074 
5 3 6.302326319656181 
5 4 32.57881293616458 
5 6 5.9855309570167 
5 7 28.792231053269422 
5 8 6.498722504581698 
6 0 919.4623041749487 
6 1 598.8161027449331 
6 2 351.43769111483687 
6 3 57.74954000617627 
6 4 329.48541348989204 
6 5 215.47911445260124 
6 7 320.44427527677317 
6 8 64.71773891364357 
7 0 108.0356044493554 
7 1 66.61445535590104 
7 2 43.898755054502146 
7 3 6.785494557971973 
7 4 37.90446367895942 
7 5 25.91300794794248 
7 6 8.01110688191933 
7 8 8.084016712148605 
8 0 945.6297417583731 
8 1 538.1449771101909 
8 2 415.55523873717993 
8 3 59.39306304863431 
8 4 322.0595114712823 
8 5 233.9540101649412 
8 6 64.71773891364357 
8 7 323.36066848594425 
P 
0 1.0 5.033753419419343 5.033753419419343 
1 1.0 46.48823689993618 46.48823689993618 
2 1.0 51.164483728998796 51.164483728998796 
3 0.0 -0.5851740008967949 -0.5851740008967949 
4 0.0 -47.71280137399938 -47.71280137399938 
5 0.0 -47.78643212688015 -47.78643212688015 
6 0.0 -1.406210709271357 -1.406210709271357 
7 0.0 -48.02649858160486 -48.02649858160486 
8 0.0 -2.107997237289899 -2.107997237289899 
Alfa 
0 1.0575296108291032 
1 3.90625 
2 8.305647840531561 
3 250.0 
4 5.0 
5 6.944444444444445 
6 250.0 
7 6.25 
8 250.0 
Gamma 
0 1 0.013387785874821478 
0 2 0.012162617206453952 
0 3 -0.00893942544907178 
0 4 -0.0024685911351598477 
0 5 -0.002603433824878598 
0 6 0.013387785874821478 
0 7 0.013956787154512984 
0 8 0.012162617206453952 
1 0 0.013387785874821478 
1 2 -0.007411896631472681 
1 3 0.013387785874821478 
1 4 0.006212989451792161 
1 5 0.007213280714646109 
1 6 -0.019528122433136064 
1 7 -0.013726254611073019 
1 8 -0.007411896631472681 
2 0 0.012162617206453952 
2 1 -0.007411896631472681 
2 3 0.012162617206453952 
2 4 0.008330794461006485 
2 5 -0.0009377955492946288 
2 6 -0.007411896631472681 
2 7 -0.015510993250657634 
2 8 -0.027549975490313683 
3 0 -0.008939425449072003 
3 1 0.013387785874821478 
3 2 0.012162617206453952 
3 4 -0.0024685911351598477 
3 5 -0.002603433824878598 
3 6 0.013387785874821478 
3 7 0.013956787154512984 
3 8 0.012162617206453952 
4 0 -0.0024685911351598477 
4 1 0.006212989451792161 
4 2 0.008330794461006485 
4 3 -0.0024685911351598477 
4 5 0.0013853977718418786 
4 6 0.006212989451792161 
4 7 0.008165725492844222 
4 8 0.008330794461006485 
5 0 -0.002603433824878598 
5 1 0.007213280714646109 
5 2 -0.0009377955492946288 
5 3 -0.002603433824878598 
5 4 0.0013853977718418786 
5 6 0.007213280714646109 
5 7 0.004753126345939718 
5 8 -0.0009377955492946288 
6 0 0.013387785874821478 
6 1 -0.019528122433136064 
6 2 -0.007411896631472681 
6 3 0.013387785874821478 
6 4 0.006212989451792161 
6 5 0.007213280714646109 
6 7 -0.013726254611073019 
6 8 -0.007411896631472681 
7 0 0.013956787154512984 
7 1 -0.013726254611073019 
7 2 -0.015510993250657634 
7 3 0.013956787154512984 
7 4 0.008165725492844222 
7 5 0.004753126345939718 
7 6 -0.013726254611073019 
7 8 -0.015510993250657634 
8 0 0.012162617206453952 
8 1 -0.007411896631472681 
8 2 -0.027549975490313683 
8 3 0.012162617206453952 
8 4 0.008330794461006485 
8 5 -0.0009377955492946288 
8 6 -0.007411896631472681 
8 7 -0.015510993250657634 
