12 24 12 
K 
0 3 134.92557115253808 
1 4 254.13587518077813 
2 5 350.097707534246 
3 0 127.58562008184002 
3 6 1912.1436438522655 
4 1 65.0587840462792 
4 9 1778.6189605537909 
5 2 42.15176398712322 
5 11 1910.6831721214164 
6 3 1912.1436438522655 
6 7 1232.3465759139801 
6 8 1148.363605361833 
7 6 1232.3465759139801 
7 9 648.5112594563622 
8 6 1148.363605361833 
8 11 626.2019827425883 
9 4 1778.6189605537909 
9 7 648.5112594563622 
9 10 1511.2816163868872 
10 9 1511.2816163868877 
10 11 1087.2783076560431 
11 5 1910.6831721214164 
11 8 626.201982742588 
11 10 1087.2783076560427 
P 
0 1.0 5.661245644793789 5.661245644793789 
1 1.0 48.007462737669016 48.007462737669016 
2 1.0 53.22964296780048 53.22964296780048 
3 0.0 -0.0 -0.0 
4 0.0 -0.0 -0.0 
5 0.0 -0.0 -0.0 
6 0.0 -359.53992623529786 -359.53992623529786 
7 0.0 -270.65633260161746 -270.65633260161746 
8 0.0 -349.1392273232643 -349.1392273232643 
9 0.0 -310.59439399098005 -310.59439399098005 
10 0.0 -308.07124727784094 -308.07124727784094 
11 0.0 -273.7931049021115 -273.7931049021115 
Alfa 
0 1.0575296108291032 
1 3.90625 
2 8.305647840531561 
3 0.0 
4 0.0 
5 0.0 
6 0.0 
7 0.0 
8 0.0 
9 0.0 
10 0.0 
11 0.0 
Gamma 
6 7 0.11710874456686438 
6 8 0.18272156076209756 
7 6 0.11710874456686438 
7 9 0.19620081728811645 
8 6 0.18272156076209756 
8 11 0.22550963518842404 
9 7 0.19620081728811645 
9 10 0.11751164543144554 
10 9 0.11751164543144554 
10 11 0.11751164543144554 
11 8 0.22550963518842404 
11 10 0.11751164543144554 
