9 72 72 
K 
0 1 18.267436756233167 
0 2 12.828764325187844 
0 3 3.5888802893686953 
0 4 15.953362486571713 
0 5 11.117753628804108 
0 6 2.3378212841481534 
0 7 10.80367838203382 
0 8 2.4586310389145303 
1 0 67.47534451833626 
1 2 31.429672773207635 
1 3 4.722869116325753 
1 4 30.264077787796857 
1 5 17.998077659620133 
1 6 8.437543079967394 
1 7 33.638287894976436 
1 8 6.023492759268826 
2 0 100.7548135041331 
2 1 66.82721121213584 
2 3 7.052232195576557 
2 4 38.21957395736388 
2 5 31.996858024210184 
2 6 8.552380874053764 
2 7 47.52516524271574 
2 8 13.263435488915196 
3 0 848.4113004067598 
3 1 302.2636234448482 
3 2 212.27218908685435 
3 4 263.97360591243796 
3 5 183.9608118672031 
3 6 38.682949433066554 
3 7 178.7639403307118 
3 8 40.681937835788595 
4 0 75.42749783651111 
4 1 38.738019568379976 
4 2 23.00818352233305 
4 3 5.279472118248764 
4 5 17.313233904650136 
4 6 4.957595740508304 
4 7 21.40020021948217 
4 8 4.409515423553591 
5 0 73.00658216248034 
5 1 31.996582505991345 
5 2 26.752928514686847 
5 3 5.110022551866751 
5 4 24.04615820090297 
5 6 4.094843332466182 
5 7 20.46276261455899 
5 8 5.127195321448667 
6 0 552.6609515726236 
6 1 540.0027571179132 
6 2 257.42666430901835 
6 3 38.682949433066554 
6 4 247.87978702541517 
6 5 147.41435996878255 
6 7 275.51646205021746 
6 8 49.335787225564786 
7 0 63.849739237819875 
7 1 53.82126063196229 
7 2 35.76268684514358 
7 3 4.469098508267796 
7 4 26.75025027435271 
7 5 18.416486353103092 
7 6 6.887911551255438 
7 8 6.853914350879068 
8 0 581.2203775993951 
8 1 385.503536593205 
8 2 399.2294082163473 
8 3 40.68193783578861 
8 4 220.47577117767966 
8 5 184.57903157215208 
8 6 49.33578722556479 
8 7 274.15657403516275 
P 
0 1.0 4.320269852641467 4.320269852641467 
1 1.0 45.39920765177015 45.39920765177015 
2 1.0 49.58803880324824 49.58803880324824 
3 0.0 -1.5530663471362818 -1.5530663471362818 
4 0.0 -48.552857768988936 -48.552857768988936 
5 0.0 -48.60884327155673 -48.60884327155673 
6 0.0 -2.733993190102134 -2.733993190102134 
7 0.0 -48.79944787477813 -48.79944787477813 
8 0.0 -4.026023439460037 -4.026023439460037 
Alfa 
0 1.0575296108291032 
1 3.90625 
2 8.305647840531561 
3 250.0 
4 5.0 
5 6.944444444444445 
6 250.0 
7 6.25 
8 250.0 
Gamma 
0 1 0.038333816713089774 
0 2 0.03835714928143252 
0 3 -0.02615605765350737 
0 4 -0.009600119978233845 
0 5 -0.00632996979254874 
0 6 0.03833381671308955 
0 7 0.04247159034867698 
0 8 0.03835714928143252 
1 0 0.03833381671308955 
1 2 -0.00847453397538378 
1 3 0.038333816713089774 
1 4 0.019354214159442718 
1 5 0.028072586844615444 
1 6 -0.039571371666289545 
1 7 -0.024992043130873443 
1 8 -0.00847453397538378 
2 0 0.03835714928143252 
2 1 -0.00847453397538378 
2 3 0.03835714928143252 
2 4 0.031233466125892395 
2 5 0.005698971594044089 
2 6 -0.00847453397538378 
2 7 -0.027481188551171654 
2 8 -0.05264363344928591 
3 0 -0.026156057653507148 
3 1 0.038333816713089774 
3 2 0.03835714928143252 
3 4 -0.009600119978233845 
3 5 -0.00632996979254874 
3 6 0.03833381671308955 
3 7 0.04247159034867698 
3 8 0.03835714928143252 
4 0 -0.009600119978234067 
4 1 0.019354214159442495 
4 2 0.031233466125892395 
4 3 -0.009600119978234067 
4 5 0.007327313341464192 
4 6 0.019354214159442495 
4 7 0.028076796211805588 
4 8 0.031233466125892395 
5 0 -0.00632996979254874 
5 1 0.028072586844615444 
5 2 0.005698971594044089 
5 3 -0.00632996979254874 
5 4 0.007327313341464192 
5 6 0.028072586844615444 
5 7 0.02167751657170247 
5 8 0.005698971594044089 
6 0 0.03833381671308955 
6 1 -0.039571371666289545 
6 2 -0.00847453397538378 
6 3 0.038333816713089774 
6 4 0.019354214159442718 
6 5 0.028072586844615444 
6 7 -0.024992043130873443 
6 8 -0.00847453397538378 
7 0 0.04247159034867698 
7 1 -0.024992043130873443 
7 2 -0.027481188551171654 
7 3 0.04247159034867698 
7 4 0.028076796211805588 
7 5 0.02167751657170247 
7 6 -0.024992043130873443 
7 8 -0.027481188551171654 
8 0 0.03835714928143252 
8 1 -0.00847453397538378 
8 2 -0.05264363344928591 
8 3 0.03835714928143252 
8 4 0.031233466125892395 
8 5 0.005698971594044089 
8 6 -0.00847453397538378 
8 7 -0.027481188551171654 
