12 24 12 
K 
0 3 134.92557115253808 
1 4 254.13587518077813 
2 5 350.097707534246 
3 0 127.58562008184002 
3 6 2571.058007612176 
4 1 65.0587840462792 
4 9 2391.521440204091 
5 2 42.15176398712322 
5 11 2569.0942652173176 
6 3 2571.058007612176 
6 7 1657.0065446411 
6 8 1544.0834963986856 
7 6 1657.0065446411 
7 9 871.98473399876 
8 6 1544.0834963986856 
8 11 841.9878011201041 
9 4 2391.521440204091 
9 7 871.98473399876 
9 10 2032.0610923039967 
10 9 2032.0610923039972 
10 11 1461.9485352942786 
11 5 2569.0942652173176 
11 8 841.9878011201042 
11 10 1461.9485352942786 
P 
0 1.0 5.661245644793789 5.661245644793789 
1 1.0 48.007462737669016 48.007462737669016 
2 1.0 53.22964296780048 53.22964296780048 
3 0.0 -0.0 -0.0 
4 0.0 -0.0 -0.0 
5 0.0 -0.0 -0.0 
6 0.0 -483.4354413569222 -483.4354413569222 
7 0.0 -360.67531426839724 -360.67531426839724 
8 0.0 -467.11235399061064 -467.11235399061064 
9 0.0 -417.62354327165684 -417.62354327165684 
10 0.0 -411.6327518073726 -411.6327518073726 
11 0.0 -368.14072888865104 -368.14072888865104 
Alfa 
0 1.0575296108291032 
1 3.90625 
2 8.305647840531561 
3 0.0 
4 0.0 
5 0.0 
6 0.0 
7 0.0 
8 0.0 
9 0.0 
10 0.0 
11 0.0 
Gamma 
6 7 0.11710874456686438 
6 8 0.18272156076209756 
7 6 0.11710874456686438 
7 9 0.19620081728811645 
8 6 0.18272156076209756 
8 11 0.22550963518842404 
9 7 0.19620081728811645 
9 10 0.11751164543144554 
10 9 0.11751164543144554 
10 11 0.11751164543144554 
11 8 0.22550963518842404 
11 10 0.11751164543144554 
