3 6 6 
K 
0 1 29.793480917299092 
0 2 20.984314345300938 
1 0 110.0496701382735 
1 2 52.18116450195973 
2 0 164.8070402401708 
2 1 110.94998432310382 
P 
0 1.0 -5.024757135098775 -5.024757135098775 
1 1.0 32.42822470444466 32.42822470444466 
2 1.0 36.034925366190976 36.034925366190976 
Alfa 
0 1.0575296108291032 
1 3.90625 
2 8.305647840531561 
Gamma 
0 1 -0.15233137526952456 
0 2 -0.1489227301547036 
1 0 -0.15233137526952456 
1 2 -0.17035815639575747 
2 0 -0.1489227301547036 
2 1 -0.17035815639575747 
