9 72 72 
K 
0 1 20.13151350560805 
0 2 13.98665666271204 
0 3 3.63220054546617 
0 4 16.6116527321683 
0 5 11.536760458622469 
0 6 2.536561606912127 
0 7 11.774385035558781 
0 8 2.653658171511301 
1 0 74.36077801133978 
1 2 33.11216742398633 
1 3 5.067839498061 
1 4 31.601830089684807 
1 5 19.235914679842505 
1 6 8.359296344458182 
1 7 34.14546451858146 
1 8 6.282300036388665 
2 0 109.84869219485472 
2 1 70.40460847625002 
2 3 7.48641361754628 
2 4 40.628367786931115 
2 5 32.864710803364694 
2 6 8.870948861385271 
2 7 48.12091380271046 
2 8 12.959467894052498 
3 0 858.6522089482029 
3 1 324.341727875904 
3 2 225.34104988814295 
3 4 267.6327414987973 
3 5 185.8704175519464 
3 6 40.86691118481355 
3 7 189.6988215041795 
3 8 42.753470885347156 
4 0 78.53989411769173 
4 1 40.45034251479655 
4 2 24.458277407732528 
4 3 5.352654829975944 
4 5 17.890081027582724 
4 6 5.0967248826520475 
4 7 22.351118754109375 
4 8 4.640416167299745 
5 0 75.75806034495419 
5 1 34.19718165305335 
5 2 27.478549866146583 
5 3 5.163067154220732 
5 4 24.847334760531552 
5 6 4.308829439056869 
5 7 21.333708935997777 
5 8 5.213445940085123 
6 0 599.6431638740269 
6 1 534.9949660453235 
6 2 267.0155607276966 
6 3 40.866911184813546 
6 4 254.83624413260236 
6 5 155.11785980604728 
6 7 275.3480386225671 
6 8 50.660285851925046 
7 0 69.58661556015242 
7 1 54.63274322973036 
7 2 36.21098763653962 
7 3 4.742470537604489 
7 4 27.938898442636738 
7 5 19.200338042398005 
7 6 6.88370096556418 
7 8 6.870232504982766 
8 0 627.3247917452715 
8 1 402.06720232887454 
8 2 390.0799836109801 
8 3 42.753470885347156 
8 4 232.02080836498723 
8 5 187.6840538430644 
8 6 50.660285851925046 
8 7 274.80930019931054 
P 
0 1.0 4.437643512334051 4.437643512334051 
1 1.0 45.61235765320468 45.61235765320468 
2 1.0 49.92571333805229 49.92571333805229 
3 0.0 -1.3435243793059484 -1.3435243793059484 
4 0.0 -48.35495610616585 -48.35495610616585 
5 0.0 -48.407918541647575 -48.407918541647575 
6 0.0 -2.4335626015229486 -2.4335626015229486 
7 0.0 -48.62502636854327 -48.62502636854327 
8 0.0 -3.579805358322849 -3.579805358322849 
Alfa 
0 1.0575296108291032 
1 3.90625 
2 8.305647840531561 
3 250.0 
4 5.0 
5 6.944444444444445 
6 250.0 
7 6.25 
8 250.0 
Gamma 
0 1 0.03276195767101009 
0 2 0.032444125232469645 
0 3 -0.02296082526520582 
0 4 -0.008227048506256551 
0 5 -0.0057278761266801315 
0 6 0.03276195767101009 
0 7 0.035989824393359404 
0 8 0.03244412523246987 
1 0 0.03276195767101009 
1 2 -0.008716207175414326 
1 3 0.03276195767101009 
1 4 0.01649373540400756 
1 5 0.02320588050849004 
1 6 -0.03610922944418915 
1 7 -0.02322253056530621 
1 8 -0.008716207175414326 
2 0 0.03244412523246987 
2 1 -0.008716207175414326 
2 3 0.03244412523246987 
2 4 0.025875765319911315 
2 5 0.004208702703443423 
2 6 -0.008716207175414326 
2 7 -0.025540150496405678 
2 8 -0.048388724860999766 
3 0 -0.02296082526520582 
3 1 0.03276195767101009 
3 2 0.032444125232469645 
3 4 -0.008227048506256551 
3 5 -0.0057278761266801315 
3 6 0.03276195767101009 
3 7 0.035989824393359404 
3 8 0.03244412523246987 
4 0 -0.008227048506256551 
4 1 0.01649373540400756 
4 2 0.025875765319911315 
4 3 -0.008227048506256551 
4 5 0.005826270007508683 
4 6 0.01649373540400756 
4 7 0.023537974433413877 
4 8 0.025875765319911315 
5 0 -0.0057278761266801315 
5 1 0.02320588050849004 
5 2 0.004208702703443423 
5 3 -0.0057278761266801315 
5 4 0.005826270007508683 
5 6 0.02320588050849004 
5 7 0.01779619923310638 
5 8 0.004208702703443423 
6 0 0.03276195767101009 
6 1 -0.03610922944418893 
6 2 -0.008716207175414326 
6 3 0.03276195767101009 
6 4 0.01649373540400756 
6 5 0.02320588050849004 
6 7 -0.02322253056530621 
6 8 -0.008716207175414326 
7 0 0.035989824393359404 
7 1 -0.02322253056530621 
7 2 -0.025540150496405678 
7 3 0.035989824393359404 
7 4 0.023537974433413655 
7 5 0.01779619923310638 
7 6 -0.02322253056530621 
7 8 -0.025540150496405678 
8 0 0.03244412523246987 
8 1 -0.008716207175414326 
8 2 -0.048388724860999766 
8 3 0.03244412523246987 
8 4 0.025875765319911315 
8 5 0.004208702703443423 
8 6 -0.008716207175414326 
8 7 -0.025540150496405678 
