9 72 72 
K 
0 1 36.43392285765365 
0 2 24.367968523223453 
0 3 4.789433747634398 
0 4 24.499555129982532 
0 5 16.799525567021792 
0 6 4.357398074757213 
0 7 20.507889691385447 
0 8 4.471684195926099 
1 0 134.5778025554581 
1 2 50.40722640907156 
1 3 8.369402869448695 
1 4 47.211311155574236 
1 5 31.146834014300147 
1 6 10.043230156211493 
1 7 45.22641516271045 
1 8 9.25006109881895 
2 0 191.38165311926988 
2 1 107.17815581995286 
2 3 11.902038273482642 
2 4 64.49611087939981 
2 5 46.234647009463025 
2 6 12.818215915165583 
2 7 63.3447837425857 
2 8 14.71704845028119 
3 0 1132.2221379407715 
3 1 535.6417836447165 
3 2 358.2513520318274 
3 4 360.18590311005096 
3 5 246.98212910702958 
3 6 64.0613003966633 
3 7 301.50150605523424 
3 8 65.74150436558283 
4 0 115.83389665455735 
4 1 60.43047827913503 
4 2 38.82665874939867 
4 3 7.203718062201021 
4 5 25.7653454729228 
4 6 7.227320833360256 
4 7 33.45110402824219 
4 8 7.1249499581729925 
5 0 110.31688455677642 
5 1 55.372149358755834 
5 2 38.65730208291214 
5 3 6.860614697417489 
5 4 35.78520204572613 
5 6 6.622358452963741 
5 7 31.742972128285448 
5 8 7.093871884172663 
6 0 1030.0889048726049 
6 1 642.7667299975357 
6 2 385.82829904648395 
6 3 64.06130039666333 
6 4 361.3660416680127 
6 5 238.40490430669465 
6 7 346.1731993065651 
6 8 70.80205744450721 
7 0 121.20162807608797 
7 1 72.36226426033672 
7 2 47.666949766295744 
7 3 7.537537651380858 
7 4 41.813880035302745 
7 5 28.568674915456906 
7 6 8.654329982664125 
7 8 8.747202120472524 
8 0 1057.1061439169296 
8 1 592.0039103244128 
8 2 442.98315835346375 
8 3 65.74150436558286 
8 4 356.2474979086498 
8 5 255.37938783021582 
8 6 70.80205744450724 
8 7 349.88808481890095 
P 
0 1.0 5.14487611171548 5.14487611171548 
1 1.0 46.6080721190645 46.6080721190645 
2 1.0 51.31432606696264 51.31432606696264 
3 0.0 -0.47211757094052736 -0.47211757094052736 
4 0.0 -47.63231174505895 -47.63231174505895 
5 0.0 -47.71555274596511 -47.71555274596511 
6 0.0 -1.28103659876811 -1.28103659876811 
7 0.0 -47.95621949366322 -47.95621949366322 
8 0.0 -1.9413808259820005 -1.9413808259820005 
Alfa 
0 1.0575296108291032 
1 3.90625 
2 8.305647840531561 
3 250.0 
4 5.0 
5 6.944444444444445 
6 250.0 
7 6.25 
8 250.0 
Gamma 
0 1 0.010704784671210499 
0 2 0.00938513763484794 
0 3 -0.006705030149443791 
0 4 -0.0016423572640382744 
0 5 -0.0021258613034542684 
0 6 0.010704784671210499 
0 7 0.010965466418737746 
0 8 0.00938513763484794 
1 0 0.010704784671210499 
1 2 -0.0070291683083536505 
1 3 0.010704784671210499 
1 4 0.004717085955868283 
1 5 0.005082524170921143 
1 6 -0.016665062549446663 
1 7 -0.012041406337712335 
1 8 -0.0070291683083536505 
2 0 0.00938513763484794 
2 1 -0.0070291683083536505 
2 3 0.00938513763484794 
2 4 0.006008597565584584 
2 5 -0.0017075367329892899 
2 6 -0.0070291683083536505 
2 7 -0.013777183954288397 
2 8 -0.023884327258499205 
3 0 -0.006705030149443791 
3 1 0.010704784671210499 
3 2 0.00938513763484794 
3 4 -0.0016423572640382744 
3 5 -0.0021258613034542684 
3 6 0.010704784671210499 
3 7 0.010965466418737746 
3 8 0.00938513763484794 
4 0 -0.0016423572640382744 
4 1 0.004717085955868283 
4 2 0.006008597565584584 
4 3 -0.0016423572640382744 
4 5 0.0008016748309473964 
4 6 0.004717085955868283 
4 7 0.006065033605889392 
4 8 0.006008597565584806 
5 0 -0.0021258613034542684 
5 1 0.005082524170921365 
5 2 -0.0017075367329892899 
5 3 -0.0021258613034542684 
5 4 0.0008016748309473964 
5 6 0.005082524170921365 
5 7 0.002967740848183187 
5 8 -0.0017075367329892899 
6 0 0.010704784671210499 
6 1 -0.016665062549446663 
6 2 -0.0070291683083536505 
6 3 0.010704784671210499 
6 4 0.004717085955868283 
6 5 0.005082524170921143 
6 7 -0.012041406337712335 
6 8 -0.0070291683083536505 
7 0 0.010965466418737746 
7 1 -0.012041406337712335 
7 2 -0.013777183954288397 
7 3 0.010965466418737746 
7 4 0.006065033605889392 
7 5 0.002967740848183187 
7 6 -0.012041406337712335 
7 8 -0.013777183954288397 
8 0 0.00938513763484794 
8 1 -0.0070291683083536505 
8 2 -0.023884327258499205 
8 3 0.00938513763484794 
8 4 0.006008597565584584 
8 5 -0.0017075367329892899 
8 6 -0.0070291683083536505 
8 7 -0.013777183954288397 
