9 72 72 
K 
0 1 34.731940001547024 
0 2 23.265420722313966 
0 3 4.627153007713333 
0 4 23.552428511245076 
0 5 16.15877600092549 
0 6 4.162256106663689 
0 7 19.5796046504312 
0 8 4.2748338686580265 
1 0 128.29110338071436 
1 2 48.41247397510538 
1 3 8.007362632704556 
1 4 45.35813848775601 
1 5 29.828513481001522 
1 6 9.746269221338732 
1 7 43.695586918638874 
1 8 8.895402575540537 
2 0 182.72244049020006 
2 1 102.93682174108788 
2 3 11.404725686986009 
2 4 61.817174807806296 
2 5 44.53021083820254 
2 6 12.335890677955524 
2 7 61.209316362578555 
2 8 14.31848283185741 
3 0 1093.8589710234319 
3 1 512.4712084930915 
3 2 343.2822431782788 
3 4 347.5170549519344 
3 5 238.42340694457624 
3 6 61.41426067604288 
3 7 288.89787488336384 
3 8 63.07535020159536 
4 0 111.35588200116669 
4 1 58.0584172643277 
4 2 37.213939234299374 
4 3 6.95034109903869 
4 5 24.790493482153515 
4 6 6.957687989525282 
4 7 32.13484352274829 
4 8 6.837761918158099 
5 0 106.10929573941075 
5 1 53.02846841066936 
5 2 37.23220406194157 
5 3 6.622872415127118 
5 4 34.431240947435434 
5 6 6.354901754969629 
5 7 30.500514757559465 
5 8 6.841117933282087 
6 0 983.9573436152959 
6 1 623.7612301656786 
6 2 371.3103094064611 
6 3 61.41426067604288 
6 4 347.88439947626404 
6 5 228.77646317890657 
6 7 335.1330879475344 
6 8 68.22528186263376 
7 0 115.71546348404843 
7 1 69.9129390698222 
7 2 46.060010562840354 
7 3 7.222446872084098 
7 4 40.16855440343539 
7 5 27.450463281803525 
7 6 8.378327198688362 
7 8 8.463156351001627 
8 0 1010.570726550757 
8 1 569.305764834594 
8 2 430.98633323890806 
8 3 63.075350201595334 
8 4 341.88809590790487 
8 5 246.28024559815512 
8 6 68.22528186263375 
8 7 338.526254040065 
P 
0 1.0 5.102579015462807 5.102579015462807 
1 1.0 46.56493304798589 46.56493304798589 
2 1.0 51.26131349072216 51.26131349072216 
3 0.0 -0.5145008731334257 -0.5145008731334257 
4 0.0 -47.66172636901217 -47.66172636901217 
5 0.0 -47.74100303958615 -47.74100303958615 
6 0.0 -1.3258800881131105 -1.3258800881131105 
7 0.0 -47.981108776029515 -47.981108776029515 
8 0.0 -2.000234685628074 -2.000234685628074 
Alfa 
0 1.0575296108291032 
1 3.90625 
2 8.305647840531561 
3 250.0 
4 5.0 
5 6.944444444444445 
6 250.0 
7 6.25 
8 250.0 
Gamma 
0 1 0.011701028482429932 
0 2 0.01041555885197809 
0 3 -0.00753591406058951 
0 4 -0.0019441166442086821 
0 5 -0.0022992051591388396 
0 6 0.01170102848242971 
0 7 0.012074237841518398 
0 8 0.01041555885197809 
1 0 0.01170102848242971 
1 2 -0.007172106357845598 
1 3 0.01170102848242971 
1 4 0.0052764598473049595 
1 5 0.00587262932656718 
1 6 -0.017738173095054544 
1 7 -0.012671539257000486 
1 8 -0.007172106357845598 
2 0 0.01041555885197809 
2 1 -0.007172106357845598 
2 3 0.01041555885197809 
2 4 0.006868842892521654 
2 5 -0.0014167937133391373 
2 6 -0.007172106357845598 
2 7 -0.014424358588087438 
2 8 -0.025261277797831827 
3 0 -0.00753591406058951 
3 1 0.011701028482429932 
3 2 0.01041555885197809 
3 4 -0.0019441166442086821 
3 5 -0.0022992051591388396 
3 6 0.01170102848242971 
3 7 0.012074237841518398 
3 8 0.01041555885197809 
4 0 -0.0019441166442089042 
4 1 0.0052764598473047375 
4 2 0.006868842892521654 
4 3 -0.0019441166442086821 
4 5 0.0010212133840878934 
4 6 0.0052764598473049595 
4 7 0.006845382655915611 
4 8 0.006868842892521654 
5 0 -0.0022992051591388396 
5 1 0.00587262932656718 
5 2 -0.0014167937133391373 
5 3 -0.0022992051591388396 
5 4 0.0010212133840878934 
5 6 0.00587262932656718 
5 7 0.003631802724795463 
5 8 -0.0014167937133391373 
6 0 0.01170102848242971 
6 1 -0.017738173095054544 
6 2 -0.007172106357845598 
6 3 0.01170102848242971 
6 4 0.0052764598473049595 
6 5 0.00587262932656718 
6 7 -0.012671539257000486 
6 8 -0.007172106357845598 
7 0 0.012074237841518398 
7 1 -0.012671539257000486 
7 2 -0.014424358588087438 
7 3 0.012074237841518398 
7 4 0.006845382655915611 
7 5 0.003631802724795463 
7 6 -0.012671539257000486 
7 8 -0.014424358588087438 
8 0 0.01041555885197809 
8 1 -0.007172106357845598 
8 2 -0.025261277797831827 
8 3 0.01041555885197809 
8 4 0.006868842892521654 
8 5 -0.0014167937133391373 
8 6 -0.007172106357845598 
8 7 -0.014424358588087438 
