3 6 6 
K 
0 1 101.31164307961167 
0 2 67.37154417942641 
1 0 374.21988162531545 
1 2 136.47631960714364 
2 0 529.1240213958937 
2 1 290.18220780256456 
P 
0 1.0 -59.31364826172478 -59.31364826172478 
1 1.0 -23.991549333693502 -23.991549333693502 
2 1.0 -15.145843862915537 -15.145843862915537 
Alfa 
0 1.0575296108291032 
1 3.90625 
2 8.305647840531561 
Gamma 
0 1 -0.3496122713637124 
0 2 -0.35038642505378315 
1 0 -0.34961227136371265 
1 2 -0.35431721734693067 
2 0 -0.35038642505378315 
2 1 -0.35431721734693067 
