12 24 12 
K 
0 3 134.92557115253808 
1 4 254.13587518077813 
2 5 350.097707534246 
3 0 127.58562008184002 
3 6 116.27900536939481 
4 1 65.0587840462792 
4 9 108.15926111475781 
5 2 42.15176398712322 
5 11 116.1901928992756 
6 3 116.27900536939481 
6 7 74.93999448125572 
6 8 69.83292194767918 
7 6 74.93999448125572 
7 9 39.43649550748158 
8 6 69.83292194767918 
8 11 38.07985030191424 
9 4 108.15926111475781 
9 7 39.43649550748158 
9 10 91.90226045595958 
10 9 91.90226045595958 
10 11 66.11827546557035 
11 5 116.1901928992756 
11 8 38.07985030191424 
11 10 66.11827546557036 
P 
0 1.0 5.661245644793789 5.661245644793789 
1 1.0 48.007462737669016 48.007462737669016 
2 1.0 53.22964296780048 53.22964296780048 
3 0.0 -0.0 -0.0 
4 0.0 -0.0 -0.0 
5 0.0 -0.0 -0.0 
6 0.0 -21.863914433227624 -21.863914433227624 
7 0.0 -25.310480607848017 -25.310480607848017 
8 0.0 -27.6046271906972 -27.6046271906972 
9 0.0 -18.887496931883966 -18.887496931883966 
10 0.0 -25.81538199147385 -25.81538199147385 
11 0.0 -16.64958070350682 -16.64958070350682 
Alfa 
0 1.0575296108291032 
1 3.90625 
2 8.305647840531561 
3 0.0 
4 0.0 
5 0.0 
6 0.0 
7 0.0 
8 0.0 
9 0.0 
10 0.0 
11 0.0 
Gamma 
6 7 0.11710874456686438 
6 8 0.18272156076209756 
7 6 0.11710874456686438 
7 9 0.19620081728811645 
8 6 0.18272156076209756 
8 11 0.22550963518842404 
9 7 0.19620081728811645 
9 10 0.11751164543144554 
10 9 0.11751164543144554 
10 11 0.11751164543144554 
11 8 0.22550963518842404 
11 10 0.11751164543144554 
