12 24 12 
K 
0 3 134.92557115253808 
1 4 254.13587518077813 
2 5 350.097707534246 
3 0 127.58562008184002 
3 6 2157.621544076544 
4 1 65.0587840462792 
4 9 2006.9551784627245 
5 2 42.15176398712322 
5 11 2155.9735793532204 
6 3 2157.621544076544 
6 7 1390.553230929965 
6 8 1295.7886628069339 
7 6 1390.553230929965 
7 9 731.7660833054902 
8 6 1295.7886628069339 
8 11 706.5927778244073 
9 4 2006.9551784627245 
9 7 731.7660833054902 
9 10 1705.2974995716916 
10 9 1705.2974995716916 
10 11 1226.8613336389142 
11 5 2155.9735793532204 
11 8 706.5927778244073 
11 10 1226.8613336389142 
P 
0 1.0 5.661245644793789 5.661245644793789 
1 1.0 48.007462737669016 48.007462737669016 
2 1.0 53.22964296780048 53.22964296780048 
3 0.0 -0.0 -0.0 
4 0.0 -0.0 -0.0 
5 0.0 -0.0 -0.0 
6 0.0 -405.69707892766735 -405.69707892766735 
7 0.0 -304.1928159676724 -304.1928159676724 
8 0.0 -393.09000000325574 -393.09000000325574 
9 0.0 -350.4679986249573 -350.4679986249573 
10 0.0 -346.65298425943087 -346.65298425943087 
11 0.0 -308.9422197206259 -308.9422197206259 
Alfa 
0 1.0575296108291032 
1 3.90625 
2 8.305647840531561 
3 0.0 
4 0.0 
5 0.0 
6 0.0 
7 0.0 
8 0.0 
9 0.0 
10 0.0 
11 0.0 
Gamma 
6 7 0.11710874456686438 
6 8 0.18272156076209756 
7 6 0.11710874456686438 
7 9 0.19620081728811645 
8 6 0.18272156076209756 
8 11 0.22550963518842404 
9 7 0.19620081728811645 
9 10 0.11751164543144554 
10 9 0.11751164543144554 
10 11 0.11751164543144554 
11 8 0.22550963518842404 
11 10 0.11751164543144554 
