12 24 12 
K 
0 3 134.92557115253808 
1 4 254.13587518077813 
2 5 350.097707534246 
3 0 127.58562008184002 
3 6 1627.9060751715235 
4 1 65.0587840462792 
4 9 1514.229655606606 
5 2 42.15176398712322 
5 11 1626.6627005898545 
6 3 1627.9060751715235 
6 7 1049.159922737578 
6 8 977.6609072675066 
7 6 1049.1599227375777 
7 9 552.1109371047411 
8 6 977.6609072675066 
8 11 533.1179042267981 
9 4 1514.229655606606 
9 7 552.1109371047409 
9 10 1286.6316463834314 
10 9 1286.6316463834314 
10 11 925.6558565179827 
11 5 1626.6627005898545 
11 8 533.1179042267981 
11 10 925.6558565179827 
P 
0 1.0 5.661245644793789 5.661245644793789 
1 1.0 48.007462737669016 48.007462737669016 
2 1.0 53.22964296780048 53.22964296780048 
3 0.0 -0.0 -0.0 
4 0.0 -0.0 -0.0 
5 0.0 -0.0 -0.0 
6 0.0 -306.094802065186 -306.094802065186 
7 0.0 -231.8246150198698 -231.8246150198698 
8 0.0 -298.24885895695877 -298.24885895695877 
9 0.0 -264.4249570463749 -264.4249570463749 
10 0.0 -263.3976570886318 -263.3976570886318 
11 0.0 -233.09412984909494 -233.09412984909494 
Alfa 
0 1.0575296108291032 
1 3.90625 
2 8.305647840531561 
3 0.0 
4 0.0 
5 0.0 
6 0.0 
7 0.0 
8 0.0 
9 0.0 
10 0.0 
11 0.0 
Gamma 
6 7 0.11710874456686438 
6 8 0.18272156076209756 
7 6 0.11710874456686438 
7 9 0.19620081728811645 
8 6 0.18272156076209756 
8 11 0.22550963518842404 
9 7 0.19620081728811645 
9 10 0.11751164543144554 
10 9 0.11751164543144554 
10 11 0.11751164543144554 
11 8 0.22550963518842404 
11 10 0.11751164543144554 
