3 6 6 
K 
0 1 194.8951616736979 
0 2 129.02458998931266 
1 0 719.8940034322218 
1 2 256.62876095341653 
2 0 1013.3359825074259 
2 1 545.6558372431448 
P 
0 1.0 -226.3611530067776 -226.3611530067776 
1 1.0 -200.19251894658416 -200.19251894658416 
2 1.0 -178.94332202282206 -178.94332202282206 
Alfa 
0 1.0575296108291032 
1 3.90625 
2 8.305647840531561 
Gamma 
0 1 -0.6905147714551982 
0 2 -0.6915285449473941 
1 0 -0.690514771455198 
1 2 -0.6933120898478031 
2 0 -0.691528544947394 
2 1 -0.693312089847803 
