12 24 12 
K 
0 3 134.92557115253808 
1 4 254.13587518077813 
2 5 350.097707534246 
3 0 127.58562008184002 
3 6 400.51657405013793 
4 1 65.0587840462792 
4 9 372.5485660619438 
5 2 42.15176398712322 
5 11 400.21066443083834 
6 3 400.51657405013793 
6 7 258.12664765765874 
6 8 240.53562004200626 
7 6 258.12664765765874 
7 9 135.83681785910332 
8 6 240.5356200420063 
8 11 131.16392881770466 
9 4 372.5485660619438 
9 7 135.8368178591033 
9 10 316.55223045941653 
10 9 316.55223045941653 
10 11 227.7407266036313 
11 5 400.21066443083834 
11 8 131.16392881770466 
11 10 227.74072660363126 
P 
0 1.0 5.661245644793789 5.661245644793789 
1 1.0 48.007462737669016 48.007462737669016 
2 1.0 53.22964296780048 53.22964296780048 
3 0.0 -0.0 -0.0 
4 0.0 -0.0 -0.0 
5 0.0 -0.0 -0.0 
6 0.0 -75.30903860333962 -75.30903860333962 
7 0.0 -64.14219818959582 -64.14219818959582 
8 0.0 -78.49499555700297 -78.49499555700297 
9 0.0 -65.05693387648925 -65.05693387648925 
10 0.0 -70.48897218068318 -70.48897218068318 
11 0.0 -57.3485557565235 -57.3485557565235 
Alfa 
0 1.0575296108291032 
1 3.90625 
2 8.305647840531561 
3 0.0 
4 0.0 
5 0.0 
6 0.0 
7 0.0 
8 0.0 
9 0.0 
10 0.0 
11 0.0 
Gamma 
6 7 0.11710874456686438 
6 8 0.18272156076209756 
7 6 0.11710874456686438 
7 9 0.19620081728811645 
8 6 0.18272156076209756 
8 11 0.22550963518842404 
9 7 0.19620081728811645 
9 10 0.11751164543144554 
10 9 0.11751164543144554 
10 11 0.11751164543144554 
11 8 0.22550963518842404 
11 10 0.11751164543144554 
