9 72 72 
K 
0 1 9.659257730594925 
0 2 7.392976833372303 
0 3 3.6073697935457307 
0 4 13.129370662637474 
0 5 9.398735721060664 
0 6 1.420856837411467 
0 7 6.274002538843295 
0 8 1.5542218478750147 
1 0 35.678883242385 
1 2 22.766330084531077 
1 3 3.132587698174098 
1 4 24.58585744165684 
1 5 12.03328558580757 
1 6 9.635692360381917 
1 7 32.392207775981994 
1 8 4.786154266517842 
2 0 58.06311373452533 
2 1 48.40681479767405 
2 3 5.097911685374237 
2 4 26.612692860277964 
2 5 29.43274334203335 
2 6 7.12054235438126 
2 7 46.947806320039035 
2 8 16.596242743389507 
3 0 852.7822191942106 
3 1 200.48561268314228 
3 2 153.44714172976455 
3 4 272.51057947294515 
3 5 195.07827019827587 
3 6 29.491019033604857 
3 7 130.22193610089292 
3 8 32.259116394604796 
4 0 62.07566449294998 
4 1 31.469897525320764 
4 2 16.020841101887328 
4 3 5.4502115894589025 
4 5 15.349191205351655 
4 6 4.629156848135597 
4 7 17.44834909028434 
4 8 3.368053467919392 
5 0 61.71836456829832 
5 1 21.39250770810235 
5 2 24.609043738755645 
5 3 5.418840838840995 
5 4 21.318321118543967 
5 6 3.1467936454536076 
5 7 16.943584268773428 
5 8 5.173547042841076 
6 0 335.8905563640708 
6 1 616.684311064443 
6 2 214.32832486687587 
6 3 29.491019033604875 
6 4 231.4578424067799 
6 5 113.28457123632982 
6 7 304.94891383847784 
6 8 45.05813728819742 
7 0 37.079355004563865 
7 1 51.82753244157122 
7 2 35.32822425582937 
7 3 3.255548402522322 
7 4 21.810436362855423 
7 5 15.249225841896088 
7 6 7.623722845961947 
7 8 7.427035039144283 
8 0 367.4180448376534 
8 1 306.3138730571419 
8 2 499.54690657602396 
8 3 32.25911639460479 
8 4 168.40267339596957 
8 5 186.24769354227874 
8 6 45.05813728819741 
8 7 297.08140156577133 
P 
0 1.0 4.018472154586665 4.018472154586665 
1 1.0 44.543582252131 44.543582252131 
2 1.0 47.87594478291573 47.87594478291573 
3 0.0 -2.993705874506836 -2.993705874506836 
4 0.0 -50.0052334872198 -50.0052334872198 
5 0.0 -50.19615777022946 -50.19615777022946 
6 0.0 -4.79684856124265 -4.79684856124265 
7 0.0 -49.92931972593268 -49.92931972593268 
8 0.0 -7.122094114773506 -7.122094114773506 
Alfa 
0 1.0575296108291032 
1 3.90625 
2 8.305647840531561 
3 250.0 
4 5.0 
5 6.944444444444445 
6 250.0 
7 6.25 
8 250.0 
Gamma 
0 1 0.07595994247246196 
0 2 0.0795928017621752 
0 3 -0.039993995235392044 
0 4 -0.01430732260131884 
0 5 -0.005815554730757233 
0 6 0.07595994247246196 
0 7 0.08857155017872853 
0 8 0.0795928017621752 
1 0 0.07595994247246196 
1 2 0.00010739225862854695 
1 3 0.07595994247246196 
1 4 0.03823649781663807 
1 5 0.06537184947833286 
1 6 -0.052904077570554264 
1 7 -0.028072698013291486 
1 8 0.00010739225862854695 
2 0 0.0795928017621752 
2 1 0.00010739225862854695 
2 3 0.0795928017621752 
2 4 0.0722531796074879 
2 5 0.017591778229131272 
2 6 0.00010739225862854695 
2 7 -0.031223943727061165 
2 8 -0.06786896541409493 
3 0 -0.039993995235392044 
3 1 0.07595994247246196 
3 2 0.0795928017621752 
3 4 -0.01430732260131884 
3 5 -0.005815554730757233 
3 6 0.07595994247246196 
3 7 0.08857155017872853 
3 8 0.0795928017621752 
4 0 -0.01430732260131884 
4 1 0.03823649781663807 
4 2 0.07225317960748812 
4 3 -0.01430732260131884 
4 5 0.021634526902754248 
4 6 0.03823649781663807 
4 7 0.060838429623964574 
4 8 0.07225317960748812 
5 0 -0.005815554730757011 
5 1 0.06537184947833286 
5 2 0.017591778229131272 
5 3 -0.005815554730757233 
5 4 0.021634526902754248 
5 6 0.06537184947833286 
5 7 0.05067596217744552 
5 8 0.017591778229131272 
6 0 0.07595994247246196 
6 1 -0.052904077570554264 
6 2 0.00010739225862854695 
6 3 0.07595994247246196 
6 4 0.03823649781663807 
6 5 0.06537184947833286 
6 7 -0.028072698013291486 
6 8 0.00010739225862854695 
7 0 0.08857155017872853 
7 1 -0.028072698013291264 
7 2 -0.031223943727061165 
7 3 0.08857155017872853 
7 4 0.060838429623964574 
7 5 0.05067596217744552 
7 6 -0.028072698013291264 
7 8 -0.031223943727061165 
8 0 0.0795928017621752 
8 1 0.00010739225862854695 
8 2 -0.06786896541409493 
8 3 0.0795928017621752 
8 4 0.0722531796074879 
8 5 0.017591778229131272 
8 6 0.00010739225862854695 
8 7 -0.031223943727061165 
