9 72 72 
K 
0 1 14.248320911135695 
0 2 10.325811333764017 
0 3 3.563034425076308 
0 4 14.656177045876296 
0 5 10.314884937716238 
0 6 1.912710335162191 
0 7 8.711867766602989 
0 8 2.0417877571153578 
1 0 52.62973536550746 
1 2 27.738247533213652 
1 3 3.9907460469726073 
1 4 27.622530948823478 
1 5 15.326672696197148 
1 6 8.841187552540198 
1 7 32.99649042181912 
1 8 5.484858514890745 
2 0 81.09706974424627 
2 1 58.97833362543768 
2 3 6.1493337987600585 
2 4 33.049833018677745 
2 5 30.608598685143527 
2 6 7.917316642401954 
2 7 47.016200988198634 
2 8 14.420112091426672 
3 0 842.3013380880391 
3 1 255.40774700624684 
3 2 185.09494734267778 
3 4 262.7187569930699 
3 5 184.89908663636257 
3 6 34.28621803412202 
3 7 156.16426190579514 
3 8 36.599990564657006 
4 0 69.2944050729031 
4 1 35.35683961449404 
4 2 19.895999477243997 
4 3 5.2543751398613985 
4 5 16.301609363075485 
4 6 4.746341198453845 
4 7 19.535483299378622 
4 8 3.9341613782325546 
5 0 67.7344110910033 
5 1 27.247418126572708 
5 2 25.592189456189463 
5 3 5.13608573989896 
5 4 22.641124115382617 
5 6 3.657723501753105 
5 7 18.782571160103203 
5 8 5.060504925028159 
6 0 452.16472323234194 
6 1 565.8360033625727 
6 2 238.31123093629876 
6 3 34.286218034122015 
6 4 237.31705992269212 
6 5 131.67804606311176 
6 7 283.4870602256277 
6 8 47.12278173413564 
7 0 51.48713850062366 
7 1 52.79438467491061 
7 2 35.37969124361947 
7 3 3.904106547644879 
7 4 24.419354124223283 
7 5 16.904314044092885 
7 6 7.087176505640696 
7 8 6.9958493426599535 
8 0 482.67862578207047 
8 1 351.0309449530077 
8 2 434.04537395194285 
8 3 36.59999056465701 
8 4 196.70806891162766 
8 5 182.17817730101376 
8 6 47.122781734135636 
8 7 279.83397370639807 
P 
0 1.0 4.104594989774933 4.104594989774933 
1 1.0 44.93389542924131 44.93389542924131 
2 1.0 48.7721474606465 48.7721474606465 
3 0.0 -2.115847889561992 -2.115847889561992 
4 0.0 -49.11226728275233 -49.11226728275233 
5 0.0 -49.19529880113136 -49.19529880113136 
6 0.0 -3.5448163093679494 -3.5448163093679494 
7 0.0 -49.26126749497009 -49.26126749497009 
8 0.0 -5.246023469375232 -5.246023469375232 
Alfa 
0 1.0575296108291032 
1 3.90625 
2 8.305647840531561 
3 250.0 
4 5.0 
5 6.944444444444445 
6 250.0 
7 6.25 
8 250.0 
Gamma 
0 1 0.05338098344501141 
0 2 0.05454393928481993 
0 3 -0.033133973063046884 
0 4 -0.012486515075427196 
0 5 -0.007129934333060417 
0 6 0.05338098344501141 
0 7 0.060365097557834035 
0 8 0.05454393928481993 
1 0 0.05338098344501141 
1 2 -0.00644795414775734 
1 3 0.05338098344501141 
1 4 0.026953408240546484 
1 5 0.04196698559818879 
1 6 -0.04668478981605917 
1 7 -0.02790901776223431 
1 8 -0.00644795414775734 
2 0 0.05454393928482015 
2 1 -0.00644795414775734 
2 3 0.05454393928482015 
2 4 0.04653957108105877 
2 5 0.009965108944096635 
2 6 -0.00644795414775734 
2 7 -0.03080406520916701 
2 8 -0.06116169124441728 
3 0 -0.033133973063046884 
3 1 0.05338098344501141 
3 2 0.05454393928481993 
3 4 -0.012486515075427196 
3 5 -0.007129934333060417 
3 6 0.05338098344501141 
3 7 0.060365097557834035 
3 8 0.05454393928481993 
4 0 -0.012486515075427196 
4 1 0.026953408240546484 
4 2 0.04653957108105877 
4 3 -0.012486515075427196 
4 5 0.012080247739311822 
4 6 0.026953408240546484 
4 7 0.04068726231404529 
4 8 0.04653957108105877 
5 0 -0.007129934333060417 
5 1 0.04196698559818879 
5 2 0.009965108944096635 
5 3 -0.007129934333060639 
5 4 0.012080247739311822 
5 6 0.04196698559818879 
5 7 0.03260142206991268 
5 8 0.009965108944096857 
6 0 0.05338098344501141 
6 1 -0.04668478981605917 
6 2 -0.00644795414775734 
6 3 0.05338098344501141 
6 4 0.026953408240546484 
6 5 0.04196698559818879 
6 7 -0.02790901776223431 
6 8 -0.00644795414775734 
7 0 0.060365097557834035 
7 1 -0.02790901776223431 
7 2 -0.03080406520916701 
7 3 0.060365097557834035 
7 4 0.04068726231404529 
7 5 0.03260142206991268 
7 6 -0.02790901776223431 
7 8 -0.03080406520916701 
8 0 0.05454393928482015 
8 1 -0.00644795414775734 
8 2 -0.06116169124441728 
8 3 0.05454393928481993 
8 4 0.04653957108105877 
8 5 0.009965108944096635 
8 6 -0.00644795414775734 
8 7 -0.03080406520916701 
