9 72 72 
K 
0 1 32.72823771530988 
0 2 21.971116768613232 
0 3 4.443228035889009 
0 4 22.459522630829547 
0 5 15.420666706877965 
0 6 3.9334443299218003 
0 7 18.489912078311537 
0 8 4.044394323830032 
1 0 120.88992806092585 
1 2 46.10138659909612 
1 3 7.584320042910378 
1 4 43.21616571295557 
1 5 28.290900383654268 
1 6 9.417030219573421 
1 7 41.95936710263003 
1 8 8.486240742593196 
2 0 172.55720943854377 
2 1 98.02288180538707 
2 3 10.825791057083439 
2 4 58.69892366325846 
2 5 42.57658767611384 
2 6 11.78088328476148 
2 7 58.79008533083927 
2 8 13.884391918399254 
3 0 1050.3791076841617 
3 1 485.39648274626404 
3 2 325.85631081821145 
3 4 333.09991769172046 
3 5 228.70578752914403 
3 6 58.33739229806251 
3 7 274.2261397380928 
3 8 59.98290518122587 
4 0 106.18862299856211 
4 1 55.316692112583155 
4 2 35.33675204528161 
4 3 6.661998353834413 
4 5 23.669210537087782 
4 6 6.648238467129151 
4 7 30.613094456020608 
4 8 6.504710748189553 
5 0 101.26237804183198 
5 1 50.29493401538536 
5 2 35.598758029195174 
5 3 6.352938542476223 
5 4 32.87390352373301 
5 6 6.044698304487841 
5 7 29.0651561727608 
5 8 6.552940227160018 
6 0 929.8662395935133 
6 1 602.689934052699 
6 2 354.60458687132075 
6 3 58.337392298062525 
6 4 332.4119233564574 
6 5 217.60913896156225 
6 7 322.7448268790669 
6 8 65.27482391770036 
7 0 109.27538038282115 
7 1 67.13498736420807 
7 2 44.23953921145657 
7 3 6.855653493452321 
7 4 38.266368070025756 
7 5 26.15864055548473 
7 6 8.068620671976673 
7 8 8.143516015138095 
8 0 956.0948181534192 
8 1 543.1194075259643 
8 2 417.9201967438174 
8 3 59.98290518122585 
8 4 325.2355374094774 
8 5 235.90584817776067 
8 6 65.27482391770035 
8 7 325.7406406055237 
P 
0 1.0 5.045718189306196 5.045718189306196 
1 1.0 46.502088411938026 46.502088411938026 
2 1.0 51.18217711147412 51.18217711147412 
3 0.0 -0.5727274060240484 -0.5727274060240484 
4 0.0 -47.70364016642065 -47.70364016642065 
5 0.0 -47.77818782163313 -47.77818782163313 
6 0.0 -1.3916347119235826 -1.3916347119235826 
7 0.0 -48.01820574052623 -48.01820574052623 
8 0.0 -2.0882663180672787 -2.0882663180672787 
Alfa 
0 1.0575296108291032 
1 3.90625 
2 8.305647840531561 
3 250.0 
4 5.0 
5 6.944444444444445 
6 250.0 
7 6.25 
8 250.0 
Gamma 
0 1 0.013088499675521392 
0 2 0.011852413043593746 
0 3 -0.008691221656797143 
0 4 -0.0023746691299020295 
0 5 -0.0025488129319759523 
0 6 0.013088499675521392 
0 7 0.013622300641091156 
0 8 0.011852413043593746 
1 0 0.013088499675521392 
1 2 -0.007369895099709423 
1 3 0.013088499675521392 
1 4 0.0060476669402200756 
1 5 0.006975063577357554 
1 6 -0.019213551503392212 
1 7 -0.013540694899870198 
1 8 -0.0073698950997092005 
2 0 0.011852413043593746 
2 1 -0.0073698950997092005 
2 3 0.011852413043593746 
2 4 0.008070839041720346 
2 5 -0.0010217730735762043 
2 6 -0.0073698950997092005 
2 7 -0.015319501882429476 
2 8 -0.027148417156152904 
3 0 -0.008691221656797365 
3 1 0.013088499675521392 
3 2 0.011852413043593746 
3 4 -0.0023746691299020295 
3 5 -0.0025488129319759523 
3 6 0.013088499675521392 
3 7 0.013622300641091156 
3 8 0.011852413043593746 
4 0 -0.0023746691299020295 
4 1 0.0060476669402200756 
4 2 0.008070839041720346 
4 3 -0.0023746691299020295 
4 5 0.0013212366088199978 
4 6 0.0060476669402200756 
4 7 0.007931465606175081 
4 8 0.008070839041720346 
5 0 -0.0025488129319759523 
5 1 0.006975063577357554 
5 2 -0.0010217730735762043 
5 3 -0.0025488129319759523 
5 4 0.0013212366088199978 
5 6 0.006975063577357554 
5 7 0.004554339929056184 
5 8 -0.0010217730735762043 
6 0 0.013088499675521392 
6 1 -0.019213551503392212 
6 2 -0.007369895099709423 
6 3 0.013088499675521392 
6 4 0.0060476669402200756 
6 5 0.006975063577357554 
6 7 -0.013540694899870198 
6 8 -0.0073698950997092005 
7 0 0.013622300641091156 
7 1 -0.013540694899869976 
7 2 -0.015319501882429476 
7 3 0.013622300641091156 
7 4 0.007931465606175081 
7 5 0.004554339929056184 
7 6 -0.013540694899869976 
7 8 -0.015319501882429476 
8 0 0.011852413043593746 
8 1 -0.0073698950997092005 
8 2 -0.027148417156152904 
8 3 0.011852413043593746 
8 4 0.008070839041720346 
8 5 -0.0010217730735762043 
8 6 -0.0073698950997092005 
8 7 -0.015319501882429476 
