3 6 6 
K 
0 1 59.67927864327142 
0 2 40.07221141591647 
1 0 220.44033548858377 
1 2 84.33883222494408 
2 0 314.7199594260017 
2 1 179.32509177396756 
P 
0 1.0 -19.198582059920025 -19.198582059920025 
1 1.0 18.605175295179684 18.605175295179684 
2 1.0 24.430013503094575 24.430013503094575 
Alfa 
0 1.0575296108291032 
1 3.90625 
2 8.305647840531561 
Gamma 
0 1 -0.21742217262129948 
0 2 -0.21763828818424558 
1 0 -0.21742217262129948 
1 2 -0.22575021711226184 
2 0 -0.21763828818424558 
2 1 -0.22575021711226206 
