12 24 12 
K 
0 3 134.92557115253808 
1 4 254.13587518077813 
2 5 350.097707534246 
3 0 127.58562008184002 
3 6 2144.7016545910556 
4 1 65.0587840462792 
4 9 1994.937482783307 
5 2 42.15176398712322 
5 11 2143.0635579199675 
6 3 2144.7016545910556 
6 7 1382.2265648764917 
6 8 1288.0294492571916 
7 6 1382.2265648764917 
7 9 727.3842504713256 
8 6 1288.0294492571916 
8 11 702.3616833464167 
9 4 1994.937482783307 
9 7 727.3842504713255 
9 10 1695.086137298807 
10 9 1695.086137298807 
10 11 1219.5148585871839 
11 5 2143.0635579199675 
11 8 702.3616833464167 
11 10 1219.514858587184 
P 
0 1.0 5.661245644793789 5.661245644793789 
1 1.0 48.007462737669016 48.007462737669016 
2 1.0 53.22964296780048 53.22964296780048 
3 0.0 -0.0 -0.0 
4 0.0 -0.0 -0.0 
5 0.0 -0.0 -0.0 
6 0.0 -403.2677551017531 -403.2677551017531 
7 0.0 -302.4277378957747 -302.4277378957747 
8 0.0 -390.77680144115095 -390.77680144115095 
9 0.0 -348.369387854748 -348.369387854748 
10 0.0 -344.62236652355773 -344.62236652355773 
11 0.0 -307.09226630912514 -307.09226630912514 
Alfa 
0 1.0575296108291032 
1 3.90625 
2 8.305647840531561 
3 0.0 
4 0.0 
5 0.0 
6 0.0 
7 0.0 
8 0.0 
9 0.0 
10 0.0 
11 0.0 
Gamma 
6 7 0.11710874456686438 
6 8 0.18272156076209756 
7 6 0.11710874456686438 
7 9 0.19620081728811645 
8 6 0.18272156076209756 
8 11 0.22550963518842404 
9 7 0.19620081728811645 
9 10 0.11751164543144554 
10 9 0.11751164543144554 
10 11 0.11751164543144554 
11 8 0.22550963518842404 
11 10 0.11751164543144554 
