12 24 12 
K 
0 3 134.92557115253808 
1 4 254.13587518077813 
2 5 350.097707534246 
3 0 127.58562008184002 
3 6 1692.5055225989652 
4 1 65.0587840462792 
4 9 1574.3181340036938 
5 2 42.15176398712322 
5 11 1691.2128077561188 
6 3 1692.5055225989652 
6 7 1090.7932530049422 
6 8 1016.4569750162173 
7 6 1090.7932530049422 
7 9 574.0201012755639 
8 6 1016.4569750162169 
8 11 554.2733766167504 
9 4 1574.3181340036938 
9 7 574.0201012755639 
9 10 1337.6884577478531 
10 9 1337.6884577478531 
10 11 962.3882317766328 
11 5 1691.2128077561188 
11 8 554.2733766167504 
11 10 962.3882317766328 
P 
0 1.0 5.661245644793789 5.661245644793789 
1 1.0 48.007462737669016 48.007462737669016 
2 1.0 53.22964296780048 53.22964296780048 
3 0.0 -0.0 -0.0 
4 0.0 -0.0 -0.0 
5 0.0 -0.0 -0.0 
6 0.0 -318.2414211947569 -318.2414211947569 
7 0.0 -240.65000537935794 -240.65000537935794 
8 0.0 -309.81485176748276 -309.81485176748276 
9 0.0 -274.91801089742154 -274.91801089742154 
10 0.0 -273.5507457679975 -273.5507457679975 
11 0.0 -242.3438969065987 -242.3438969065987 
Alfa 
0 1.0575296108291032 
1 3.90625 
2 8.305647840531561 
3 0.0 
4 0.0 
5 0.0 
6 0.0 
7 0.0 
8 0.0 
9 0.0 
10 0.0 
11 0.0 
Gamma 
6 7 0.11710874456686438 
6 8 0.18272156076209756 
7 6 0.11710874456686438 
7 9 0.19620081728811645 
8 6 0.18272156076209756 
8 11 0.22550963518842404 
9 7 0.19620081728811645 
9 10 0.11751164543144554 
10 9 0.11751164543144554 
10 11 0.11751164543144554 
11 8 0.22550963518842404 
11 10 0.11751164543144554 
