12 24 12 
K 
0 3 134.92557115253808 
1 4 254.13587518077813 
2 5 350.097707534246 
3 0 127.58562008184002 
3 6 762.2734796438099 
4 1 65.0587840462792 
4 9 709.044045085634 
5 2 42.15176398712322 
5 11 761.691264561917 
6 3 762.2734796438099 
6 7 491.2732971548983 
6 8 457.7935994347854 
7 6 491.2732971548984 
7 9 258.5281372157124 
8 6 457.7935994347854 
8 11 249.6345742014376 
9 4 709.044045085634 
9 7 258.5281372157124 
9 10 602.470374100179 
10 9 602.470374100179 
10 11 433.44202805207186 
11 5 761.691264561917 
11 8 249.6345742014376 
11 10 433.44202805207186 
P 
0 1.0 5.661245644793789 5.661245644793789 
1 1.0 48.007462737669016 48.007462737669016 
2 1.0 53.22964296780048 53.22964296780048 
3 0.0 -0.0 -0.0 
4 0.0 -0.0 -0.0 
5 0.0 -0.0 -0.0 
6 0.0 -143.33010572893653 -143.33010572893653 
7 0.0 -113.56438420272924 -113.56438420272924 
8 0.0 -143.26455529593736 -143.26455529593736 
9 0.0 -123.81803544235035 -123.81803544235035 
10 0.0 -127.34626878513126 -127.34626878513126 
11 0.0 -109.1472512785446 -109.1472512785446 
Alfa 
0 1.0575296108291032 
1 3.90625 
2 8.305647840531561 
3 0.0 
4 0.0 
5 0.0 
6 0.0 
7 0.0 
8 0.0 
9 0.0 
10 0.0 
11 0.0 
Gamma 
6 7 0.11710874456686438 
6 8 0.18272156076209756 
7 6 0.11710874456686438 
7 9 0.19620081728811645 
8 6 0.18272156076209756 
8 11 0.22550963518842404 
9 7 0.19620081728811645 
9 10 0.11751164543144554 
10 9 0.11751164543144554 
10 11 0.11751164543144554 
11 8 0.22550963518842404 
11 10 0.11751164543144554 
