3 6 6 
K 
0 1 109.7088257726415 
0 2 72.89774835678475 
1 0 405.2369751976947 
1 2 147.19724867111316 
2 0 572.5258375928214 
2 1 312.9775387026993 
P 
0 1.0 -69.99951693017086 -69.99951693017086 
1 1.0 -35.33384158764899 -35.33384158764899 
2 1.0 -25.707731610787874 -25.707731610787874 
Alfa 
0 1.0575296108291032 
1 3.90625 
2 8.305647840531561 
Gamma 
0 1 -0.377704658152604 
0 2 -0.3785221048951217 
1 0 -0.377704658152604 
1 2 -0.3820827832434517 
2 0 -0.3785221048951217 
2 1 -0.38208278324345146 
