12 24 12 
K 
0 3 134.92557115253808 
1 4 254.13587518077813 
2 5 350.097707534246 
3 0 127.58562008184002 
3 6 1563.3066277440826 
4 1 65.0587840462792 
4 9 1454.1411772095187 
5 2 42.15176398712322 
5 11 1562.1125934235909 
6 3 1563.3066277440826 
6 7 1007.5265924702138 
6 8 938.8648395187959 
7 6 1007.5265924702138 
7 9 530.2017729339178 
8 6 938.8648395187959 
8 11 511.9624318368459 
9 4 1454.1411772095187 
9 7 530.2017729339178 
9 10 1235.5748350190097 
10 9 1235.5748350190097 
10 11 888.9234812593327 
11 5 1562.1125934235909 
11 8 511.9624318368459 
11 10 888.9234812593326 
P 
0 1.0 5.661245644793789 5.661245644793789 
1 1.0 48.007462737669016 48.007462737669016 
2 1.0 53.22964296780048 53.22964296780048 
3 0.0 -0.0 -0.0 
4 0.0 -0.0 -0.0 
5 0.0 -0.0 -0.0 
6 0.0 -293.9481829356152 -293.9481829356152 
7 0.0 -222.9992246603817 -222.9992246603817 
8 0.0 -286.6828661464348 -286.6828661464348 
9 0.0 -253.93190319532832 -253.93190319532832 
10 0.0 -253.2445684092661 -253.2445684092661 
11 0.0 -223.84436279159118 -223.84436279159118 
Alfa 
0 1.0575296108291032 
1 3.90625 
2 8.305647840531561 
3 0.0 
4 0.0 
5 0.0 
6 0.0 
7 0.0 
8 0.0 
9 0.0 
10 0.0 
11 0.0 
Gamma 
6 7 0.11710874456686438 
6 8 0.18272156076209756 
7 6 0.11710874456686438 
7 9 0.19620081728811645 
8 6 0.18272156076209756 
8 11 0.22550963518842404 
9 7 0.19620081728811645 
9 10 0.11751164543144554 
10 9 0.11751164543144554 
10 11 0.11751164543144554 
11 8 0.22550963518842404 
11 10 0.11751164543144554 
