9 72 72 
K 
0 1 10.881628869358057 
0 2 8.187687204061147 
0 3 3.59132552467734 
0 4 13.565206854169267 
0 5 9.658997606793092 
0 6 1.5537045804250136 
0 7 6.933272206655524 
0 8 1.686958169287597 
1 0 40.19401663619132 
1 2 24.227315100135524 
1 3 3.367482622343243 
1 4 25.438964965954945 
1 5 12.957787071457275 
1 6 9.394028014124281 
1 7 32.60070088997109 
1 8 4.991698645718457 
2 0 64.30462641329089 
2 1 51.51322811988949 
2 3 5.387486250579177 
2 4 28.436647395616824 
2 5 29.744528815228026 
2 6 7.355179949917969 
2 7 46.99101562155828 
2 8 15.923889701014158 
3 0 848.9893540337234 
3 1 215.51888782996758 
3 2 162.16333614243314 
3 4 268.66917898905365 
3 5 191.3037511902546 
3 6 30.772294038850013 
3 7 137.31869860113824 
3 8 33.41148212510113 
4 0 64.13629800651229 
4 1 32.561875156422325 
4 2 17.11886173216132 
4 3 5.373383579781072 
4 5 15.599903938032554 
4 6 4.649261170836586 
4 7 18.025917958521884 
4 8 3.527101479114918 
5 0 63.42741761794132 
5 1 23.03606590481293 
5 2 24.869731037176756 
5 3 5.313993088618184 
5 4 21.666533247267434 
5 6 3.289143706423042 
5 7 17.44983565714124 
5 8 5.124059443836724 
6 0 367.29576281247313 
6 1 601.2177929039538 
6 2 221.39091649253072 
6 3 30.772294038850024 
6 4 232.4630585418292 
6 5 118.4091734312295 
6 7 297.9075072288629 
6 8 45.61449477428689 
7 0 40.97563874133415 
7 1 52.16112142395374 
7 2 35.36073925522259 
7 3 3.432967465028456 
7 4 22.53239744815236 
7 5 15.704852091427117 
7 6 7.4476876807215735 
7 8 7.285584618945694 
8 0 398.796911219588 
8 1 319.46871332598124 
8 2 479.30908000052597 
8 3 33.41148212510112 
8 4 176.35507395574595 
8 5 184.46613997812207 
8 6 45.614494774286904 
8 7 291.4233847578278 
P 
0 1.0 4.017730012716253 4.017730012716253 
1 1.0 44.62002284070049 44.62002284070049 
2 1.0 48.09328613365097 48.09328613365097 
3 0.0 -2.727151231806824 -2.727151231806824 
4 0.0 -49.73815607242177 -49.73815607242177 
5 0.0 -49.887180894158945 -49.887180894158945 
6 0.0 -4.419779925465904 -4.419779925465904 
7 0.0 -49.73583324953125 -49.73583324953125 
8 0.0 -6.56308191550337 -6.56308191550337 
Alfa 
0 1.0575296108291032 
1 3.90625 
2 8.305647840531561 
3 250.0 
4 5.0 
5 6.944444444444445 
6 250.0 
7 6.25 
8 250.0 
Gamma 
0 1 0.06932574756695264 
0 2 0.07212101662742754 
0 3 -0.038350363434504375 
0 4 -0.014106091289472822 
0 5 -0.00653851690295526 
0 6 0.06932574756695264 
0 7 0.08008375133319179 
0 8 0.07212101662742731 
1 0 0.06932574756695264 
1 2 -0.0022342245130155813 
1 3 0.06932574756695264 
1 4 0.034913412529292476 
1 5 0.058126753986374124 
1 6 -0.05150938289887752 
1 7 -0.02848288133215604 
1 8 -0.0022342245130155813 
2 0 0.07212101662742731 
2 1 -0.0022342245130155813 
2 3 0.07212101662742731 
2 4 0.06431116261449588 
2 5 0.015144993183599631 
2 6 -0.0022342245130155813 
2 7 -0.031616665209398986 
2 8 -0.06650729864448945 
3 0 -0.038350363434504375 
3 1 0.06932574756695264 
3 2 0.07212101662742754 
3 4 -0.014106091289472822 
3 5 -0.00653851690295526 
3 6 0.06932574756695264 
3 7 0.08008375133319179 
3 8 0.07212101662742731 
4 0 -0.014106091289472822 
4 1 0.034913412529292476 
4 2 0.0643111626144961 
4 3 -0.014106091289472822 
4 5 0.01847505346983369 
4 6 0.034913412529292476 
4 7 0.05473859947500448 
4 8 0.0643111626144961 
5 0 -0.00653851690295526 
5 1 0.058126753986374124 
5 2 0.015144993183599631 
5 3 -0.00653851690295526 
5 4 0.01847505346983369 
5 6 0.058126753986374124 
5 7 0.045107743133545375 
5 8 0.015144993183599631 
6 0 0.06932574756695264 
6 1 -0.05150938289887752 
6 2 -0.0022342245130155813 
6 3 0.06932574756695264 
6 4 0.034913412529292476 
6 5 0.058126753986374124 
6 7 -0.02848288133215604 
6 8 -0.0022342245130155813 
7 0 0.08008375133319179 
7 1 -0.02848288133215604 
7 2 -0.031616665209398764 
7 3 0.08008375133319179 
7 4 0.05473859947500448 
7 5 0.045107743133545375 
7 6 -0.02848288133215604 
7 8 -0.031616665209398986 
8 0 0.07212101662742731 
8 1 -0.0022342245130155813 
8 2 -0.06650729864448945 
8 3 0.07212101662742731 
8 4 0.06431116261449588 
8 5 0.015144993183599631 
8 6 -0.0022342245130155813 
8 7 -0.031616665209398986 
