12 24 12 
K 
0 3 134.92557115253808 
1 4 254.13587518077813 
2 5 350.097707534246 
3 0 127.58562008184002 
3 6 710.5939217018569 
4 1 65.0587840462792 
4 9 660.973262367964 
5 2 42.15176398712322 
5 11 710.0511788289059 
6 3 710.5939217018569 
6 7 457.9666329410069 
6 8 426.75674523581705 
7 6 457.9666329410069 
7 9 241.00080587905398 
8 6 426.756745235817 
8 11 232.7101962894758 
9 4 660.973262367964 
9 7 241.00080587905393 
9 10 561.6249250086416 
10 9 561.6249250086418 
10 11 404.0561278451518 
11 5 710.0511788289059 
11 8 232.71019628947573 
11 10 404.0561278451518 
P 
0 1.0 5.661245644793789 5.661245644793789 
1 1.0 48.007462737669016 48.007462737669016 
2 1.0 53.22964296780048 53.22964296780048 
3 0.0 -0.0 -0.0 
4 0.0 -0.0 -0.0 
5 0.0 -0.0 -0.0 
6 0.0 -133.61281042527983 -133.61281042527983 
7 0.0 -106.50407191513877 -106.50407191513877 
8 0.0 -134.01176104751818 -134.01176104751818 
9 0.0 -115.42359236151307 -115.42359236151307 
10 0.0 -119.22379784163869 -119.22379784163869 
11 0.0 -101.74743763254159 -101.74743763254159 
Alfa 
0 1.0575296108291032 
1 3.90625 
2 8.305647840531561 
3 0.0 
4 0.0 
5 0.0 
6 0.0 
7 0.0 
8 0.0 
9 0.0 
10 0.0 
11 0.0 
Gamma 
6 7 0.11710874456686438 
6 8 0.18272156076209756 
7 6 0.11710874456686438 
7 9 0.19620081728811645 
8 6 0.18272156076209756 
8 11 0.22550963518842404 
9 7 0.19620081728811645 
9 10 0.11751164543144554 
10 9 0.11751164543144554 
10 11 0.11751164543144554 
11 8 0.22550963518842404 
11 10 0.11751164543144554 
