9 72 72 
K 
0 1 3.319629081245377 
0 2 2.9497812790803164 
0 3 3.6405832821559923 
0 4 9.598603134063692 
0 5 7.230740466478932 
0 6 0.6684103664182309 
0 7 2.584924400857991 
0 8 0.7756392754443288 
1 0 12.261879918850111 
1 2 11.936222068381621 
1 3 1.6960812781350627 
1 4 17.98359101648982 
1 5 5.9966639457133715 
1 6 11.150420120184366 
1 7 28.364397610410546 
1 8 3.138606479850143 
2 0 23.167052969255373 
2 1 25.379342603867897 
2 3 3.204500865345465 
2 4 14.106524046934899 
2 5 25.94998244226119 
2 6 5.110153958207009 
2 7 43.10778137165315 
2 8 21.47031370518053 
3 0 860.6338879016763 
3 1 108.54920180064401 
3 2 96.4554760468985 
3 4 313.86660470298443 
3 5 236.43939935887303 
3 6 21.85648154484639 
3 7 84.52494949311551 
3 8 25.362780652326833 
4 0 45.382195617853114 
4 1 23.018996501106972 
4 2 8.492127476254808 
4 3 6.277332094059687 
4 5 13.310198632278137 
4 6 4.6348961011369045 
4 7 13.185114166592736 
4 8 2.2329884759173733 
5 0 47.48186239654498 
5 1 10.660735903490433 
5 2 21.69706865311282 
5 3 6.567761093302029 
5 4 18.48638698927519 
5 6 2.146548971931156 
5 7 13.126522376543022 
5 8 5.705202188622359 
6 0 158.01221062126982 
6 1 713.6268876917992 
6 2 153.81563414203094 
6 3 21.85648154484639 
6 4 231.74480505684528 
6 5 77.27576298952164 
6 7 365.5166417403584 
6 8 40.4455231525274 
7 0 15.276903209070726 
7 1 45.38303617665686 
7 2 32.43860548216899 
7 3 2.1131237373278875 
7 4 16.48139270824092 
7 5 11.813870138888717 
7 6 9.13791604350896 
7 8 8.529668498153386 
8 0 183.36112471503927 
8 1 200.87081471040915 
8 2 646.2564425259337 
8 3 25.362780652326823 
8 4 111.64942379586867 
8 5 205.387278790405 
8 6 40.44552315252741 
8 7 341.1867399261355 
P 
0 1.0 4.440474003268425 4.440474003268425 
1 1.0 44.86785913673958 44.86785913673958 
2 1.0 47.672060066043066 47.672060066043066 
3 0.0 -5.521551248044793 -5.521551248044793 
4 0.0 -51.74267262193887 -51.74267262193887 
5 0.0 -52.58312760223027 -52.58312760223027 
6 0.0 -8.146330488662743 -8.146330488662743 
7 0.0 -51.191617089586124 -51.191617089586124 
8 0.0 -11.566245315238278 -11.566245315238278 
Alfa 
0 1.0575296108291032 
1 3.90625 
2 8.305647840531561 
3 250.0 
4 5.0 
5 6.944444444444445 
6 250.0 
7 6.25 
8 250.0 
Gamma 
0 1 0.12241301003931748 
0 2 0.13602038741503475 
0 3 -0.04639903030471548 
0 4 -0.006827380922408421 
0 5 0.008958791735239169 
0 6 0.12241301003931748 
0 7 0.15526484092760828 
0 8 0.13602038741503453 
1 0 0.12241301003931748 
1 2 0.025438159365153812 
1 3 0.12241301003931748 
1 4 0.06337104540586758 
1 5 0.12837978701125952 
1 6 -0.056724428752237266 
1 7 -0.016352158023380303 
1 8 0.025438159365153812 
2 0 0.13602038741503475 
2 1 0.025438159365153812 
2 3 0.13602038741503453 
2 4 0.1400586511822166 
2 5 0.04291719317407461 
2 6 0.025438159365154034 
2 7 -0.017911640726565592 
2 8 -0.06811667405934352 
3 0 -0.04639903030471548 
3 1 0.12241301003931748 
3 2 0.13602038741503475 
3 4 -0.006827380922408421 
3 5 0.008958791735239169 
3 6 0.12241301003931748 
3 7 0.15526484092760828 
3 8 0.13602038741503453 
4 0 -0.006827380922408421 
4 1 0.06337104540586758 
4 2 0.1400586511822166 
4 3 -0.006827380922408421 
4 5 0.05578109515035701 
4 6 0.06337104540586758 
4 7 0.10960194105930121 
4 8 0.1400586511822164 
5 0 0.008958791735239169 
5 1 0.12837978701125974 
5 2 0.04291719317407461 
5 3 0.008958791735239169 
5 4 0.05578109515035701 
5 6 0.12837978701125974 
5 7 0.09924350279559624 
5 8 0.04291719317407461 
6 0 0.12241301003931748 
6 1 -0.056724428752237266 
6 2 0.025438159365153812 
6 3 0.12241301003931748 
6 4 0.06337104540586758 
6 5 0.12837978701125952 
6 7 -0.016352158023380303 
6 8 0.025438159365153812 
7 0 0.15526484092760828 
7 1 -0.016352158023380303 
7 2 -0.017911640726565592 
7 3 0.15526484092760828 
7 4 0.10960194105930121 
7 5 0.09924350279559624 
7 6 -0.016352158023380303 
7 8 -0.017911640726565814 
8 0 0.13602038741503475 
8 1 0.025438159365153812 
8 2 -0.06811667405934352 
8 3 0.13602038741503453 
8 4 0.1400586511822166 
8 5 0.04291719317407461 
8 6 0.025438159365154034 
8 7 -0.017911640726565592 
