12 24 12 
K 
0 3 134.92557115253808 
1 4 254.13587518077813 
2 5 350.097707534246 
3 0 127.58562008184002 
3 6 1343.6685064907817 
4 1 65.0587840462792 
4 9 1249.8403506594211 
5 2 42.15176398712322 
5 11 1342.642229058293 
6 3 1343.6685064907817 
6 7 865.9732695611756 
6 8 806.9582091731801 
7 6 865.9732695611756 
7 9 455.71061475311956 
8 6 806.9582091731801 
8 11 440.03382571100815 
9 4 1249.8403506594211 
9 7 455.71061475311967 
9 10 1061.9816763799756 
10 9 1061.9816763799756 
10 11 764.0334053799224 
11 5 1342.642229058293 
11 8 440.03382571100815 
11 10 764.0334053799224 
P 
0 1.0 5.661245644793789 5.661245644793789 
1 1.0 48.007462737669016 48.007462737669016 
2 1.0 53.22964296780048 53.22964296780048 
3 0.0 -0.0 -0.0 
4 0.0 -0.0 -0.0 
5 0.0 -0.0 -0.0 
6 0.0 -252.64967789507423 -252.64967789507423 
7 0.0 -192.99289743812218 -192.99289743812218 
8 0.0 -247.35849059065328 -247.35849059065328 
9 0.0 -218.25552010176986 -218.25552010176986 
10 0.0 -218.72406689942267 -218.72406689942267 
11 0.0 -192.39515479607843 -192.39515479607843 
Alfa 
0 1.0575296108291032 
1 3.90625 
2 8.305647840531561 
3 0.0 
4 0.0 
5 0.0 
6 0.0 
7 0.0 
8 0.0 
9 0.0 
10 0.0 
11 0.0 
Gamma 
6 7 0.11710874456686438 
6 8 0.18272156076209756 
7 6 0.11710874456686438 
7 9 0.19620081728811645 
8 6 0.18272156076209756 
8 11 0.22550963518842404 
9 7 0.19620081728811645 
9 10 0.11751164543144554 
10 9 0.11751164543144554 
10 11 0.11751164543144554 
11 8 0.22550963518842404 
11 10 0.11751164543144554 
