9 72 72 
K 
0 1 39.67669882120298 
0 2 26.4748730839415 
0 3 5.110351260998388 
0 4 26.34076471640151 
0 5 18.04720304021413 
0 6 4.730737791785889 
0 7 22.28182873267332 
0 8 4.848921616025398 
1 0 146.55580627081855 
1 2 54.27058163512224 
1 3 9.064482786149725 
1 4 50.80788621685005 
1 5 33.682795288209334 
1 6 10.642417811626071 
1 7 48.25217394196417 
1 8 9.939756673070994 
2 0 207.92890355627148 
2 1 115.39259882550913 
2 3 12.860411436350542 
2 4 69.65984262283015 
2 5 49.56923018044341 
2 6 13.758506740094575 
2 7 67.56974331051165 
2 8 15.53373022085416 
3 0 1208.0870381000193 
3 1 580.1268983135824 
3 2 387.0983842341512 
3 4 385.1375388611663 
3 5 263.874471264226 
3 6 69.16977277396342 
3 7 325.7904154196544 
3 8 70.89777982656292 
4 0 124.53913557914636 
4 1 65.03409435756805 
4 2 41.93522525894374 
4 3 7.702750777223324 
4 5 27.66619381722436 
4 6 7.754154379585262 
4 7 36.005033057580334 
4 8 7.680513503738913 
5 0 118.50996663073946 
5 1 59.88052495681659 
5 2 41.445384123092964 
5 3 7.329846424006277 
5 4 38.4252691905894 
5 6 7.139683260488588 
5 7 34.15540638364379 
5 8 7.590798200307073 
6 0 1118.3464139781836 
6 1 681.1147399440684 
6 2 414.13105287684635 
6 3 69.1697727739634 
6 4 387.70771897926295 
6 5 257.0285973775891 
6 7 368.2054438357108 
6 8 75.8488627233464 
7 0 131.68560781009936 
7 1 77.2034783071427 
7 2 50.846231841160005 
7 3 8.144760385491361 
7 4 45.006291321975404 
7 5 30.73986574527941 
7 6 9.205136095892772 
7 8 9.31258072083396 
8 0 1146.2850700284039 
8 1 636.1444270765437 
8 2 467.5652796477102 
8 3 70.89777982656288 
8 4 384.02567518694565 
8 5 273.2687352110546 
8 6 75.84886272334641 
8 7 372.50322883335843 
P 
0 1.0 5.213118933610171 5.213118933610171 
1 1.0 46.66972037951853 46.66972037951853 
2 1.0 51.38735324109397 51.38735324109397 
3 0.0 -0.4052549260458775 -0.4052549260458775 
4 0.0 -47.58817339928194 -47.58817339928194 
5 0.0 -47.67878154996409 -47.67878154996409 
6 0.0 -1.2171361054645888 -1.2171361054645888 
7 0.0 -47.921763799543704 -47.921763799543704 
8 0.0 -1.8601457727742507 -1.8601457727742507 
Alfa 
0 1.0575296108291032 
1 3.90625 
2 8.305647840531561 
3 250.0 
4 5.0 
5 6.944444444444445 
6 250.0 
7 6.25 
8 250.0 
Gamma 
0 1 0.009157175777246174 
0 2 0.007786676629899958 
0 3 -0.005423656891340611 
0 4 -0.0011940297860457694 
0 5 -0.001873739158244403 
0 6 0.009157175777246174 
0 7 0.009248184899185885 
0 8 0.007786676629899958 
1 0 0.009157175777246174 
1 2 -0.006813030182336588 
1 3 0.009157175777246174 
1 4 0.0038362359060117868 
1 5 0.0038560266083516037 
1 6 -0.014987934285047189 
1 7 -0.011062847000390619 
1 8 -0.006813030182336588 
2 0 0.007786676629899958 
2 1 -0.00681303018233681 
2 3 0.007786676629899958 
2 4 0.004675758631078608 
2 5 -0.0021753190917477294 
2 6 -0.00681303018233681 
2 7 -0.012775037215122742 
2 8 -0.021723390393376896 
3 0 -0.005423656891340611 
3 1 0.009157175777246174 
3 2 0.007786676629899958 
3 4 -0.0011940297860457694 
3 5 -0.001873739158244403 
3 6 0.009157175777246174 
3 7 0.009248184899185885 
3 8 0.007786676629899958 
4 0 -0.0011940297860457694 
4 1 0.0038362359060117868 
4 2 0.00467575863107883 
4 3 -0.0011940297860457694 
4 5 0.0004488398869151311 
4 6 0.0038362359060117868 
4 7 0.00485050986147062 
4 8 0.00467575863107883 
5 0 -0.001873739158244403 
5 1 0.0038560266083516037 
5 2 -0.0021753190917477294 
5 3 -0.001873739158244403 
5 4 0.0004488398869151311 
5 6 0.0038560266083516037 
5 7 0.0019312367841608502 
5 8 -0.0021753190917477294 
6 0 0.009157175777246174 
6 1 -0.014987934285047189 
6 2 -0.006813030182336588 
6 3 0.009157175777246174 
6 4 0.0038362359060117868 
6 5 0.0038560266083516037 
6 7 -0.011062847000390619 
6 8 -0.006813030182336588 
7 0 0.009248184899185663 
7 1 -0.011062847000390619 
7 2 -0.012775037215122742 
7 3 0.009248184899185663 
7 4 0.00485050986147062 
7 5 0.0019312367841608502 
7 6 -0.011062847000390619 
7 8 -0.012775037215122742 
8 0 0.007786676629899958 
8 1 -0.00681303018233681 
8 2 -0.021723390393376896 
8 3 0.007786676629899958 
8 4 0.004675758631078608 
8 5 -0.0021753190917477294 
8 6 -0.00681303018233681 
8 7 -0.012775037215122742 
