3 6 6 
K 
0 1 51.94699674648105 
0 2 35.052599779121714 
1 0 191.8792192323144 
1 2 75.17596479602923 
2 0 275.2968301589494 
2 1 159.84258295501235 
P 
0 1.0 -14.22581089542384 -14.22581089542384 
1 1.0 23.798929035177842 23.798929035177842 
2 1.0 29.166846393061885 29.166846393061885 
Alfa 
0 1.0575296108291032 
1 3.90625 
2 8.305647840531561 
Gamma 
0 1 -0.1953254511778788 
0 2 -0.19523571853712718 
1 0 -0.1953254511778788 
1 2 -0.20525442596222265 
2 0 -0.19523571853712718 
2 1 -0.20525442596222288 
