9 72 72 
K 
0 1 21.47089633701475 
0 2 14.820914668606529 
0 3 3.6772083762587027 
0 4 17.11801961636445 
0 5 11.863512506459871 
0 6 2.680549734791724 
0 7 12.474660380996077 
0 8 2.7953231596557706 
1 0 79.30812334484823 
1 2 34.34438516128284 
1 3 5.319797086091617 
1 4 32.625742947503895 
1 5 20.137155808819394 
1 6 8.347552049119905 
1 7 34.61923159023491 
1 8 6.477579649576263 
2 0 116.40080490560071 
2 1 73.02460632299344 
2 3 7.807884446628484 
2 4 42.39221010977693 
2 5 33.590653924617726 
2 6 9.11681031103083 
2 7 48.72135119807386 
2 8 12.828842000795397 
3 0 869.2920601475572 
3 1 340.46701350986336 
3 2 235.0173218435173 
3 4 271.4428370621618 
3 5 188.1213811203607 
3 6 42.505852966923015 
3 7 197.812438651924 
3 8 44.32583125662276 
4 0 80.93399674617113 
4 1 41.760950972804956 
4 2 25.520110486085706 
4 3 5.42885674124324 
4 5 18.35413244996316 
4 6 5.213676424948297 
4 7 23.07986817568282 
4 8 4.813262708396432 
5 0 77.90373212575314 
5 1 35.79938810456779 
5 2 28.085518975860932 
5 3 5.225593920010019 
5 4 25.49185062494885 
5 6 4.469400754544722 
5 7 22.0060793819546 
5 8 5.297115825818129 
6 0 633.6819573047636 
6 1 534.2433311436737 
6 2 274.41599036202797 
6 3 42.50585296692302 
6 4 260.6838212474149 
6 5 160.89842716360997 
6 7 276.6120481643196 
6 8 51.756682390437994 
7 0 73.7252428516868 
7 1 55.39077054437583 
7 2 36.662816776550585 
7 3 4.945310966298102 
7 4 28.849835219603523 
7 5 19.80547144375914 
7 6 6.9153012041079895 
7 8 6.914851284501975 
8 0 660.8143949426242 
8 1 414.5650975728808 
8 2 386.14814422394136 
8 3 44.32583125662278 
8 4 240.6631354198217 
8 5 190.6961697294527 
8 6 51.75668239043799 
8 7 276.594051380079 
P 
0 1.0 4.522046688603764 4.522046688603764 
1 1.0 45.755925823408795 45.755925823408795 
2 1.0 50.14410774705469 50.14410774705469 
3 0.0 -1.2117187783894032 -1.2117187783894032 
4 0.0 -48.23424384542389 -48.23424384542389 
5 0.0 -48.2870935256178 -48.2870935256178 
6 0.0 -2.245982843237165 -2.245982843237165 
7 0.0 -48.51557414104726 -48.51557414104726 
8 0.0 -3.3037793591466804 -3.3037793591466804 
Alfa 
0 1.0575296108291032 
1 3.90625 
2 8.305647840531561 
3 250.0 
4 5.0 
5 6.944444444444445 
6 250.0 
7 6.25 
8 250.0 
Gamma 
0 1 0.029286737916163652 
0 2 0.028775591672537404 
0 3 -0.02078212696339432 
0 4 -0.007294687012193268 
0 5 -0.005274925854872992 
0 6 0.02928673791616343 
0 7 0.03198191110536319 
0 8 0.028775591672537404 
1 0 0.02928673791616343 
1 2 -0.00872377923557921 
1 3 0.029286737916163652 
1 4 0.014692551438635792 
1 5 0.02023752332836648 
1 6 -0.03368028372065979 
1 7 -0.021909292332543906 
1 8 -0.00872377923557921 
2 0 0.028775591672537404 
2 1 -0.00872377923557921 
2 3 0.028775591672537404 
2 4 0.022610563331781686 
2 5 0.003292194228013079 
2 6 -0.00872377923557921 
2 7 -0.024119471889003652 
2 8 -0.04537839463209159 
3 0 -0.02078212696339432 
3 1 0.029286737916163652 
3 2 0.028775591672537404 
3 4 -0.007294687012193268 
3 5 -0.005274925854872992 
3 6 0.02928673791616343 
3 7 0.03198191110536319 
3 8 0.028775591672537404 
4 0 -0.007294687012193268 
4 1 0.014692551438635792 
4 2 0.022610563331781686 
4 3 -0.007294687012193268 
4 5 0.004950897351558847 
4 6 0.014692551438635792 
4 7 0.020737880368334904 
4 8 0.022610563331781686 
5 0 -0.0052749258548727695 
5 1 0.020237523328366702 
5 2 0.003292194228013079 
5 3 -0.0052749258548727695 
5 4 0.004950897351558847 
5 6 0.020237523328366702 
5 7 0.015411595660170585 
5 8 0.003292194228013079 
6 0 0.02928673791616343 
6 1 -0.03368028372065979 
6 2 -0.00872377923557921 
6 3 0.029286737916163652 
6 4 0.014692551438635792 
6 5 0.02023752332836648 
6 7 -0.021909292332543906 
6 8 -0.00872377923557921 
7 0 0.03198191110536319 
7 1 -0.021909292332543906 
7 2 -0.024119471889003652 
7 3 0.03198191110536319 
7 4 0.020737880368334904 
7 5 0.015411595660170585 
7 6 -0.021909292332543906 
7 8 -0.024119471889003652 
8 0 0.028775591672537404 
8 1 -0.00872377923557921 
8 2 -0.04537839463209159 
8 3 0.028775591672537404 
8 4 0.022610563331781686 
8 5 0.003292194228013079 
8 6 -0.00872377923557921 
8 7 -0.024119471889003652 
