12 6 0 
K 
0 3 134.92557115253808 
1 4 254.13587518077813 
2 5 350.097707534246 
3 0 127.58562008184002 
4 1 65.0587840462792 
5 2 42.15176398712322 
P 
0 1.0 5.661245644793789 5.661245644793789 
1 1.0 48.007462737669016 48.007462737669016 
2 1.0 53.22964296780048 53.22964296780048 
3 0.0 -0.0 -0.0 
4 0.0 -0.0 -0.0 
5 0.0 -0.0 -0.0 
6 0.0 -0.0 -0.0 
7 0.0 -9.42477796076938 -9.42477796076938 
8 0.0 -6.785840131753954 -6.785840131753954 
9 0.0 -0.0 -0.0 
10 0.0 -7.5398223686155035 -7.5398223686155035 
11 0.0 -0.0 -0.0 
Alfa 
0 1.0575296108291032 
1 3.90625 
2 8.305647840531561 
3 0.0 
4 0.0 
5 0.0 
6 0.0 
7 0.0 
8 0.0 
9 0.0 
10 0.0 
11 0.0 
Gamma 
