12 24 12 
K 
0 3 134.92557115253808 
1 4 254.13587518077813 
2 5 350.097707534246 
3 0 127.58562008184002 
3 6 219.6381212533014 
4 1 65.0587840462792 
4 9 204.30082655009815 
5 2 42.15176398712322 
5 11 219.4703643652984 
6 3 219.6381212533014 
6 7 141.55332290903866 
6 8 131.9066303456163 
7 6 141.55332290903866 
7 9 74.49115818079856 
8 6 131.9066303456163 
8 11 71.92860612583803 
9 4 204.30082655009815 
9 7 74.49115818079856 
9 10 173.59315863903484 
10 9 173.5931586390348 
10 11 124.89007587941067 
11 5 219.4703643652984 
11 8 71.92860612583803 
11 10 124.89007587941067 
P 
0 1.0 5.661245644793789 5.661245644793789 
1 1.0 48.007462737669016 48.007462737669016 
2 1.0 53.22964296780048 53.22964296780048 
3 0.0 -0.0 -0.0 
4 0.0 -0.0 -0.0 
5 0.0 -0.0 -0.0 
6 0.0 -41.29850504054107 -41.29850504054107 
7 0.0 -39.43110518302903 -39.43110518302903 
8 0.0 -46.11021568753566 -46.11021568753566 
9 0.0 -35.67638309355861 -35.67638309355861 
10 0.0 -42.06032387845905 -42.06032387845905 
11 0.0 -31.449207995512893 -31.449207995512893 
Alfa 
0 1.0575296108291032 
1 3.90625 
2 8.305647840531561 
3 0.0 
4 0.0 
5 0.0 
6 0.0 
7 0.0 
8 0.0 
9 0.0 
10 0.0 
11 0.0 
Gamma 
6 7 0.11710874456686438 
6 8 0.18272156076209756 
7 6 0.11710874456686438 
7 9 0.19620081728811645 
8 6 0.18272156076209756 
8 11 0.22550963518842404 
9 7 0.19620081728811645 
9 10 0.11751164543144554 
10 9 0.11751164543144554 
10 11 0.11751164543144554 
11 8 0.22550963518842404 
11 10 0.11751164543144554 
