12 24 12 
K 
0 3 134.92557115253808 
1 4 254.13587518077813 
2 5 350.097707534246 
3 0 127.58562008184002 
3 6 1472.8674013456643 
4 1 65.0587840462792 
4 9 1370.0173074535962 
5 2 42.15176398712322 
5 11 1471.7424433908213 
6 3 1472.8674013456643 
6 7 949.2399300959039 
6 8 884.5503446706012 
7 6 949.2399300959039 
7 9 499.5289430947655 
8 6 884.550344670601 
8 11 482.3447704909127 
9 4 1370.0173074535962 
9 7 499.5289430947657 
9 10 1164.095299108819 
10 9 1164.0952991088193 
10 11 837.4981558972224 
11 5 1471.7424433908213 
11 8 482.3447704909127 
11 10 837.4981558972224 
P 
0 1.0 5.661245644793789 5.661245644793789 
1 1.0 48.007462737669016 48.007462737669016 
2 1.0 53.22964296780048 53.22964296780048 
3 0.0 -0.0 -0.0 
4 0.0 -0.0 -0.0 
5 0.0 -0.0 -0.0 
6 0.0 -276.94291615421594 -276.94291615421594 
7 0.0 -210.64367815709832 -210.64367815709832 
8 0.0 -270.49047621170126 -270.49047621170126 
9 0.0 -239.24162780386305 -239.24162780386305 
10 0.0 -239.03024425815408 -239.03024425815408 
11 0.0 -210.89468891108592 -210.89468891108592 
Alfa 
0 1.0575296108291032 
1 3.90625 
2 8.305647840531561 
3 0.0 
4 0.0 
5 0.0 
6 0.0 
7 0.0 
8 0.0 
9 0.0 
10 0.0 
11 0.0 
Gamma 
6 7 0.11710874456686438 
6 8 0.18272156076209756 
7 6 0.11710874456686438 
7 9 0.19620081728811645 
8 6 0.18272156076209756 
8 11 0.22550963518842404 
9 7 0.19620081728811645 
9 10 0.11751164543144554 
10 9 0.11751164543144554 
10 11 0.11751164543144554 
11 8 0.22550963518842404 
11 10 0.11751164543144554 
