9 72 72 
K 
0 1 32.9231672338824 
0 2 22.096833744216323 
0 3 4.460732479263771 
0 4 22.564643654950203 
0 5 15.491591086836117 
0 6 3.955654123729422 
0 7 18.59575221100158 
0 8 4.066741787851046 
1 0 121.60994897015311 
1 2 46.32421370206798 
1 3 7.625303324417569 
1 4 43.422387167374026 
1 5 28.439709270357945 
1 6 9.447946577205492 
1 7 42.124684531329414 
1 8 8.525593206350258 
2 0 173.54456801105448 
2 1 98.49666700771931 
2 3 10.881757476225006 
2 4 59.000359623951404 
2 5 42.76375499742733 
2 6 11.834181816557374 
2 7 59.02027264426077 
2 8 13.924695515062677 
3 0 1054.5171580979554 
3 1 488.01941276272447 
3 2 327.54090003437267 
3 4 334.47523646376624 
3 5 229.63152758819498 
3 6 58.634577555715914 
3 7 275.6444423899361 
3 8 60.281227655467696 
4 0 106.68563520060452 
4 1 55.580655574238754 
4 2 35.51821649361873 
4 3 6.689504729275324 
4 5 23.776855597966886 
4 6 6.67790701483783 
4 7 30.75962245277401 
4 8 6.536837671702465 
5 0 101.72811480355713 
5 1 50.55948314730301 
5 2 35.755250706182274 
5 3 6.378653544116526 
5 4 33.02341055273179 
5 6 6.0746229724652565 
5 7 29.20330554952571 
5 8 6.58046188268857 
6 0 935.1166348496351 
6 1 604.6685809411515 
6 2 356.2088726783768 
6 3 58.6345775557159 
6 4 333.8953507418915 
6 5 218.6864270087492 
6 7 323.9166990581269 
6 8 65.55733389194866 
7 0 109.90089556701933 
7 1 67.39949525012709 
7 2 44.41275516480622 
7 3 6.891111059748404 
7 4 38.449528065967506 
7 5 26.28297499457314 
7 6 8.097917476453175 
7 8 8.173804873270107 
8 0 961.3777586479872 
8 1 545.6379652064164 
8 2 419.1333350033865 
8 3 60.281227655467674 
8 4 326.8418835851233 
8 5 236.89662777678845 
8 6 65.55733389194866 
8 7 326.9521949308043 
P 
0 1.0 5.051622793135439 5.051622793135439 
1 1.0 46.50884786306823 46.50884786306823 
2 1.0 51.19078085484961 51.19078085484961 
3 0.0 -0.5666106665046634 -0.5666106665046634 
4 0.0 -47.69916277042812 -47.69916277042812 
5 0.0 -47.7741724439642 -47.7741724439642 
6 0.0 -1.3845333393745751 -1.3845333393745751 
7 0.0 -48.01417338455428 -48.01417338455428 
8 0.0 -2.0786791112744 -2.0786791112744 
Alfa 
0 1.0575296108291032 
1 3.90625 
2 8.305647840531561 
3 250.0 
4 5.0 
5 6.944444444444445 
6 250.0 
7 6.25 
8 250.0 
Gamma 
0 1 0.01294175819624832 
0 2 0.011700352582888707 
0 3 -0.008569360096924772 
0 4 -0.002328728164108007 
0 5 -0.0025221090426934545 
0 6 0.01294175819624832 
0 7 0.01345837128482863 
0 8 0.011700352582888707 
1 0 0.01294175819624832 
1 2 -0.007349192037347629 
1 3 0.01294175819624832 
1 4 0.005966483126323308 
1 5 0.006858323661786958 
1 6 -0.019058802291283428 
1 7 -0.01344943321363834 
1 8 -0.007349192037347629 
2 0 0.011700352582888707 
2 1 -0.007349192037347629 
2 3 0.011700352582888707 
2 4 0.007943473484874675 
2 5 -0.0010630928971957498 
2 6 -0.007349192037347629 
2 7 -0.015225373055946845 
2 8 -0.02695077599482798 
3 0 -0.008569360096924772 
3 1 0.01294175819624832 
3 2 0.011700352582888707 
3 4 -0.002328728164108007 
3 5 -0.0025221090426934545 
3 6 0.01294175819624832 
3 7 0.01345837128482863 
3 8 0.011700352582888707 
4 0 -0.002328728164108007 
4 1 0.005966483126323308 
4 2 0.007943473484874675 
4 3 -0.002328728164108007 
4 5 0.0012897223182211093 
4 6 0.005966483126323308 
4 7 0.007816609707916866 
4 8 0.007943473484874675 
5 0 -0.0025221090426934545 
5 1 0.006858323661786958 
5 2 -0.0010630928971957498 
5 3 -0.0025221090426936765 
5 4 0.0012897223182211093 
5 6 0.006858323661786958 
5 7 0.004456853926097404 
5 8 -0.0010630928971957498 
6 0 0.01294175819624832 
6 1 -0.019058802291283428 
6 2 -0.007349192037347629 
6 3 0.01294175819624832 
6 4 0.005966483126323308 
6 5 0.006858323661786958 
6 7 -0.01344943321363834 
6 8 -0.007349192037347629 
7 0 0.01345837128482863 
7 1 -0.01344943321363834 
7 2 -0.015225373055946845 
7 3 0.01345837128482863 
7 4 0.007816609707916866 
7 5 0.004456853926097404 
7 6 -0.01344943321363834 
7 8 -0.015225373055946845 
8 0 0.011700352582888707 
8 1 -0.007349192037347629 
8 2 -0.02695077599482798 
8 3 0.011700352582888707 
8 4 0.007943473484874675 
8 5 -0.0010630928971957498 
8 6 -0.007349192037347629 
8 7 -0.015225373055946845 
