12 24 12 
K 
0 3 134.92557115253808 
1 4 254.13587518077813 
2 5 350.097707534246 
3 0 127.58562008184002 
3 6 2325.5801073878947 
4 1 65.0587840462792 
4 9 2163.1852222951547 
5 2 42.15176398712322 
5 11 2323.80385798551 
6 3 2325.5801073878947 
6 7 1498.7998896251133 
6 8 1396.6584389535828 
7 6 1498.7998896251136 
7 9 788.7299101496311 
8 6 1396.6584389535828 
8 11 761.5970060382841 
9 4 2163.1852222951547 
9 7 788.7299101496311 
9 10 1838.0452091191903 
10 9 1838.0452091191903 
10 11 1322.3655093114062 
11 5 2323.80385798551 
11 8 761.5970060382841 
11 10 1322.365509311406 
P 
0 1.0 5.661245644793789 5.661245644793789 
1 1.0 48.007462737669016 48.007462737669016 
2 1.0 53.22964296780048 53.22964296780048 
3 0.0 -0.0 -0.0 
4 0.0 -0.0 -0.0 
5 0.0 -0.0 -0.0 
6 0.0 -437.2782886645521 -437.2782886645521 
7 0.0 -327.13883090234185 -327.13883090234185 
8 0.0 -423.1615813106186 -423.1615813106186 
9 0.0 -377.74993863767907 -377.74993863767907 
10 0.0 -373.05101482578215 -373.05101482578215 
11 0.0 -332.99161407013605 -332.99161407013605 
Alfa 
0 1.0575296108291032 
1 3.90625 
2 8.305647840531561 
3 0.0 
4 0.0 
5 0.0 
6 0.0 
7 0.0 
8 0.0 
9 0.0 
10 0.0 
11 0.0 
Gamma 
6 7 0.11710874456686438 
6 8 0.18272156076209756 
7 6 0.11710874456686438 
7 9 0.19620081728811645 
8 6 0.18272156076209756 
8 11 0.22550963518842404 
9 7 0.19620081728811645 
9 10 0.11751164543144554 
10 9 0.11751164543144554 
10 11 0.11751164543144554 
11 8 0.22550963518842404 
11 10 0.11751164543144554 
