12 24 12 
K 
0 3 134.92557115253808 
1 4 254.13587518077813 
2 5 350.097707534246 
3 0 127.58562008184002 
3 6 2028.42264922166 
4 1 65.0587840462792 
4 9 1886.7782216685482 
5 2 42.15176398712322 
5 11 2026.873365020691 
6 3 2028.42264922166 
6 7 1307.2865703952357 
6 8 1218.1965273095116 
7 6 1307.2865703952357 
7 9 687.9477549638437 
8 6 1218.1965273095118 
8 11 664.2818330445023 
9 4 1886.7782216685482 
9 7 687.9477549638437 
9 10 1603.1838768428465 
10 9 1603.1838768428465 
10 11 1153.3965831216128 
11 5 2026.873365020691 
11 8 664.2818330445023 
11 10 1153.3965831216128 
P 
0 1.0 5.661245644793789 5.661245644793789 
1 1.0 48.007462737669016 48.007462737669016 
2 1.0 53.22964296780048 53.22964296780048 
3 0.0 -0.0 -0.0 
4 0.0 -0.0 -0.0 
5 0.0 -0.0 -0.0 
6 0.0 -381.4038406685254 -381.4038406685254 
7 0.0 -286.542035248696 -286.542035248696 
8 0.0 -369.9580143822075 -369.9580143822075 
9 0.0 -329.48189092286395 -329.48189092286395 
10 0.0 -326.3468069006992 -326.3468069006992 
11 0.0 -290.4426856056182 -290.4426856056182 
Alfa 
0 1.0575296108291032 
1 3.90625 
2 8.305647840531561 
3 0.0 
4 0.0 
5 0.0 
6 0.0 
7 0.0 
8 0.0 
9 0.0 
10 0.0 
11 0.0 
Gamma 
6 7 0.11710874456686438 
6 8 0.18272156076209756 
7 6 0.11710874456686438 
7 9 0.19620081728811645 
8 6 0.18272156076209756 
8 11 0.22550963518842404 
9 7 0.19620081728811645 
9 10 0.11751164543144554 
10 9 0.11751164543144554 
10 11 0.11751164543144554 
11 8 0.22550963518842404 
11 10 0.11751164543144554 
