3 6 6 
K 
0 1 58.5696145722927 
0 2 39.349893431698575 
1 0 216.34151382640616 
1 2 83.0037740515246 
2 0 309.04700356324065 
2 1 176.48642987699583 
P 
0 1.0 -18.433723422614133 -18.433723422614133 
1 1.0 19.409330257106046 19.409330257106046 
2 1.0 25.16830789804959 25.16830789804959 
Alfa 
0 1.0575296108291032 
1 3.90625 
2 8.305647840531561 
Gamma 
0 1 -0.21416209886120186 
0 2 -0.214343044925152 
1 0 -0.21416209886120186 
1 2 -0.22268648456831786 
2 0 -0.214343044925152 
2 1 -0.22268648456831786 
