12 24 12 
K 
0 3 134.92557115253808 
1 4 254.13587518077813 
2 5 350.097707534246 
3 0 127.58562008184002 
3 6 1007.7513798680869 
4 1 65.0587840462792 
4 9 937.3802629945665 
5 2 42.15176398712322 
5 11 1006.9816717937204 
6 3 1007.7513798680869 
6 7 649.479952170882 
6 8 605.2186568798854 
7 6 649.479952170882 
7 9 341.78296106483987 
8 6 605.2186568798854 
8 11 330.02536928325634 
9 4 937.3802629945665 
9 7 341.78296106483987 
9 10 796.486257284982 
10 9 796.486257284982 
10 11 573.0250540349421 
11 5 1006.9816717937204 
11 8 330.0253692832563 
11 10 573.0250540349421 
P 
0 1.0 5.661245644793789 5.661245644793789 
1 1.0 48.007462737669016 48.007462737669016 
2 1.0 53.22964296780048 53.22964296780048 
3 0.0 -0.0 -0.0 
4 0.0 -0.0 -0.0 
5 0.0 -0.0 -0.0 
6 0.0 -189.48725842130582 -189.48725842130582 
7 0.0 -147.100867568784 -147.100867568784 
8 0.0 -187.21532797592852 -187.21532797592852 
9 0.0 -163.69164007632747 -163.69164007632747 
10 0.0 -165.92800576672096 -165.92800576672096 
11 0.0 -144.2963660970589 -144.2963660970589 
Alfa 
0 1.0575296108291032 
1 3.90625 
2 8.305647840531561 
3 0.0 
4 0.0 
5 0.0 
6 0.0 
7 0.0 
8 0.0 
9 0.0 
10 0.0 
11 0.0 
Gamma 
6 7 0.11710874456686438 
6 8 0.18272156076209756 
7 6 0.11710874456686438 
7 9 0.19620081728811645 
8 6 0.18272156076209756 
8 11 0.22550963518842404 
9 7 0.19620081728811645 
9 10 0.11751164543144554 
10 9 0.11751164543144554 
10 11 0.11751164543144554 
11 8 0.22550963518842404 
11 10 0.11751164543144554 
