12 24 12 
K 
0 3 134.92557115253808 
1 4 254.13587518077813 
2 5 350.097707534246 
3 0 127.58562008184002 
3 6 1085.2707167810165 
4 1 65.0587840462792 
4 9 1009.4864370710714 
5 2 42.15176398712322 
5 11 1084.441800393237 
6 3 1085.2707167810165 
6 7 699.4399484917191 
6 8 651.7739381783381 
7 6 699.4399484917191 
7 9 368.07395806982754 
8 6 651.7739381783381 
8 11 355.411936151199 
9 4 1009.4864370710714 
9 7 368.07395806982754 
9 10 857.7544309222881 
10 9 857.7544309222881 
10 11 617.1039043453222 
11 5 1084.441800393237 
11 8 355.411936151199 
11 10 617.1039043453222 
P 
0 1.0 5.661245644793789 5.661245644793789 
1 1.0 48.007462737669016 48.007462737669016 
2 1.0 53.22964296780048 53.22964296780048 
3 0.0 -0.0 -0.0 
4 0.0 -0.0 -0.0 
5 0.0 -0.0 -0.0 
6 0.0 -204.06320137679086 -204.06320137679086 
7 0.0 -157.6913360001697 -157.6913360001697 
8 0.0 -201.09451934855727 -201.09451934855727 
9 0.0 -176.2833046975834 -176.2833046975834 
10 0.0 -178.1117121819598 -178.1117121819598 
11 0.0 -155.3960865660634 -155.3960865660634 
Alfa 
0 1.0575296108291032 
1 3.90625 
2 8.305647840531561 
3 0.0 
4 0.0 
5 0.0 
6 0.0 
7 0.0 
8 0.0 
9 0.0 
10 0.0 
11 0.0 
Gamma 
6 7 0.11710874456686438 
6 8 0.18272156076209756 
7 6 0.11710874456686438 
7 9 0.19620081728811645 
8 6 0.18272156076209756 
8 11 0.22550963518842404 
9 7 0.19620081728811645 
9 10 0.11751164543144554 
10 9 0.11751164543144554 
10 11 0.11751164543144554 
11 8 0.22550963518842404 
11 10 0.11751164543144554 
