9 72 72 
K 
0 1 6.266776039556652 
0 2 5.103399073343258 
0 3 3.649422387627202 
0 4 11.64334387841979 
0 5 8.50410899261359 
0 6 1.0375212865812438 
0 7 4.377141531931616 
0 8 1.1644346965099424 
1 0 23.14790399611238 
1 2 17.86127698371907 
1 3 2.430321512353388 
1 4 21.758010921055902 
1 5 9.154419282829165 
1 6 10.403644812685824 
1 7 31.21761082944094 
1 8 4.075380025139183 
2 0 40.08118076207132 
2 1 37.977466011894364 
2 3 4.20816311761732 
2 4 20.798053730948805 
2 5 28.26313996583492 
2 6 6.287511975702209 
2 7 46.17299355259668 
2 8 18.86894531265636 
3 0 862.7234524350705 
3 1 155.540576790617 
3 2 126.66570984028134 
3 4 288.9863003224596 
3 5 211.0708934629437 
3 6 25.75114513886575 
3 7 108.64009089735612 
3 8 28.901119680507467 
4 0 55.04972985716877 
4 1 27.850253978951557 
4 2 12.52042834603118 
4 3 5.779726006449192 
4 5 14.537538424871634 
4 6 4.610860697345177 
4 7 15.586433816601836 
4 8 2.8567668277084954 
5 0 55.84364905149595 
5 1 16.274523169474072 
5 2 23.631125360323086 
5 3 5.863080373970661 
5 4 20.191025590099507 
5 6 2.6943940729184828 
5 7 15.304399161519976 
5 8 5.391877431429202 
6 0 245.27003214780603 
6 1 665.8332680118928 
6 2 189.25411046863647 
6 3 25.75114513886575 
6 4 230.54303486725883 
6 5 96.99818662506537 
6 7 330.77484739009657 
6 8 43.181818533042495 
7 0 25.86890645371585 
7 1 49.948177327105505 
7 2 34.745177648329005 
7 3 2.716002272433903 
7 4 19.483042270752303 
7 5 13.773959245367982 
7 6 8.269371184752412 
7 8 7.927753602778998 
8 0 275.27236225495045 
8 1 260.8243216089077 
8 2 567.9552539109563 
8 3 28.90111968050747 
8 4 142.8383413854248 
8 5 194.1075875314513 
8 6 43.18181853304251 
8 7 317.1101441111599 
P 
0 1.0 4.140261627563862 4.140261627563862 
1 1.0 44.51061176850168 44.51061176850168 
2 1.0 47.473932384466096 47.473932384466096 
3 0.0 -3.9634760652734946 -3.9634760652734946 
4 0.0 -50.86951426405272 -50.86951426405272 
5 0.0 -51.27342179384201 -51.27342179384201 
6 0.0 -6.134268491053855 -6.134268491053855 
7 0.0 -50.5409484799441 -50.5409484799441 
8 0.0 -9.019379441637328 -9.019379441637328 
Alfa 
0 1.0575296108291032 
1 3.90625 
2 8.305647840531561 
3 250.0 
4 5.0 
5 6.944444444444445 
6 250.0 
7 6.25 
8 250.0 
Gamma 
0 1 0.09748565516880836 
0 2 0.10467162486708692 
0 3 -0.043771483562089264 
0 4 -0.012876260796517824 
0 5 -0.001290597068430932 
0 6 0.09748565516880858 
0 7 0.11760446597471841 
0 8 0.10467162486708692 
1 0 0.09748565516880858 
1 2 0.009937932651100656 
1 3 0.09748565516880858 
1 4 0.04930118030095709 
1 5 0.09150069579181563 
1 6 -0.055676104948373606 
1 7 -0.024481717006506143 
1 8 0.009937932651100656 
2 0 0.10467162486708692 
2 1 0.009937932651100656 
2 3 0.10467162486708692 
2 4 0.10068394496155952 
2 5 0.027206496921059253 
2 6 0.009937932651100656 
2 7 -0.027284622470522546 
2 8 -0.06965594396648589 
3 0 -0.043771483562089264 
3 1 0.09748565516880836 
3 2 0.10467162486708692 
3 4 -0.012876260796517824 
3 5 -0.001290597068430932 
3 6 0.09748565516880858 
3 7 0.11760446597471841 
3 8 0.10467162486708692 
4 0 -0.012876260796517824 
4 1 0.04930118030095709 
4 2 0.10068394496155952 
4 3 -0.012876260796517824 
4 5 0.03443093583922385 
4 6 0.04930118030095709 
4 7 0.08191838831880927 
4 8 0.10068394496155952 
5 0 -0.001290597068430932 
5 1 0.09150069579181563 
5 2 0.027206496921059253 
5 3 -0.001290597068430932 
5 4 0.03443093583922385 
5 6 0.09150069579181563 
5 7 0.07071597831347787 
5 8 0.027206496921059253 
6 0 0.09748565516880858 
6 1 -0.055676104948373606 
6 2 0.009937932651100656 
6 3 0.09748565516880858 
6 4 0.04930118030095709 
6 5 0.09150069579181563 
6 7 -0.024481717006506143 
6 8 0.009937932651100656 
7 0 0.11760446597471863 
7 1 -0.024481717006506143 
7 2 -0.027284622470522546 
7 3 0.11760446597471863 
7 4 0.08191838831880927 
7 5 0.07071597831347787 
7 6 -0.024481717006506143 
7 8 -0.027284622470522546 
8 0 0.10467162486708692 
8 1 0.009937932651100656 
8 2 -0.06965594396648589 
8 3 0.10467162486708692 
8 4 0.10068394496155952 
8 5 0.027206496921059253 
8 6 0.009937932651100656 
8 7 -0.027284622470522546 
