3 6 6 
K 
0 1 48.72098467357517 
0 2 32.970092513489426 
1 0 179.96313713801825 
1 2 71.47418230739133 
2 0 258.94119170062794 
2 1 151.97168331139687 
P 
0 1.0 -12.40559038740063 -12.40559038740063 
1 1.0 25.667380029736297 25.667380029736297 
2 1.0 30.840953524747214 30.840953524747214 
Alfa 
0 1.0575296108291032 
1 3.90625 
2 8.305647840531561 
Gamma 
0 1 -0.18666035116244384 
0 2 -0.18638593119852231 
1 0 -0.18666035116244384 
1 2 -0.19744887154747448 
2 0 -0.18638593119852231 
2 1 -0.19744887154747426 
