12 24 12 
K 
0 3 134.92557115253808 
1 4 254.13587518077813 
2 5 350.097707534246 
3 0 127.58562008184002 
3 6 1679.585633113477 
4 1 65.0587840462792 
4 9 1562.300438324276 
5 2 42.15176398712322 
5 11 1678.302786322866 
6 3 1679.585633113477 
6 7 1082.4665869514695 
6 8 1008.6977614664748 
7 6 1082.4665869514693 
7 9 569.6382684413991 
8 6 1008.6977614664748 
8 11 550.0422821387599 
9 4 1562.300438324276 
9 7 569.6382684413991 
9 10 1327.477095474969 
10 9 1327.477095474969 
10 11 955.0417567249028 
11 5 1678.302786322866 
11 8 550.04228213876 
11 10 955.0417567249028 
P 
0 1.0 5.661245644793789 5.661245644793789 
1 1.0 48.007462737669016 48.007462737669016 
2 1.0 53.22964296780048 53.22964296780048 
3 0.0 -0.0 -0.0 
4 0.0 -0.0 -0.0 
5 0.0 -0.0 -0.0 
6 0.0 -315.81209736884273 -315.81209736884273 
7 0.0 -238.8849273074603 -238.8849273074603 
8 0.0 -307.501653205378 -307.501653205378 
9 0.0 -272.81940012721225 -272.81940012721225 
10 0.0 -271.5201280321244 -271.5201280321244 
11 0.0 -240.49394349509794 -240.49394349509794 
Alfa 
0 1.0575296108291032 
1 3.90625 
2 8.305647840531561 
3 0.0 
4 0.0 
5 0.0 
6 0.0 
7 0.0 
8 0.0 
9 0.0 
10 0.0 
11 0.0 
Gamma 
6 7 0.11710874456686438 
6 8 0.18272156076209756 
7 6 0.11710874456686438 
7 9 0.19620081728811645 
8 6 0.18272156076209756 
8 11 0.22550963518842404 
9 7 0.19620081728811645 
9 10 0.11751164543144554 
10 9 0.11751164543144554 
10 11 0.11751164543144554 
11 8 0.22550963518842404 
11 10 0.11751164543144554 
