9 72 72 
K 
0 1 35.358888189190104 
0 2 23.671254660737613 
0 3 4.686351244676033 
0 4 23.89950845960907 
0 5 16.393479858021145 
0 6 4.234063660040713 
0 7 19.921291950774684 
0 8 4.347239234212551 
1 0 130.6068932488209 
1 2 49.144200192344805 
1 3 8.140464943628972 
1 4 46.037537064575865 
1 5 30.312950723515854 
1 6 9.854003499599022 
1 7 44.25410446329158 
1 8 9.025360010363727 
2 0 185.90978743516195 
2 1 104.49265157176306 
2 3 11.58738309784512 
2 4 62.801076215244294 
2 5 45.153751051953094 
2 6 12.51251273496085 
2 7 61.988220072959244 
2 8 14.462451332499384 
3 0 1107.8534342414139 
3 1 520.9897563922542 
3 2 348.78023124513794 
3 4 352.14339952218813 
3 5 241.54704842396197 
3 6 62.386118675199015 
3 7 293.52701886215056 
3 8 64.05368566717718 
4 0 112.99687599703171 
4 1 58.9280474426571 
4 2 37.80624788157706 
4 3 7.042867990443765 
4 5 25.147443942821166 
4 6 7.056361696078102 
4 7 32.61743283983065 
4 8 6.943138690563839 
5 0 107.6505177343388 
5 1 53.8896901751393 
5 2 37.75355296288299 
5 3 6.709640233998944 
5 4 34.9270054761405 
5 6 6.453041668068259 
5 7 30.95595949075332 
5 8 6.933461239103251 
6 0 1000.9326492336241 
6 1 630.6562239743374 
6 2 376.62663332232154 
6 3 62.38611867519903 
6 4 352.8180848039051 
6 5 232.30950005045733 
6 7 339.1503841647644 
6 8 69.16769307306167 
7 0 117.73483542907833 
7 1 70.80656714126653 
7 2 46.64613560490182 
7 3 7.338175471553765 
7 4 40.7717910497883 
7 5 27.860363541677994 
7 6 8.47875960411911 
7 8 8.566589043645958 
8 0 1027.6873549678469 
8 1 577.6230406632785 
8 2 435.3197851082314 
8 3 64.05368566717718 
8 4 347.1569345281918 
8 5 249.60460460771708 
8 6 69.16769307306166 
8 7 342.66356174583836 
P 
0 1.0 5.118750032136354 5.118750032136354 
1 1.0 46.58182029919621 46.58182029919621 
2 1.0 51.28221233930581 51.28221233930581 
3 0.0 -0.49820711468597795 -0.49820711468597795 
4 0.0 -47.65030045477775 -47.65030045477775 
5 0.0 -47.73104420469423 -47.73104420469423 
6 0.0 -1.30830244876906 -1.30830244876906 
7 0.0 -47.97130329380018 -47.97130329380018 
8 0.0 -1.9770288991129283 -1.9770288991129283 
Alfa 
0 1.0575296108291032 
1 3.90625 
2 8.305647840531561 
3 250.0 
4 5.0 
5 6.944444444444445 
6 250.0 
7 6.25 
8 250.0 
Gamma 
0 1 0.011316636037350003 
0 2 0.010017849977546733 
0 3 -0.007215198335062789 
0 4 -0.0018267679619152766 
0 5 -0.0022315716871474933 
0 6 0.011316636037350003 
0 7 0.011646140523024595 
0 8 0.010017849977546733 
1 0 0.011316636037350003 
1 2 -0.007116878823647532 
1 3 0.011316636037350003 
1 4 0.005061245431852379 
1 5 0.005567663531991229 
1 6 -0.01732520619964939 
1 7 -0.01242877717886004 
1 8 -0.007116878823647532 
2 0 0.010017849977546733 
2 1 -0.007116878823647532 
2 3 0.010017849977546733 
2 4 0.006536671904645797 
2 5 -0.001528171653742083 
2 6 -0.007116878823647532 
2 7 -0.01417485531160434 
2 8 -0.024731851105572078 
3 0 -0.007215198335062789 
3 1 0.011316636037350003 
3 2 0.010017849977546733 
3 4 -0.0018267679619152766 
3 5 -0.0022315716871474933 
3 6 0.011316636037350003 
3 7 0.011646140523024595 
3 8 0.010017849977546733 
4 0 -0.0018267679619152766 
4 1 0.005061245431852379 
4 2 0.006536671904645797 
4 3 -0.0018267679619154986 
4 5 0.0009370266142891825 
4 6 0.005061245431852379 
4 7 0.006544375024641447 
4 8 0.006536671904645797 
5 0 -0.0022315716871474933 
5 1 0.005567663531991451 
5 2 -0.001528171653742083 
5 3 -0.0022315716871477154 
5 4 0.0009370266142891825 
5 6 0.005567663531991451 
5 7 0.0033757934736682316 
5 8 -0.001528171653742083 
6 0 0.011316636037350003 
6 1 -0.01732520619964939 
6 2 -0.007116878823647532 
6 3 0.011316636037350003 
6 4 0.005061245431852379 
6 5 0.005567663531991229 
6 7 -0.01242877717886004 
6 8 -0.007116878823647532 
7 0 0.011646140523024595 
7 1 -0.01242877717886004 
7 2 -0.01417485531160434 
7 3 0.011646140523024595 
7 4 0.006544375024641447 
7 5 0.0033757934736682316 
7 6 -0.01242877717886004 
7 8 -0.01417485531160434 
8 0 0.010017849977546733 
8 1 -0.007116878823647532 
8 2 -0.024731851105572078 
8 3 0.010017849977546733 
8 4 0.006536671904645797 
8 5 -0.001528171653742083 
8 6 -0.007116878823647532 
8 7 -0.01417485531160434 
