3 6 6 
K 
0 1 63.796981572294385 
0 2 42.75694480938511 
1 0 235.65010068266238 
1 2 89.33798516890066 
2 0 335.8053738517823 
2 1 189.95451996045327 
P 
0 1.0 -22.182099151929457 -22.182099151929457 
1 1.0 15.457737832181296 15.457737832181296 
2 1.0 21.530379908970193 21.530379908970193 
Alfa 
0 1.0575296108291032 
1 3.90625 
2 8.305647840531561 
Gamma 
0 1 -0.2297166929451644 
0 2 -0.23004516189947632 
1 0 -0.2297166929451644 
1 2 -0.2373943852442244 
2 0 -0.23004516189947632 
2 1 -0.2373943852442244 
