12 24 12 
K 
0 3 134.92557115253808 
1 4 254.13587518077813 
2 5 350.097707534246 
3 0 127.58562008184002 
3 6 1498.7071803166411 
4 1 65.0587840462792 
4 9 1394.0526988124311 
5 2 42.15176398712322 
5 11 1497.5624862573266 
6 3 1498.7071803166411 
6 7 965.8932622028495 
6 8 900.0687717700856 
7 6 965.8932622028497 
7 9 508.29260876309485 
8 6 900.0687717700856 
8 11 490.80695944689364 
9 4 1394.0526988124311 
9 7 508.29260876309485 
9 10 1184.518023654588 
10 9 1184.518023654588 
10 11 852.1911060006826 
11 5 1497.5624862573266 
11 8 490.80695944689364 
11 10 852.1911060006826 
P 
0 1.0 5.661245644793789 5.661245644793789 
1 1.0 48.007462737669016 48.007462737669016 
2 1.0 53.22964296780048 53.22964296780048 
3 0.0 -0.0 -0.0 
4 0.0 -0.0 -0.0 
5 0.0 -0.0 -0.0 
6 0.0 -281.8015638060443 -281.8015638060443 
7 0.0 -214.1738343008936 -214.1738343008936 
8 0.0 -275.1168733359108 -275.1168733359108 
9 0.0 -243.43884934428166 -243.43884934428166 
10 0.0 -243.09147972990039 -243.09147972990039 
11 0.0 -214.59459573408742 -214.59459573408742 
Alfa 
0 1.0575296108291032 
1 3.90625 
2 8.305647840531561 
3 0.0 
4 0.0 
5 0.0 
6 0.0 
7 0.0 
8 0.0 
9 0.0 
10 0.0 
11 0.0 
Gamma 
6 7 0.11710874456686438 
6 8 0.18272156076209756 
7 6 0.11710874456686438 
7 9 0.19620081728811645 
8 6 0.18272156076209756 
8 11 0.22550963518842404 
9 7 0.19620081728811645 
9 10 0.11751164543144554 
10 9 0.11751164543144554 
10 11 0.11751164543144554 
11 8 0.22550963518842404 
11 10 0.11751164543144554 
