3 6 6 
K 
0 1 177.31911975324212 
0 2 117.44128826539601 
1 0 654.9724985885382 
1 2 234.02003324974143 
2 0 922.3628088352035 
2 1 497.58412385327085 
P 
0 1.0 -186.98811329685807 -186.98811329685807 
1 1.0 -158.83654148592544 -158.83654148592544 
2 1.0 -140.55141971593264 -140.55141971593264 
Alfa 
0 1.0575296108291032 
1 3.90625 
2 8.305647840531561 
Gamma 
0 1 -0.6206483777085149 
0 2 -0.6216388075809431 
1 0 -0.6206483777085148 
1 2 -0.6236425835479299 
2 0 -0.6216388075809431 
2 1 -0.6236425835479298 
