9 72 72 
K 
0 1 23.63388062606403 
0 2 16.17491336800111 
0 3 3.774421623589836 
0 4 18.000451365567358 
0 5 12.440058642868655 
0 6 2.915528696224309 
0 7 13.612370659256948 
0 8 3.0273798152569236 
1 0 87.297646562524 
1 2 36.40275459947437 
1 3 5.73511672974726 
1 4 34.39881634699223 
1 5 21.62256739216827 
1 6 8.40445002685288 
1 7 35.58891198915311 
1 8 6.813326413989873 
2 0 127.0348677805801 
2 1 77.40120579290233 
2 3 8.345698013151246 
2 4 45.31958363160041 
2 5 34.94512282726295 
2 6 9.5483869188499 
2 7 50.003662663095525 
2 8 12.76202667058815 
3 0 892.2732718166371 
3 1 367.04747070382484 
3 2 251.2055101958526 
3 4 279.55714297601725 
3 5 193.20111379578495 
3 6 45.27980193542056 
3 7 211.40777935778692 
3 8 47.01691278005423 
4 0 85.10613405640247 
4 1 44.03048492415005 
4 2 27.282389346223447 
4 3 5.591142859520345 
4 5 19.192292525040514 
4 6 5.431699699940908 
4 7 24.34223758832485 
4 8 5.106312036399137 
5 0 81.68971842150417 
5 1 38.44011980829916 
5 2 29.21800547501709 
5 3 5.36669760543847 
5 4 26.655961840334047 
5 6 4.742059679517864 
5 7 23.17821898385264 
5 8 5.468591886997175 
6 0 689.2309837874266 
6 1 537.8848017185842 
6 2 287.40644625738196 
6 3 45.27980193542054 
6 4 271.58498499704547 
6 5 170.71414846264307 
6 7 280.9810090887167 
6 8 53.79246580050445 
7 0 80.44911059620857 
7 1 56.94225918264496 
7 2 37.627756153979384 
7 3 5.285194483944672 
7 4 30.427796985406058 
7 5 20.86039708546737 
7 6 7.024525227217913 
7 8 7.042603993126925 
8 0 715.6725883267366 
8 1 436.0528904953519 
8 2 384.13700278470327 
8 3 47.016912780054234 
8 4 255.31560181995695 
8 5 196.86930793189825 
8 6 53.79246580050445 
8 7 281.704159725077 
P 
0 1.0 4.6520024599658205 4.6520024599658205 
1 1.0 45.964081490290575 45.964081490290575 
2 1.0 50.44957375472236 50.44957375472236 
3 0.0 -1.0297285391416269 -1.0297285391416269 
4 0.0 -48.0729950748698 -48.0729950748698 
5 0.0 -48.12795780404541 -48.12795780404541 
6 0.0 -1.9901872650483783 -1.9901872650483783 
7 0.0 -48.36594524886173 -48.36594524886173 
8 0.0 -2.931379182338405 -2.931379182338405 
Alfa 
0 1.0575296108291032 
1 3.90625 
2 8.305647840531561 
3 250.0 
4 5.0 
5 6.944444444444445 
6 250.0 
7 6.25 
8 250.0 
Gamma 
0 1 0.02454276308836212 
0 2 0.023790284617961843 
0 3 -0.01756739951816 
0 4 -0.005935877904706066 
0 5 -0.004567541420649857 
0 6 0.02454276308836212 
0 7 0.026551343832576624 
0 8 0.023790284617961843 
1 0 0.02454276308836212 
1 2 -0.008556239648429331 
1 3 0.02454276308836212 
1 4 0.012208927008918513 
1 5 0.016262181308648982 
1 6 -0.029997669985163622 
1 7 -0.019843045418486582 
1 8 -0.008556239648429331 
2 0 0.023790284617961843 
2 1 -0.008556239648429331 
2 3 0.023790284617961843 
2 4 0.01824219411774397 
2 5 0.0020479559507902145 
2 6 -0.008556239648429331 
2 7 -0.021910552331674493 
2 8 -0.04078320067036234 
3 0 -0.01756739951816 
3 1 0.02454276308836212 
3 2 0.023790284617961843 
3 4 -0.005935877904706066 
3 5 -0.004567541420649857 
3 6 0.02454276308836212 
3 7 0.026551343832576624 
3 8 0.023790284617961843 
4 0 -0.005935877904706288 
4 1 0.012208927008918735 
4 2 0.01824219411774397 
4 3 -0.005935877904706066 
4 5 0.0038230563079006963 
4 6 0.012208927008918513 
4 7 0.016949967441562963 
4 8 0.01824219411774397 
5 0 -0.004567541420649857 
5 1 0.016262181308648982 
5 2 0.0020479559507902145 
5 3 -0.004567541420649857 
5 4 0.0038230563079006963 
5 6 0.01626218130864876 
5 7 0.01219505000925225 
5 8 0.0020479559507902145 
6 0 0.02454276308836212 
6 1 -0.029997669985163622 
6 2 -0.008556239648429331 
6 3 0.02454276308836212 
6 4 0.012208927008918513 
6 5 0.016262181308648982 
6 7 -0.019843045418486582 
6 8 -0.008556239648429331 
7 0 0.026551343832576624 
7 1 -0.01984304541848636 
7 2 -0.021910552331674493 
7 3 0.026551343832576624 
7 4 0.016949967441562963 
7 5 0.01219505000925225 
7 6 -0.019843045418486582 
7 8 -0.021910552331674493 
8 0 0.023790284617961843 
8 1 -0.008556239648429331 
8 2 -0.04078320067036234 
8 3 0.023790284617961843 
8 4 0.01824219411774397 
8 5 0.0020479559507902145 
8 6 -0.008556239648429331 
8 7 -0.021910552331674493 
