3 6 6 
K 
0 1 170.92042828923422 
0 2 113.2242692149749 
1 0 631.3373319933586 
1 2 225.7888623507364 
2 0 889.2430977548198 
2 1 480.08263091186484 
P 
0 1.0 -173.56927311039564 -173.56927311039564 
1 1.0 -144.72120811730076 -144.72120811730076 
2 1.0 -127.44096072432495 -127.44096072432495 
Alfa 
0 1.0575296108291032 
1 3.90625 
2 8.305647840531561 
Gamma 
0 1 -0.5960726559231279 
0 2 -0.5970533784099293 
1 0 -0.5960726559231281 
1 2 -0.5991479990258552 
2 0 -0.5970533784099291 
2 1 -0.5991479990258549 
