12 24 12 
K 
0 3 134.92557115253808 
1 4 254.13587518077813 
2 5 350.097707534246 
3 0 127.58562008184002 
3 6 2377.2596653298483 
4 1 65.0587840462792 
4 9 2211.2560050128254 
5 2 42.15176398712322 
5 11 2375.443943718522 
6 3 2377.2596653298483 
6 7 1532.1065538390053 
6 8 1427.6952931525518 
7 6 1532.1065538390053 
7 9 806.2572414862898 
8 6 1427.6952931525516 
8 11 778.5213839502462 
9 4 2211.2560050128254 
9 7 806.2572414862898 
9 10 1878.8906582107286 
10 9 1878.8906582107286 
10 11 1351.7514095183265 
11 5 2375.443943718522 
11 8 778.5213839502462 
11 10 1351.7514095183265 
P 
0 1.0 5.661245644793789 5.661245644793789 
1 1.0 48.007462737669016 48.007462737669016 
2 1.0 53.22964296780048 53.22964296780048 
3 0.0 -0.0 -0.0 
4 0.0 -0.0 -0.0 
5 0.0 -0.0 -0.0 
6 0.0 -446.995583968209 -446.995583968209 
7 0.0 -334.19914318993244 -334.19914318993244 
8 0.0 -432.414375559038 -432.414375559038 
9 0.0 -386.14438171851646 -386.14438171851646 
10 0.0 -381.173485769275 -381.173485769275 
11 0.0 -340.3914277161393 -340.3914277161393 
Alfa 
0 1.0575296108291032 
1 3.90625 
2 8.305647840531561 
3 0.0 
4 0.0 
5 0.0 
6 0.0 
7 0.0 
8 0.0 
9 0.0 
10 0.0 
11 0.0 
Gamma 
6 7 0.11710874456686438 
6 8 0.18272156076209756 
7 6 0.11710874456686438 
7 9 0.19620081728811645 
8 6 0.18272156076209756 
8 11 0.22550963518842404 
9 7 0.19620081728811645 
9 10 0.11751164543144554 
10 9 0.11751164543144554 
10 11 0.11751164543144554 
11 8 0.22550963518842404 
11 10 0.11751164543144554 
