12 24 12 
K 
0 3 134.92557115253808 
1 4 254.13587518077813 
2 5 350.097707534246 
3 0 127.58562008184002 
3 6 1059.4309378100402 
4 1 65.0587840462792 
4 9 985.4510457122362 
5 2 42.15176398712322 
5 11 1058.6217575267315 
6 3 1059.4309378100402 
6 7 682.7866163847734 
6 8 636.2555110788539 
7 6 682.7866163847734 
7 9 359.31029240149826 
8 6 636.2555110788539 
8 11 346.9497471952181 
9 4 985.4510457122362 
9 7 359.3102924014983 
9 10 837.3317063765195 
10 9 837.3317063765194 
10 11 602.4109542418621 
11 5 1058.6217575267315 
11 8 346.9497471952181 
11 10 602.4109542418621 
P 
0 1.0 5.661245644793789 5.661245644793789 
1 1.0 48.007462737669016 48.007462737669016 
2 1.0 53.22964296780048 53.22964296780048 
3 0.0 -0.0 -0.0 
4 0.0 -0.0 -0.0 
5 0.0 -0.0 -0.0 
6 0.0 -199.2045537249625 -199.2045537249625 
7 0.0 -154.1611798563745 -154.1611798563745 
8 0.0 -196.4681222243477 -196.4681222243477 
9 0.0 -172.08608315716475 -172.08608315716475 
10 0.0 -174.05047671021353 -174.05047671021353 
11 0.0 -151.69617974306186 -151.69617974306186 
Alfa 
0 1.0575296108291032 
1 3.90625 
2 8.305647840531561 
3 0.0 
4 0.0 
5 0.0 
6 0.0 
7 0.0 
8 0.0 
9 0.0 
10 0.0 
11 0.0 
Gamma 
6 7 0.11710874456686438 
6 8 0.18272156076209756 
7 6 0.11710874456686438 
7 9 0.19620081728811645 
8 6 0.18272156076209756 
8 11 0.22550963518842404 
9 7 0.19620081728811645 
9 10 0.11751164543144554 
10 9 0.11751164543144554 
10 11 0.11751164543144554 
11 8 0.22550963518842404 
11 10 0.11751164543144554 
