9 72 72 
K 
0 1 45.98504213429712 
0 2 30.589569938842295 
0 3 5.764075283481417 
0 4 30.01523675368427 
0 5 20.542206803334526 
0 6 5.460917999490601 
0 7 25.746284160119256 
0 8 5.588330069433308 
1 0 169.85724938356 
1 2 61.94760126453722 
1 3 10.430082827417198 
1 4 57.97047344093695 
1 5 38.67806437092702 
1 6 11.891490446583385 
1 7 54.413422299756824 
1 8 11.31704837851604 
2 0 240.24499446984447 
2 1 131.71582993124196 
2 3 14.752241663436418 
2 4 79.85738661104362 
2 5 56.274711800162365 
2 6 15.641811186966228 
2 7 76.18160394427436 
2 8 17.26481518470447 
3 0 1362.6273970150064 
3 1 667.5253009547004 
3 2 444.0424740694361 
3 4 435.70537325410504 
3 5 298.1935460366229 
3 6 79.27144919108643 
3 7 373.7366605483818 
3 8 81.12098061231205 
4 0 141.9120393714192 
4 1 74.20220600439927 
4 2 48.074146739848246 
4 3 8.714107465082103 
4 5 31.473225733297813 
4 6 8.811825401571467 
4 7 41.08956877746721 
4 8 8.782542557014152 
5 0 134.89382467523006 
5 1 68.76100332609246 
5 2 47.05191181069131 
5 3 8.283154056572858 
5 4 43.712813518469204 
5 6 8.165659599264185 
5 7 38.962308264697185 
5 8 8.595793079854 
6 0 1290.9610150795781 
6 1 761.0553885813363 
6 2 470.8185167276832 
6 3 79.27144919108645 
6 4 440.5912700785734 
6 5 293.96374557351066 
6 7 413.5567197807613 
6 8 86.01262716460663 
7 0 152.1605393863048 
7 1 87.06147567961095 
7 2 57.32665696806642 
7 3 9.343416513709547 
7 4 51.36196097183401 
7 5 35.06607743822747 
7 6 10.338917994519036 
7 8 10.47285991778342 
8 0 1321.0812284140338 
8 1 724.2910962250265 
8 2 519.6709370596044 
8 3 81.12098061231205 
8 4 439.1271278507076 
8 5 309.4485508747439 
8 6 86.01262716460663 
8 7 418.9143967113368 
P 
0 1.0 5.3122436917230615 5.3122436917230615 
1 1.0 46.735485750311135 46.735485750311135 
2 1.0 51.45736883976772 51.45736883976772 
3 0.0 -0.3110875783132374 -0.3110875783132374 
4 0.0 -47.532261579034326 -47.532261579034326 
5 0.0 -47.6363958021605 -47.6363958021605 
6 0.0 -1.1480409017678588 -1.1480409017678588 
7 0.0 -47.88797579649305 -47.88797579649305 
8 0.0 -1.7803883733619503 -1.7803883733619503 
Alfa 
0 1.0575296108291032 
1 3.90625 
2 8.305647840531561 
3 250.0 
4 5.0 
5 6.944444444444445 
6 250.0 
7 6.25 
8 250.0 
Gamma 
0 1 0.007018834647475547 
0 2 0.005583061969277603 
0 3 -0.0037179443395802814 
0 4 -0.0006471429304593102 
0 5 -0.0015884014150344683 
0 6 0.007018834647475769 
0 7 0.006887787173608828 
0 8 0.005583061969277603 
1 0 0.007018834647475547 
1 2 -0.006555380434707381 
1 3 0.007018834647475547 
1 4 0.002585454601879089 
1 5 0.002157278252457262 
1 6 -0.012702924279843542 
1 7 -0.009753019007957553 
1 8 -0.006555380434707381 
2 0 0.005583061969277603 
2 1 -0.006555380434707381 
2 3 0.005583061969277603 
2 4 0.00283679205641163 
2 5 -0.0028705677150926423 
2 6 -0.006555380434707381 
2 7 -0.01143884526974781 
2 8 -0.018754396834410825 
3 0 -0.0037179443395802814 
3 1 0.007018834647475547 
3 2 0.005583061969277603 
3 4 -0.0006471429304593102 
3 5 -0.0015884014150344683 
3 6 0.007018834647475769 
3 7 0.00688778717360905 
3 8 0.005583061969277603 
4 0 -0.0006471429304593102 
4 1 0.002585454601879089 
4 2 0.00283679205641163 
4 3 -0.0006471429304593102 
4 5 -8.141338890421679e-05 
4 6 0.002585454601879089 
4 7 0.003162273589246256 
4 8 0.00283679205641163 
5 0 -0.0015884014150344683 
5 1 0.002157278252457262 
5 2 -0.0028705677150926423 
5 3 -0.0015884014150344683 
5 4 -8.141338890421679e-05 
5 6 0.002157278252457262 
5 7 0.0004809444900208959 
5 8 -0.0028705677150926423 
6 0 0.007018834647475547 
6 1 -0.012702924279843542 
6 2 -0.006555380434707381 
6 3 0.007018834647475547 
6 4 0.002585454601879089 
6 5 0.002157278252457262 
6 7 -0.009753019007957553 
6 8 -0.006555380434707381 
7 0 0.00688778717360905 
7 1 -0.009753019007957553 
7 2 -0.01143884526974781 
7 3 0.006887787173608828 
7 4 0.003162273589246256 
7 5 0.0004809444900208959 
7 6 -0.009753019007957553 
7 8 -0.01143884526974781 
8 0 0.005583061969277603 
8 1 -0.006555380434707381 
8 2 -0.018754396834410825 
8 3 0.005583061969277603 
8 4 0.00283679205641163 
8 5 -0.0028705677150926423 
8 6 -0.006555380434707381 
8 7 -0.01143884526974781 
