3 6 6 
K 
0 1 54.88730331412392 
0 2 36.957319848944124 
1 0 202.73997661654525 
1 2 78.61847989502556 
2 0 290.2561598767573 
2 1 167.1622163880942 
P 
0 1.0 -16.017482641848567 -16.017482641848567 
1 1.0 21.938752479579232 21.938752479579232 
2 1.0 27.480512705525708 27.480512705525708 
Alfa 
0 1.0575296108291032 
1 3.90625 
2 8.305647840531561 
Gamma 
0 1 -0.20354155380077588 
0 2 -0.20358672940128986 
1 0 -0.20354155380077588 
1 2 -0.2127932814482154 
2 0 -0.20358672940128986 
2 1 -0.21279328144821563 
