12 24 12 
K 
0 3 134.92557115253808 
1 4 254.13587518077813 
2 5 350.097707534246 
3 0 127.58562008184002 
3 6 64.59944742744156 
4 1 65.0587840462792 
4 9 60.08847839708768 
5 2 42.15176398712322 
5 11 64.55010716626421 
6 3 64.59944742744156 
6 7 41.6333302673643 
6 8 38.79606774871066 
7 6 41.63333026736429 
7 9 21.9091641708231 
8 6 38.79606774871066 
8 11 21.155472389952354 
9 4 60.08847839708768 
9 7 21.9091641708231 
9 10 51.056811364422 
10 9 51.05681136442199 
10 11 36.73237525865019 
11 5 64.55010716626421 
11 8 21.15547238995235 
11 10 36.732375258650194 
P 
0 1.0 5.661245644793789 5.661245644793789 
1 1.0 48.007462737669016 48.007462737669016 
2 1.0 53.22964296780048 53.22964296780048 
3 0.0 -0.0 -0.0 
4 0.0 -0.0 -0.0 
5 0.0 -0.0 -0.0 
6 0.0 -12.146619129570903 -12.146619129570903 
7 0.0 -18.250168320257508 -18.250168320257508 
8 0.0 -18.35183294227798 -18.35183294227798 
9 0.0 -10.493053851046648 -10.493053851046648 
10 0.0 -17.69291104798125 -17.69291104798125 
11 0.0 -9.249767057503787 -9.249767057503787 
Alfa 
0 1.0575296108291032 
1 3.90625 
2 8.305647840531561 
3 0.0 
4 0.0 
5 0.0 
6 0.0 
7 0.0 
8 0.0 
9 0.0 
10 0.0 
11 0.0 
Gamma 
6 7 0.11710874456686438 
6 8 0.18272156076209756 
7 6 0.11710874456686438 
7 9 0.19620081728811645 
8 6 0.18272156076209756 
8 11 0.22550963518842404 
9 7 0.19620081728811645 
9 10 0.11751164543144554 
10 9 0.11751164543144554 
10 11 0.11751164543144554 
11 8 0.22550963518842404 
11 10 0.11751164543144554 
