3 6 6 
K 
0 1 79.05392248832608 
0 2 52.74485558822773 
1 0 292.00542619125446 
1 2 108.2761972795592 
2 0 414.24863325770883 
2 1 230.22181481368068 
P 
0 1.0 -35.16078387114641 -35.16078387114641 
1 1.0 1.6825563031912776 1.6825563031912776 
2 1.0 8.753854995803213 8.753854995803213 
Alfa 
0 1.0575296108291032 
1 3.90625 
2 8.305647840531561 
Gamma 
0 1 -0.2771565378251879 
0 2 -0.27774582354902 
1 0 -0.2771565378251881 
1 2 -0.28317690027247666 
2 0 -0.27774582354902 
2 1 -0.28317690027247666 
