3 6 6 
K 
0 1 50.54014515744229 
0 2 34.14339684234727 
1 0 186.68266117530243 
1 2 73.55100249496901 
2 0 268.15611340634206 
2 1 156.38751361056538 
P 
0 1.0 -13.41298718068633 -13.41298718068633 
1 1.0 24.636550363296372 24.636550363296372 
2 1.0 29.920399971174604 29.920399971174604 
Alfa 
0 1.0575296108291032 
1 3.90625 
2 8.305647840531561 
Gamma 
0 1 -0.19149622557667545 
0 2 -0.1913313432003143 
1 0 -0.19149622557667545 
1 2 -0.20178402390236116 
2 0 -0.1913313432003143 
2 1 -0.2017840239023614 
