12 24 12 
K 
0 3 134.92557115253808 
1 4 254.13587518077813 
2 5 350.097707534246 
3 0 127.58562008184002 
3 6 1640.8259646570118 
4 1 65.0587840462792 
4 9 1526.2473512860236 
5 2 42.15176398712322 
5 11 1639.5727220231074 
6 3 1640.8259646570118 
6 7 1057.486588791051 
6 8 985.4201208172486 
7 6 1057.4865887910505 
7 9 556.4927699389053 
8 6 985.4201208172486 
8 11 537.3489987047885 
9 4 1526.2473512860236 
9 7 556.4927699389056 
9 10 1296.8430086563158 
10 9 1296.8430086563158 
10 11 933.0023315697126 
11 5 1639.5727220231074 
11 8 537.3489987047885 
11 10 933.0023315697126 
P 
0 1.0 5.661245644793789 5.661245644793789 
1 1.0 48.007462737669016 48.007462737669016 
2 1.0 53.22964296780048 53.22964296780048 
3 0.0 -0.0 -0.0 
4 0.0 -0.0 -0.0 
5 0.0 -0.0 -0.0 
6 0.0 -308.5241258911002 -308.5241258911002 
7 0.0 -233.5896930917674 -233.5896930917674 
8 0.0 -300.56205751906356 -300.56205751906356 
9 0.0 -266.52356781658426 -266.52356781658426 
10 0.0 -265.42827482450497 -265.42827482450497 
11 0.0 -234.9440832605957 -234.9440832605957 
Alfa 
0 1.0575296108291032 
1 3.90625 
2 8.305647840531561 
3 0.0 
4 0.0 
5 0.0 
6 0.0 
7 0.0 
8 0.0 
9 0.0 
10 0.0 
11 0.0 
Gamma 
6 7 0.11710874456686438 
6 8 0.18272156076209756 
7 6 0.11710874456686438 
7 9 0.19620081728811645 
8 6 0.18272156076209756 
8 11 0.22550963518842404 
9 7 0.19620081728811645 
9 10 0.11751164543144554 
10 9 0.11751164543144554 
10 11 0.11751164543144554 
11 8 0.22550963518842404 
11 10 0.11751164543144554 
