12 24 12 
K 
0 3 134.92557115253808 
1 4 254.13587518077813 
2 5 350.097707534246 
3 0 127.58562008184002 
3 6 2196.3812125330096 
4 1 65.0587840462792 
4 9 2043.0082655009778 
5 2 42.15176398712322 
5 11 2194.70364365298 
6 3 2196.3812125330096 
6 7 1415.5332290903839 
6 8 1319.0663034561605 
7 6 1415.5332290903837 
7 9 744.9115818079841 
8 6 1319.0663034561605 
8 11 719.2860612583789 
9 4 2043.0082655009778 
9 7 744.9115818079841 
9 10 1735.931586390345 
10 9 1735.931586390345 
10 11 1248.9007587941044 
11 5 2194.70364365298 
11 8 719.2860612583789 
11 10 1248.9007587941044 
P 
0 1.0 5.661245644793789 5.661245644793789 
1 1.0 48.007462737669016 48.007462737669016 
2 1.0 53.22964296780048 53.22964296780048 
3 0.0 -0.0 -0.0 
4 0.0 -0.0 -0.0 
5 0.0 -0.0 -0.0 
6 0.0 -412.98505040541 -412.98505040541 
7 0.0 -309.4880501833654 -309.4880501833654 
8 0.0 -400.0295956895703 -400.0295956895703 
9 0.0 -356.76383093558553 -356.76383093558553 
10 0.0 -352.7448374670504 -352.7448374670504 
11 0.0 -314.49207995512825 -314.49207995512825 
Alfa 
0 1.0575296108291032 
1 3.90625 
2 8.305647840531561 
3 0.0 
4 0.0 
5 0.0 
6 0.0 
7 0.0 
8 0.0 
9 0.0 
10 0.0 
11 0.0 
Gamma 
6 7 0.11710874456686438 
6 8 0.18272156076209756 
7 6 0.11710874456686438 
7 9 0.19620081728811645 
8 6 0.18272156076209756 
8 11 0.22550963518842404 
9 7 0.19620081728811645 
9 10 0.11751164543144554 
10 9 0.11751164543144554 
10 11 0.11751164543144554 
11 8 0.22550963518842404 
11 10 0.11751164543144554 
