12 24 12 
K 
0 3 134.92557115253808 
1 4 254.13587518077813 
2 5 350.097707534246 
3 0 127.58562008184002 
3 6 994.8314903825986 
4 1 65.0587840462792 
4 9 925.362567315149 
5 2 42.15176398712322 
5 11 994.0716503604674 
6 3 994.8314903825986 
6 7 641.1532861174093 
6 8 597.4594433301434 
7 6 641.1532861174093 
7 9 337.4011282306753 
8 6 597.4594433301432 
8 11 325.79427480526584 
9 4 925.362567315149 
9 7 337.4011282306753 
9 10 786.2748950120975 
10 9 786.2748950120975 
10 11 565.6785789832122 
11 5 994.0716503604674 
11 8 325.7942748052658 
11 10 565.6785789832122 
P 
0 1.0 5.661245644793789 5.661245644793789 
1 1.0 48.007462737669016 48.007462737669016 
2 1.0 53.22964296780048 53.22964296780048 
3 0.0 -0.0 -0.0 
4 0.0 -0.0 -0.0 
5 0.0 -0.0 -0.0 
6 0.0 -187.0579345953916 -187.0579345953916 
7 0.0 -145.3357894968864 -145.3357894968864 
8 0.0 -184.90212941382373 -184.90212941382373 
9 0.0 -161.59302930611813 -161.59302930611813 
10 0.0 -163.89738803084782 -163.89738803084782 
11 0.0 -142.44641268555813 -142.44641268555813 
Alfa 
0 1.0575296108291032 
1 3.90625 
2 8.305647840531561 
3 0.0 
4 0.0 
5 0.0 
6 0.0 
7 0.0 
8 0.0 
9 0.0 
10 0.0 
11 0.0 
Gamma 
6 7 0.11710874456686438 
6 8 0.18272156076209756 
7 6 0.11710874456686438 
7 9 0.19620081728811645 
8 6 0.18272156076209756 
8 11 0.22550963518842404 
9 7 0.19620081728811645 
9 10 0.11751164543144554 
10 9 0.11751164543144554 
10 11 0.11751164543144554 
11 8 0.22550963518842404 
11 10 0.11751164543144554 
