3 6 6 
K 
0 1 26.357800867275213 
0 2 18.843001436714147 
1 0 97.35912695349782 
1 2 49.05175491087999 
2 0 147.98955281193437 
2 1 104.29609017595747 
P 
0 1.0 -4.244695279883822 -4.244695279883822 
1 1.0 32.89781257450285 32.89781257450285 
2 1.0 36.04625818764148 36.04625818764148 
Alfa 
0 1.0575296108291032 
1 3.90625 
2 8.305647840531561 
Gamma 
0 1 -0.15221268514111452 
0 2 -0.14735190572893475 
1 0 -0.15221268514111452 
1 2 -0.17097450270373926 
2 0 -0.14735190572893497 
2 1 -0.17097450270373926 
