9 72 72 
K 
0 1 35.1484616360078 
0 2 23.535000629956755 
0 3 4.666402835654652 
0 4 23.782769033238335 
0 5 16.31452372647505 
0 6 4.209952120823542 
0 7 19.806574003150278 
0 8 4.322922756360765 
1 0 129.82963016800383 
1 2 48.89818857855146 
1 3 8.095755483358069 
1 4 45.80906325957291 
1 5 30.15019468693122 
1 6 9.817617412020624 
1 7 44.065910021861875 
1 8 8.981648034543884 
2 0 184.8396727216538 
2 1 103.96957039957782 
2 3 11.526003671442538 
2 4 62.47044503698221 
2 5 44.94387857291249 
2 6 12.453088784870372 
2 7 61.72573558628822 
2 8 14.413740023236167 
3 0 1103.1376303487602 
3 1 518.1283509349163 
3 2 346.93271051042046 
3 4 350.5850989288809 
3 5 240.4946584071093 
3 6 62.05948847680519 
3 7 291.9714561677825 
3 8 63.724804293501045 
4 0 112.4449319891509 
4 1 58.63560097225334 
4 2 37.60720791226329 
4 3 7.011701978577621 
4 5 25.027344509918464 
4 6 7.023154390803058 
4 7 32.4551477899989 
4 8 6.907714065670383 
5 0 107.13203913718618 
5 1 53.60034611009992 
5 2 37.57807625124073 
5 3 6.680407177975262 
5 4 34.76020070822009 
5 6 6.420050274744295 
5 7 30.802790784392407 
5 8 6.9023631450417815 
6 0 995.2326813626855 
6 1 628.3275143693198 
6 2 374.8379724245983 
6 3 62.05948847680519 
6 4 351.1577195401526 
6 5 231.12180989079454 
6 7 337.7952608429488 
6 8 68.85045921264553 
7 0 117.05685235861813 
7 1 70.50545603497899 
7 2 46.448616028681904 
7 3 7.299286404194566 
7 4 40.5689347374986 
7 5 27.722511705953163 
7 6 8.44488152107372 
7 8 8.531709108019742 
8 0 1021.9389396036856 
8 1 574.8254742108086 
8 2 433.85357469940857 
8 3 63.72480429350109 
8 4 345.3857032835192 
8 5 248.48507322150417 
8 6 68.85045921264556 
8 7 341.26836432078966 
P 
0 1.0 5.113402294850512 5.113402294850512 
1 1.0 46.57628773118865 46.57628773118865 
2 1.0 51.2753848799907 51.2753848799907 
3 0.0 -0.5035829201835356 -0.5035829201835356 
4 0.0 -47.65405450341783 -47.65405450341783 
5 0.0 -47.734306669555366 -47.734306669555366 
6 0.0 -1.3140575539540853 -1.3140575539540853 
7 0.0 -47.97450738344545 -47.97450738344545 
8 0.0 -1.9846089061623744 -1.9846089061623744 
Alfa 
0 1.0575296108291032 
1 3.90625 
2 8.305647840531561 
3 250.0 
4 5.0 
5 6.944444444444445 
6 250.0 
7 6.25 
8 250.0 
Gamma 
0 1 0.01144326707555221 
0 2 0.01014885008484434 
0 3 -0.007320851693898289 
0 4 -0.001865311054526586 
0 5 -0.002253759062296412 
0 6 0.01144326707555221 
0 7 0.011787130255969336 
0 8 0.01014885008484434 
1 0 0.01144326707555221 
1 2 -0.007135072860849467 
1 3 0.01144326707555221 
1 4 0.005132225500910748 
1 5 0.005668111319940161 
1 6 -0.01746141941794721 
1 7 -0.012508817090000957 
1 8 -0.007135072860849467 
2 0 0.01014885008484434 
2 1 -0.007135072860849467 
2 3 0.01014885008484434 
2 4 0.00664606277341373 
2 5 -0.0014913752107661438 
2 6 -0.007135072860849467 
2 7 -0.014257093296295986 
2 8 -0.024906539835994668 
3 0 -0.007320851693898289 
3 1 0.01144326707555221 
3 2 0.01014885008484434 
3 4 -0.001865311054526586 
3 5 -0.002253759062296412 
3 6 0.01144326707555221 
3 7 0.011787130255969336 
3 8 0.01014885008484434 
4 0 -0.001865311054526586 
4 1 0.005132225500910748 
4 2 0.00664606277341373 
4 3 -0.001865311054526586 
4 5 0.0009648253035643428 
4 6 0.005132225500910748 
4 7 0.006643545935546946 
4 8 0.00664606277341373 
5 0 -0.002253759062296412 
5 1 0.005668111319940161 
5 2 -0.0014913752107663658 
5 3 -0.002253759062296412 
5 4 0.0009648253035643428 
5 6 0.005668111319940161 
5 7 0.0034601574501758048 
5 8 -0.0014913752107663658 
6 0 0.01144326707555221 
6 1 -0.017461419417947432 
6 2 -0.007135072860849467 
6 3 0.01144326707555221 
6 4 0.005132225500910748 
6 5 0.005668111319940161 
6 7 -0.012508817090000957 
6 8 -0.007135072860849467 
7 0 0.011787130255969336 
7 1 -0.012508817090000957 
7 2 -0.014257093296295986 
7 3 0.011787130255969336 
7 4 0.006643545935546946 
7 5 0.0034601574501758048 
7 6 -0.012508817090000957 
7 8 -0.014257093296295986 
8 0 0.01014885008484434 
8 1 -0.007135072860849467 
8 2 -0.024906539835994668 
8 3 0.01014885008484434 
8 4 0.00664606277341373 
8 5 -0.0014913752107661438 
8 6 -0.007135072860849467 
8 7 -0.014257093296295986 
