12 24 12 
K 
0 3 134.92557115253808 
1 4 254.13587518077813 
2 5 350.097707534246 
3 0 127.58562008184002 
3 6 2105.9419861345905 
4 1 65.0587840462792 
4 9 1958.8843957450536 
5 2 42.15176398712322 
5 11 2104.3334936202086 
6 3 2105.9419861345905 
6 7 1357.246566716073 
6 8 1264.751808607965 
7 6 1357.2465667160727 
7 9 714.2387519688315 
8 6 1264.751808607965 
8 11 689.6683999124451 
9 4 1958.8843957450536 
9 7 714.2387519688314 
9 10 1664.4520504801535 
10 9 1664.4520504801535 
10 11 1197.4754334319937 
11 5 2104.3334936202086 
11 8 689.6683999124451 
11 10 1197.4754334319937 
P 
0 1.0 5.661245644793789 5.661245644793789 
1 1.0 48.007462737669016 48.007462737669016 
2 1.0 53.22964296780048 53.22964296780048 
3 0.0 -0.0 -0.0 
4 0.0 -0.0 -0.0 
5 0.0 -0.0 -0.0 
6 0.0 -395.9797836240105 -395.9797836240105 
7 0.0 -297.1325036800818 -297.1325036800818 
8 0.0 -383.83720575483636 -383.83720575483636 
9 0.0 -342.0735555441199 -342.0735555441199 
10 0.0 -338.53051331593815 -338.53051331593815 
11 0.0 -301.5424060746228 -301.5424060746228 
Alfa 
0 1.0575296108291032 
1 3.90625 
2 8.305647840531561 
3 0.0 
4 0.0 
5 0.0 
6 0.0 
7 0.0 
8 0.0 
9 0.0 
10 0.0 
11 0.0 
Gamma 
6 7 0.11710874456686438 
6 8 0.18272156076209756 
7 6 0.11710874456686438 
7 9 0.19620081728811645 
8 6 0.18272156076209756 
8 11 0.22550963518842404 
9 7 0.19620081728811645 
9 10 0.11751164543144554 
10 9 0.11751164543144554 
10 11 0.11751164543144554 
11 8 0.22550963518842404 
11 10 0.11751164543144554 
