3 6 6 
K 
0 1 34.587098907316715 
0 2 23.979163868392963 
1 0 127.75609658890113 
1 2 56.63717947909978 
2 0 188.32805111256135 
2 1 120.42456766320221 
P 
0 1.0 -6.359696785438512 -6.359696785438512 
1 1.0 31.429914910910508 31.429914910910508 
2 1.0 35.55768417815016 35.55768417815016 
Alfa 
0 1.0575296108291032 
1 3.90625 
2 8.305647840531561 
Gamma 
0 1 -0.1567990348394035 
0 2 -0.15475514483627228 
1 0 -0.15679903483940372 
1 2 -0.17295322032860638 
2 0 -0.15475514483627228 
2 1 -0.17295322032860638 
