12 24 12 
K 
0 3 134.92557115253808 
1 4 254.13587518077813 
2 5 350.097707534246 
3 0 127.58562008184002 
3 6 478.0359109630678 
4 1 65.0587840462792 
4 9 444.65474013844903 
5 2 42.15176398712322 
5 11 477.6707930303555 
6 3 478.0359109630678 
6 7 308.08664397849594 
6 8 287.0909013404591 
7 6 308.08664397849594 
7 9 162.12781486409102 
8 6 287.090901340459 
8 11 156.55049568564755 
9 4 444.65474013844903 
9 7 162.12781486409105 
9 10 377.820404096723 
10 9 377.820404096723 
10 11 271.81957691401163 
11 5 477.6707930303555 
11 8 156.5504956856475 
11 10 271.8195769140116 
P 
0 1.0 5.661245644793789 5.661245644793789 
1 1.0 48.007462737669016 48.007462737669016 
2 1.0 53.22964296780048 53.22964296780048 
3 0.0 -0.0 -0.0 
4 0.0 -0.0 -0.0 
5 0.0 -0.0 -0.0 
6 0.0 -89.88498155882473 -89.88498155882473 
7 0.0 -74.73266662098159 -74.73266662098159 
8 0.0 -92.3741869296318 -92.3741869296318 
9 0.0 -77.64859849774523 -77.64859849774523 
10 0.0 -82.67267859592208 -82.67267859592208 
11 0.0 -68.44827622552808 -68.44827622552808 
Alfa 
0 1.0575296108291032 
1 3.90625 
2 8.305647840531561 
3 0.0 
4 0.0 
5 0.0 
6 0.0 
7 0.0 
8 0.0 
9 0.0 
10 0.0 
11 0.0 
Gamma 
6 7 0.11710874456686438 
6 8 0.18272156076209756 
7 6 0.11710874456686438 
7 9 0.19620081728811645 
8 6 0.18272156076209756 
8 11 0.22550963518842404 
9 7 0.19620081728811645 
9 10 0.11751164543144554 
10 9 0.11751164543144554 
10 11 0.11751164543144554 
11 8 0.22550963518842404 
11 10 0.11751164543144554 
