9 72 72 
K 
0 1 20.327741089078252 
0 2 14.108722323334684 
0 3 3.63805949259583 
0 4 16.683991608697166 
0 5 11.583222949227643 
0 6 2.5575889309876874 
0 7 11.87680537499787 
0 8 2.6743238717879425 
1 0 75.0855936477828 
1 2 33.29108661938658 
1 3 5.104519587637226 
1 4 31.74839672289194 
1 5 19.36720053364121 
1 6 8.355258622274434 
1 7 34.20892549480534 
1 8 6.310362173386559 
2 0 110.80737399456214 
2 1 70.78503467244988 
2 3 7.53298180824316 
2 4 40.88474731599327 
2 5 32.96562516581416 
2 6 8.906007822733768 
2 7 48.1996387819614 
2 8 12.935834684201405 
3 0 860.0372640496544 
3 1 326.68925360878234 
3 2 226.7427524281191 
3 4 268.13017452238785 
3 5 186.1551877842658 
3 6 41.103279269498906 
3 7 190.87338166164957 
3 8 42.97933871520834 
4 0 78.8819123259202 
4 1 40.63794780530167 
4 2 24.612617884227934 
4 3 5.362603490447757 
4 5 17.955425983328553 
4 6 5.112971728114814 
4 7 22.45540482406945 
4 8 4.665348856297299 
5 0 76.06316403326153 
5 1 34.43057872647325 
5 2 27.562925485861285 
5 3 5.170977438451828 
5 4 24.93809164351188 
5 6 4.33197504102612 
5 7 21.42969270577872 
5 8 5.224582915012589 
6 0 604.6140232854891 
6 1 534.7365518255635 
6 2 268.0708354642863 
6 3 41.10327926949891 
6 4 255.64858640574073 
6 5 155.95110147694038 
6 7 275.4615775259115 
6 8 50.81312242048812 
7 0 70.19191976623743 
7 1 54.73428079168854 
7 2 36.27022818342593 
7 3 4.77183454154124 
7 4 28.069256030086805 
7 5 19.286723435200848 
7 6 6.886539438147785 
7 8 6.875061741466444 
8 0 632.2101632906697 
8 1 403.86317909673977 
8 2 389.36862399446227 
8 3 42.97933871520833 
8 4 233.267442814865 
8 5 188.08498494045324 
8 6 50.81312242048812 
8 7 275.0024696586577 
P 
0 1.0 4.450091286363227 4.450091286363227 
1 1.0 45.63398951131991 45.63398951131991 
2 1.0 49.95905340063231 49.95905340063231 
3 0.0 -1.3232548071622345 -1.3232548071622345 
4 0.0 -48.33619242852267 -48.33619242852267 
5 0.0 -48.38904859658089 -48.38904859658089 
6 0.0 -2.404626103733255 -2.404626103733255 
7 0.0 -48.60816458648319 -48.60816458648319 
8 0.0 -3.537082360355893 -3.537082360355893 
Alfa 
0 1.0575296108291032 
1 3.90625 
2 8.305647840531561 
3 250.0 
4 5.0 
5 6.944444444444445 
6 250.0 
7 6.25 
8 250.0 
Gamma 
0 1 0.03222576125233956 
0 2 0.031877156045001076 
0 3 -0.022634194219728787 
0 4 -0.008086878781240259 
0 5 -0.005661766852847805 
0 6 0.03222576125233956 
0 7 0.03536974284881378 
0 8 0.0318771560450013 
1 0 0.03222576125233956 
1 2 -0.008724577898677754 
1 3 0.03222576125233956 
1 4 0.016216743948639367 
1 5 0.022744641167145474 
1 6 -0.03574856133188753 
1 7 -0.02303067608210707 
1 8 -0.008724577898677754 
2 0 0.031877156045001076 
2 1 -0.008724577898677754 
2 3 0.0318771560450013 
2 4 0.025368245596534944 
2 5 0.004066797411729883 
2 6 -0.008724577898677754 
2 7 -0.025331664361114115 
2 8 -0.04794289890325798 
3 0 -0.022634194219728787 
3 1 0.03222576125233956 
3 2 0.0318771560450013 
3 4 -0.008086878781240259 
3 5 -0.005661766852847805 
3 6 0.03222576125233956 
3 7 0.03536974284881378 
3 8 0.0318771560450013 
4 0 -0.008086878781240259 
4 1 0.016216743948639367 
4 2 0.025368245596534944 
4 3 -0.008086878781240259 
4 5 0.005688295224114626 
4 6 0.016216743948639367 
4 7 0.02310446409779532 
4 8 0.025368245596534944 
5 0 -0.005661766852847805 
5 1 0.022744641167145474 
5 2 0.004066797411729883 
5 3 -0.005661766852847805 
5 4 0.005688295224114626 
5 6 0.022744641167145474 
5 7 0.017426569151383076 
5 8 0.004066797411729883 
6 0 0.03222576125233956 
6 1 -0.03574856133188753 
6 2 -0.008724577898677754 
6 3 0.03222576125233956 
6 4 0.016216743948639367 
6 5 0.022744641167145696 
6 7 -0.02303067608210707 
6 8 -0.008724577898677754 
7 0 0.03536974284881378 
7 1 -0.02303067608210707 
7 2 -0.025331664361114115 
7 3 0.03536974284881378 
7 4 0.02310446409779532 
7 5 0.017426569151383076 
7 6 -0.02303067608210707 
7 8 -0.025331664361114115 
8 0 0.031877156045001076 
8 1 -0.008724577898677754 
8 2 -0.04794289890325798 
8 3 0.0318771560450013 
8 4 0.025368245596534944 
8 5 0.004066797411729883 
8 6 -0.008724577898677754 
8 7 -0.025331664361114115 
