9 72 72 
K 
0 1 17.366507293926546 
0 2 12.26946567916772 
0 3 3.5756226221104677 
0 4 15.651585038552474 
0 5 10.928189739000127 
0 6 2.2423001197104853 
0 7 10.33541155576154 
0 8 2.3650192080470216 
1 0 64.14753631694117 
1 2 30.619912904503977 
1 3 4.557971948437337 
1 4 29.649017886138566 
1 5 17.40316932458894 
1 6 8.500938524579585 
1 7 33.44951860736081 
1 8 5.902187109161144 
2 0 96.36218227758303 
2 1 65.10546265409485 
2 3 6.846967926271443 
2 4 37.06642933685986 
2 5 31.63341321829954 
2 6 8.40618002412828 
2 7 47.32948184831187 
2 8 13.462809023849182 
3 0 845.2771878669145 
3 1 291.71020469998956 
3 2 206.09373458077042 
3 4 262.90416364102026 
3 5 183.56393786094915 
3 6 37.664558327644315 
3 7 173.60687267521146 
3 8 39.725906057119346 
4 0 74.00069406227608 
4 1 37.95074289425737 
4 2 22.313990460789636 
4 3 5.2580832728204046 
4 5 17.06141586237243 
4 6 4.9000615895088755 
4 7 20.96392568743963 
4 8 4.301166605612551 
5 0 71.76177928610082 
5 1 30.938967688158105 
5 2 26.449048274189327 
5 3 5.098998273915253 
5 4 23.69641091996171 
5 6 3.9947267332872154 
5 7 20.066111379315004 
5 8 5.098225859112054 
6 0 530.0797482995586 
6 1 544.0600655730934 
6 2 253.0260187262612 
6 3 37.664558327644315 
6 4 245.00307947544377 
6 5 143.8101623983398 
6 7 276.40831467830736 
6 8 48.77240868274434 
7 0 61.08228229455071 
7 1 53.519229771777304 
7 2 35.61543509085467 
7 3 4.340171816880285 
7 4 26.204907109299537 
7 5 18.059500241383503 
7 6 6.910207866957685 
7 8 6.865106459838675 
8 0 559.0905407823159 
8 1 377.7399749863131 
8 2 405.2305516178604 
8 3 39.72590605711934 
8 4 215.05833028062747 
8 5 183.5361309280339 
8 6 48.77240868274434 
8 7 274.60425839354696 
P 
0 1.0 4.265669139546871 4.265669139546871 
1 1.0 45.29313609333983 45.29313609333983 
2 1.0 49.41299942276125 49.41299942276125 
3 0.0 -1.6656527075522378 -1.6656527075522378 
4 0.0 -48.66189278841206 -48.66189278841206 
5 0.0 -48.720996730227846 -48.720996730227846 
6 0.0 -2.896040279183091 -2.896040279183091 
7 0.0 -48.8929287593556 -48.8929287593556 
8 0.0 -4.2684101202362426 -4.2684101202362426 
Alfa 
0 1.0575296108291032 
1 3.90625 
2 8.305647840531561 
3 250.0 
4 5.0 
5 6.944444444444445 
6 250.0 
7 6.25 
8 250.0 
Gamma 
0 1 0.04134285858095188 
0 2 0.04156744810813984 
0 3 -0.02773635105328842 
0 4 -0.010275843152455666 
0 5 -0.006588648867763114 
0 6 0.04134285858095188 
0 7 0.046002366796160654 
0 8 0.041567448108139615 
1 0 0.04134285858095188 
1 2 -0.008227755222909305 
1 3 0.04134285858095188 
1 4 0.020886795362852206 
1 5 0.03075955552265297 
1 6 -0.04123818959468517 
1 7 -0.02578422037789463 
1 8 -0.008227755222909305 
2 0 0.041567448108139615 
2 1 -0.008227755222909305 
2 3 0.041567448108139615 
2 4 0.03419302401526014 
2 5 0.006519264505074007 
2 6 -0.008227755222909305 
2 7 -0.028363256625736355 
2 8 -0.05467280032611255 
3 0 -0.027736351053288644 
3 1 0.04134285858095188 
3 2 0.04156744810813984 
3 4 -0.010275843152455666 
3 5 -0.006588648867763114 
3 6 0.04134285858095188 
3 7 0.046002366796160654 
3 8 0.041567448108139615 
4 0 -0.010275843152455888 
4 1 0.020886795362852206 
4 2 0.03419302401526014 
4 3 -0.010275843152455888 
4 5 0.008192124235002263 
4 6 0.020886795362852206 
4 7 0.030555297263887615 
4 8 0.03419302401526014 
5 0 -0.006588648867763114 
5 1 0.03075955552265297 
5 2 0.006519264505074007 
5 3 -0.006588648867763114 
5 4 0.008192124235002263 
5 6 0.03075955552265297 
5 7 0.02380681444246391 
5 8 0.006519264505074007 
6 0 0.04134285858095188 
6 1 -0.04123818959468517 
6 2 -0.008227755222909305 
6 3 0.04134285858095188 
6 4 0.020886795362852206 
6 5 0.03075955552265297 
6 7 -0.02578422037789463 
6 8 -0.008227755222909305 
7 0 0.046002366796160654 
7 1 -0.02578422037789463 
7 2 -0.028363256625736355 
7 3 0.046002366796160654 
7 4 0.030555297263887615 
7 5 0.023806814442463686 
7 6 -0.02578422037789463 
7 8 -0.028363256625736355 
8 0 0.041567448108139615 
8 1 -0.008227755222909305 
8 2 -0.05467280032611255 
8 3 0.041567448108139615 
8 4 0.03419302401526014 
8 5 0.006519264505074007 
8 6 -0.008227755222909305 
8 7 -0.028363256625736355 
