3 6 6 
K 
0 1 132.63708526200725 
0 2 87.99741745260292 
1 0 489.9282336865395 
1 2 176.5783385176648 
2 0 691.1159297606421 
2 1 375.4489589744367 
P 
0 1.0 -103.52015692484996 -103.52015692484996 
1 1.0 -70.83648043206283 -70.83648043206283 
2 1.0 -58.75349879947338 -58.75349879947338 
Alfa 
0 1.0575296108291032 
1 3.90625 
2 8.305647840531561 
Gamma 
0 1 -0.456477117544668 
0 2 -0.4573773870151969 
1 0 -0.4564771175446678 
1 2 -0.4602086887880732 
2 0 -0.4573773870151969 
2 1 -0.4602086887880732 
