9 72 72 
K 
0 1 23.104101417348666 
0 2 15.842399619500966 
0 3 3.7478788486926 
0 4 17.776850258392106 
0 5 12.293242801686553 
0 6 2.857686154595002 
0 7 13.332863265448925 
0 8 2.9701502457503115 
1 0 85.34077461033165 
1 2 35.88969038742505 
1 3 5.632397813457817 
1 4 33.95082608210202 
1 5 21.2549803331195 
1 6 8.382190166716478 
1 7 35.328102823284304 
1 8 6.72863803996575 
2 0 124.4233644534893 
2 1 76.31030514269783 
2 3 8.211806010559187 
2 4 44.59283740705557 
2 5 34.59304677715386 
2 6 9.438622975203003 
2 7 49.65441125721839 
2 8 12.762846398664502 
3 0 885.9985598309306 
3 1 360.4734600613003 
3 2 247.17536091783145 
3 4 277.35693355390345 
3 5 191.80091396110888 
3 6 44.58602381058733 
3 7 208.02121956630992 
3 8 46.340704476980285 
4 0 84.04894802167784 
4 1 43.45705738509058 
4 2 26.84488811904745 
4 3 5.547138671078069 
4 5 18.977064915861764 
4 6 5.375090290919654 
4 7 24.02328760955496 
4 8 5.03290871073482 
5 0 80.72562773107502 
5 1 37.78663170332355 
5 2 28.923630777564753 
5 3 5.327803165586357 
5 4 26.35703460536355 
5 6 4.6737301008506345 
5 7 22.881330448864492 
5 8 5.4226336366511445 
6 0 675.5570069462584 
6 1 536.4601706698545 
6 2 284.1025515536102 
6 3 44.58602381058734 
6 4 268.7545145459828 
6 5 168.25428363062284 
6 7 279.6570281130106 
6 8 53.26385418762884 
7 0 78.79722189880312 
7 1 56.5249645172549 
7 2 37.36494447105684 
7 3 5.200530489157749 
7 4 30.029109511943695 
7 5 20.593197403978046 
7 6 6.991425702825265 
7 8 7.005220273988521 
8 0 702.1435180953735 
8 1 430.632834557808 
8 2 384.1616765998014 
8 3 46.34070447698028 
8 4 251.645435536741 
8 5 195.21481091944116 
8 6 53.26385418762886 
8 7 280.20881095954087 
P 
0 1.0 4.6212024047360245 4.6212024047360245 
1 1.0 45.91606780062827 45.91606780062827 
2 1.0 50.380220556557454 50.380220556557454 
3 0.0 -1.0709577778260644 -1.0709577778260644 
4 0.0 -48.10893627293241 -48.10893627293241 
5 0.0 -48.163184239713 -48.163184239713 
6 0.0 -2.0477027952669395 -2.0477027952669395 
7 0.0 -48.39960702914874 -48.39960702914874 
8 0.0 -3.0146593217454836 -3.0146593217454836 
Alfa 
0 1.0575296108291032 
1 3.90625 
2 8.305647840531561 
3 250.0 
4 5.0 
5 6.944444444444445 
6 250.0 
7 6.25 
8 250.0 
Gamma 
0 1 0.025610963214373283 
0 2 0.024910629607541868 
0 3 -0.018315841430548874 
0 4 -0.0062499340178587826 
0 5 -0.0047353006216646065 
0 6 0.025610963214373283 
0 7 0.02777017377775781 
0 8 0.024910629607541868 
1 0 0.025610963214373283 
1 2 -0.0086117648319477 
1 3 0.025610963214373283 
1 4 0.012770897909178291 
1 5 0.017149932804809254 
1 6 -0.030865473983968217 
1 7 -0.020336436355088416 
1 8 -0.0086117648319477 
2 0 0.024910629607541868 
2 1 -0.0086117648319477 
2 3 0.024910629607541868 
2 4 0.019217182413673317 
2 5 0.0023279762125725245 
2 6 -0.0086117648319477 
2 7 -0.02243540771985919 
2 8 -0.04186910171294245 
3 0 -0.018315841430548874 
3 1 0.025610963214373283 
3 2 0.024910629607541868 
3 4 -0.0062499340178587826 
3 5 -0.0047353006216646065 
3 6 0.025610963214373283 
3 7 0.02777017377775781 
3 8 0.024910629607541868 
4 0 -0.0062499340178587826 
4 1 0.012770897909178291 
4 2 0.019217182413673317 
4 3 -0.0062499340178587826 
4 5 0.00407076526946315 
4 6 0.012770897909178291 
4 7 0.01779963654032546 
4 8 0.019217182413673317 
5 0 -0.0047353006216646065 
5 1 0.017149932804809254 
5 2 0.0023279762125725245 
5 3 -0.0047353006216646065 
5 4 0.00407076526946315 
5 6 0.017149932804809254 
5 7 0.012915779678348782 
5 8 0.0023279762125725245 
6 0 0.025610963214373283 
6 1 -0.030865473983967995 
6 2 -0.0086117648319477 
6 3 0.025610963214373283 
6 4 0.012770897909178291 
6 5 0.017149932804809254 
6 7 -0.020336436355088416 
6 8 -0.0086117648319477 
7 0 0.02777017377775781 
7 1 -0.020336436355088416 
7 2 -0.02243540771985919 
7 3 0.02777017377775781 
7 4 0.01779963654032546 
7 5 0.012915779678348782 
7 6 -0.020336436355088416 
7 8 -0.02243540771985919 
8 0 0.024910629607541868 
8 1 -0.0086117648319477 
8 2 -0.04186910171294245 
8 3 0.024910629607541868 
8 4 0.019217182413673317 
8 5 0.0023279762125725245 
8 6 -0.0086117648319477 
8 7 -0.02243540771985919 
