12 24 12 
K 
0 3 134.92557115253808 
1 4 254.13587518077813 
2 5 350.097707534246 
3 0 127.58562008184002 
3 6 1602.0662962005472 
4 1 65.0587840462792 
4 9 1490.194264247771 
5 2 42.15176398712322 
5 11 1600.842657723349 
6 3 1602.0662962005472 
6 7 1032.5065906306322 
6 8 962.1424801680222 
7 6 1032.5065906306322 
7 9 543.3472714364117 
8 6 962.1424801680222 
8 11 524.6557152708173 
9 4 1490.194264247771 
9 7 543.3472714364117 
9 10 1266.2089218376627 
10 9 1266.208921837663 
10 11 910.9629064145226 
11 5 1600.842657723349 
11 8 524.6557152708172 
11 10 910.9629064145226 
P 
0 1.0 5.661245644793789 5.661245644793789 
1 1.0 48.007462737669016 48.007462737669016 
2 1.0 53.22964296780048 53.22964296780048 
3 0.0 -0.0 -0.0 
4 0.0 -0.0 -0.0 
5 0.0 -0.0 -0.0 
6 0.0 -301.2361544133577 -301.2361544133577 
7 0.0 -228.29445887607454 -228.29445887607454 
8 0.0 -293.62246183274914 -293.62246183274914 
9 0.0 -260.22773550595633 -260.22773550595633 
10 0.0 -259.3364216168855 -259.3364216168855 
11 0.0 -229.39422302609344 -229.39422302609344 
Alfa 
0 1.0575296108291032 
1 3.90625 
2 8.305647840531561 
3 0.0 
4 0.0 
5 0.0 
6 0.0 
7 0.0 
8 0.0 
9 0.0 
10 0.0 
11 0.0 
Gamma 
6 7 0.11710874456686438 
6 8 0.18272156076209756 
7 6 0.11710874456686438 
7 9 0.19620081728811645 
8 6 0.18272156076209756 
8 11 0.22550963518842404 
9 7 0.19620081728811645 
9 10 0.11751164543144554 
10 9 0.11751164543144554 
10 11 0.11751164543144554 
11 8 0.22550963518842404 
11 10 0.11751164543144554 
