3 6 6 
K 
0 1 52.90732676009368 
0 2 35.67406435859645 
1 0 195.42643822009595 
1 2 76.29378585579715 
2 0 280.1777014741595 
2 1 162.21934534122983 
P 
0 1.0 -14.7972886693745 -14.7972886693745 
1 1.0 23.207445369575364 23.207445369575364 
2 1.0 28.632337544010202 28.632337544010202 
Alfa 
0 1.0575296108291032 
1 3.90625 
2 8.305647840531561 
Gamma 
0 1 -0.19797919300597133 
0 2 -0.19793657632310735 
1 0 -0.19797919300597133 
1 2 -0.2076765814146695 
2 0 -0.19793657632310735 
2 1 -0.2076765814146695 
