3 6 6 
K 
0 1 56.42920521959971 
0 2 37.95828997566713 
1 0 208.4353767798965 
1 2 80.44570953708924 
2 0 298.1175996760037 
2 1 171.0473558263692 
P 
0 1.0 -17.006235233069333 -17.006235233069333 
1 1.0 20.90601457529908 20.90601457529908 
2 1.0 26.53859959060496 26.53859959060496 
Alfa 
0 1.0575296108291032 
1 3.90625 
2 8.305647840531561 
Gamma 
0 1 -0.20794881521021025 
0 2 -0.20805475061553347 
1 0 -0.20794881521021025 
1 2 -0.21688093113842144 
2 0 -0.20805475061553347 
2 1 -0.21688093113842144 
