3 6 6 
K 
0 1 37.861987776333315 
0 2 26.03958907403801 
1 0 139.8527173488311 
1 2 59.83643728867157 
2 0 204.5102610333085 
2 1 127.22697629484988 
P 
0 1.0 -7.471954678766623 -7.471954678766623 
1 1.0 30.47260858739559 30.47260858739559 
2 1.0 34.89208323420634 34.89208323420634 
Alfa 
0 1.0575296108291032 
1 3.90625 
2 8.305647840531561 
Gamma 
0 1 -0.16198723284289662 
0 2 -0.16057275163655538 
1 0 -0.16198723284289684 
1 2 -0.1767167989712659 
2 0 -0.16057275163655538 
2 1 -0.1767167989712659 
