3 6 6 
K 
0 1 191.19450461142915 
0 2 126.58575144577418 
1 0 706.2247014084661 
1 2 251.86886674890937 
2 0 994.1817821189704 
2 1 535.5351319578141 
P 
0 1.0 -217.76506796632503 -217.76506796632503 
1 1.0 -191.17093865255086 -191.17093865255086 
2 1.0 -170.57080477938385 -170.57080477938385 
Alfa 
0 1.0575296108291032 
1 3.90625 
2 8.305647840531561 
Gamma 
0 1 -0.6754892290089312 
0 2 -0.6764984360245575 
1 0 -0.6754892290089315 
1 2 -0.6783252611127321 
2 0 -0.6764984360245577 
2 1 -0.6783252611127321 
