9 72 72 
K 
0 1 13.645569088380139 
0 2 9.947118003996332 
0 3 3.5655796744404173 
0 4 14.466555058967199 
0 5 10.199964700845479 
0 6 1.8488902948808728 
0 7 8.396284524642297 
0 8 1.9790148276572572 
1 0 50.40332082020413 
1 2 27.151158020242427 
1 3 3.8807229197183726 
1 4 27.238920906140045 
1 5 14.916355297227668 
1 6 8.927017492768433 
1 7 32.92968742019314 
1 8 5.401820335150093 
2 0 78.12288027058914 
2 1 57.73003698656197 
2 3 6.014945981475147 
2 4 32.25499032564928 
2 5 30.442774503106723 
2 6 7.8220632951438835 
2 7 47.0020314819281 
2 8 14.653095407266397 
3 0 842.9030350377144 
3 1 248.36626686197584 
3 2 181.04987404240197 
3 4 263.3092288843073 
3 5 185.65199725016768 
3 6 33.652094493291074 
3 7 152.8227829407398 
3 8 36.0205222388477 
4 0 68.3978723187969 
4 1 34.86581875985926 
4 2 19.417504176040868 
4 3 5.266184577686145 
4 5 16.1702562003633 
4 6 4.724103004474375 
4 7 19.267498453981762 
4 8 3.863182146330527 
5 0 66.97976820221865 
5 1 26.517964972849178 
5 2 25.453542015097568 
5 3 5.156999923615768 
5 4 22.45868916717125 
5 6 3.5930203981043327 
5 7 18.54442055324128 
5 8 5.064073538087851 
6 0 437.0776657098383 
6 1 571.3291195371796 
6 2 235.44410518383089 
6 3 33.65209449329106 
6 4 236.20515022371876 
6 5 129.348734331756 
6 7 285.55322696918984 
6 8 46.84244974836912 
7 0 49.622041540636 
7 1 52.68749987230905 
7 2 35.369028690150884 
7 3 3.8205695735184957 
7 4 24.08437306747721 
7 5 16.689978497917146 
7 6 7.138830674229747 
7 8 7.036795199325288 
8 0 467.83910525817555 
8 1 345.71650144960614 
8 2 441.05817175871863 
8 3 36.02052223884769 
8 4 193.1591073165264 
8 5 182.3066473711626 
8 6 46.842449748369134 
8 7 281.4718079730116 
P 
0 1.0 4.080950361815167 4.080950361815167 
1 1.0 44.86958579136194 44.86958579136194 
2 1.0 48.64637283550608 48.64637283550608 
3 0.0 -2.2145866902620117 -2.2145866902620117 
4 0.0 -49.21315351704104 -49.21315351704104 
5 0.0 -49.30409414275841 -49.30409414275841 
6 0.0 -3.6868448563976965 -3.6868448563976965 
7 0.0 -49.34031101335758 -49.34031101335758 
8 0.0 -5.460664650567166 -5.460664650567166 
Alfa 
0 1.0575296108291032 
1 3.90625 
2 8.305647840531561 
3 250.0 
4 5.0 
5 6.944444444444445 
6 250.0 
7 6.25 
8 250.0 
Gamma 
0 1 0.056003321220226 
0 2 0.05740177465350227 
0 3 -0.03413075578244018 
0 4 -0.012858679378491722 
0 5 -0.007138588013676284 
0 6 0.056003321220226 
0 7 0.06354923296045611 
0 8 0.05740177465350227 
1 0 0.056003321220226 
1 2 -0.005896737873730906 
1 3 0.056003321220226 
1 4 0.02826513470588332 
1 5 0.044514354365374764 
1 6 -0.04764456143444562 
1 7 -0.028167491607292483 
1 8 -0.005896737873730906 
2 0 0.05740177465350227 
2 1 -0.005896737873730906 
2 3 0.05740177465350227 
2 4 0.04934465681833222 
2 5 0.010760750887713 
2 6 -0.005896737873730906 
2 7 -0.03111828177791809 
2 8 -0.06226995588518247 
3 0 -0.03413075578244018 
3 1 0.056003321220226 
3 2 0.05740177465350227 
3 4 -0.012858679378491722 
3 5 -0.007138588013676284 
3 6 0.056003321220226 
3 7 0.06354923296045611 
3 8 0.05740177465350227 
4 0 -0.012858679378491722 
4 1 0.02826513470588332 
4 2 0.04934465681833222 
4 3 -0.012858679378491722 
4 5 0.013027092091309589 
4 6 0.02826513470588332 
4 7 0.04294493720889592 
4 8 0.04934465681833222 
5 0 -0.007138588013676284 
5 1 0.044514354365374764 
5 2 0.010760750887712778 
5 3 -0.007138588013676284 
5 4 0.013027092091309589 
5 6 0.044514354365374764 
5 7 0.03458410474155316 
5 8 0.010760750887713 
6 0 0.056003321220226 
6 1 -0.04764456143444562 
6 2 -0.005896737873730906 
6 3 0.056003321220226 
6 4 0.02826513470588332 
6 5 0.044514354365374764 
6 7 -0.028167491607292483 
6 8 -0.005896737873730906 
7 0 0.06354923296045611 
7 1 -0.028167491607292483 
7 2 -0.03111828177791809 
7 3 0.06354923296045611 
7 4 0.04294493720889592 
7 5 0.03458410474155316 
7 6 -0.028167491607292483 
7 8 -0.03111828177791809 
8 0 0.05740177465350227 
8 1 -0.005896737873730906 
8 2 -0.06226995588518247 
8 3 0.05740177465350227 
8 4 0.04934465681833222 
8 5 0.010760750887713 
8 6 -0.005896737873730906 
8 7 -0.03111828177791809 
