12 24 12 
K 
0 3 134.92557115253808 
1 4 254.13587518077813 
2 5 350.097707534246 
3 0 127.58562008184002 
3 6 2170.541433562032 
4 1 65.0587840462792 
4 9 2018.972874142142 
5 2 42.15176398712322 
5 11 2168.8836007864734 
6 3 2170.541433562032 
6 7 1398.879896983438 
6 8 1303.547876356676 
7 6 1398.8798969834377 
7 9 736.1479161396547 
8 6 1303.547876356676 
8 11 710.823872302398 
9 4 2018.972874142142 
9 7 736.1479161396549 
9 10 1715.5088618445761 
10 9 1715.5088618445757 
10 11 1234.207808690644 
11 5 2168.8836007864734 
11 8 710.823872302398 
11 10 1234.207808690644 
P 
0 1.0 5.661245644793789 5.661245644793789 
1 1.0 48.007462737669016 48.007462737669016 
2 1.0 53.22964296780048 53.22964296780048 
3 0.0 -0.0 -0.0 
4 0.0 -0.0 -0.0 
5 0.0 -0.0 -0.0 
6 0.0 -408.12640275358154 -408.12640275358154 
7 0.0 -305.9578940395701 -305.9578940395701 
8 0.0 -395.4031985653605 -395.4031985653605 
9 0.0 -352.5666093951667 -352.5666093951667 
10 0.0 -348.68360199530406 -348.68360199530406 
11 0.0 -310.7921731321268 -310.7921731321268 
Alfa 
0 1.0575296108291032 
1 3.90625 
2 8.305647840531561 
3 0.0 
4 0.0 
5 0.0 
6 0.0 
7 0.0 
8 0.0 
9 0.0 
10 0.0 
11 0.0 
Gamma 
6 7 0.11710874456686438 
6 8 0.18272156076209756 
7 6 0.11710874456686438 
7 9 0.19620081728811645 
8 6 0.18272156076209756 
8 11 0.22550963518842404 
9 7 0.19620081728811645 
9 10 0.11751164543144554 
10 9 0.11751164543144554 
10 11 0.11751164543144554 
11 8 0.22550963518842404 
11 10 0.11751164543144554 
