9 72 72 
K 
0 1 31.769622580184976 
0 2 21.353564832519304 
0 3 4.358518383831048 
0 4 21.94679216027172 
0 5 15.074984436655683 
0 6 3.8243978469325794 
0 7 17.970011480503807 
0 8 3.9347430795803677 
1 0 117.34904340555822 
1 2 45.01256792937877 
1 3 7.383379065570198 
1 4 42.20962311257971 
1 5 27.561809427978204 
1 6 9.26893385086744 
1 7 41.159025377123314 
1 8 8.294300813161623 
2 0 167.70706732251043 
2 1 95.7077856305728 
2 3 10.551810343590292 
2 4 57.22325685920794 
2 5 41.6663575575314 
2 6 11.521214908248258 
2 7 57.67631538086601 
2 8 13.693031661001088 
3 0 1030.3537459376594 
3 1 472.5362601964926 
3 2 317.60949134206766 
3 4 326.4330592706752 
3 5 224.2228956368083 
3 6 56.88347891234273 
3 7 267.28306259393617 
3 8 58.52473616789538 
4 0 103.7644333337647 
4 1 54.02831758410204 
4 2 34.44840062924318 
4 3 6.5286611854135055 
4 5 23.14491760835299 
4 6 6.503879009595284 
4 7 29.89784137930394 
4 8 6.347680447814711 
5 0 98.9923978007056 
5 1 48.99877231640569 
5 2 34.837704513380416 
5 3 6.22841376768912 
5 4 32.145718900490266 
5 6 5.898426991892538 
5 7 28.391020013718922 
5 8 6.419416046810806 
6 0 904.0876510148618 
6 1 593.2117664555163 
6 2 346.78856873827243 
6 3 56.88347891234274 
6 4 325.1939504797642 
6 5 212.3433717081313 
6 7 317.09987138678275 
6 8 63.901457748285075 
7 0 106.20276784977752 
7 1 65.85444060339734 
7 2 43.40142732410167 
7 3 6.682076564848406 
7 4 37.372301724129926 
7 5 25.551918012347034 
7 6 7.927496784669571 
7 8 7.997421842527613 
8 0 930.1732640127991 
8 1 530.8352520423441 
8 2 412.1602529961327 
8 3 58.524736167895405 
8 4 317.38402239073565 
8 5 231.0989776851891 
8 6 63.9014577482851 
8 7 319.89687370110454 
P 
0 1.0 5.015404088335327 5.015404088335327 
1 1.0 46.466605792581795 46.466605792581795 
2 1.0 51.136692547283666 51.136692547283666 
3 0.0 -0.6044003158043647 -0.6044003158043647 
4 0.0 -47.72708130606224 -47.72708130606224 
5 0.0 -47.799354485502235 -47.799354485502235 
6 0.0 -1.4290397631980634 -1.4290397631980634 
7 0.0 -48.03952657891829 -48.03952657891829 
8 0.0 -2.139032684758987 -2.139032684758987 
Alfa 
0 1.0575296108291032 
1 3.90625 
2 8.305647840531561 
3 250.0 
4 5.0 
5 6.944444444444445 
6 250.0 
7 6.25 
8 250.0 
Gamma 
0 1 0.013851877577470084 
0 2 0.012643822893298795 
0 3 -0.009323286023166233 
0 4 -0.0026147338666595576 
0 5 -0.002688467079216883 
0 6 0.013851877577470084 
0 7 0.014475841867825245 
0 8 0.012643822893298795 
1 0 0.013851877577470084 
1 2 -0.007476354059946511 
1 3 0.013851877577470084 
1 4 0.006468698820575325 
1 5 0.007583013277193018 
1 6 -0.02001301578977399 
1 7 -0.014012369329543084 
1 8 -0.007476354059946511 
2 0 0.012643822893298795 
2 1 -0.007476354059946511 
2 3 0.012643822893298795 
2 4 0.008734408722032239 
2 5 -0.0008083114551544757 
2 6 -0.007476354059946511 
2 7 -0.015806524591403415 
2 8 -0.028168437321062667 
3 0 -0.009323286023166233 
3 1 0.013851877577470084 
3 2 0.012643822893298795 
3 4 -0.0026147338666595576 
3 5 -0.002688467079216883 
3 6 0.013851877577470084 
3 7 0.014475841867825245 
3 8 0.012643822893298795 
4 0 -0.0026147338666595576 
4 1 0.006468698820575325 
4 2 0.008734408722032239 
4 3 -0.0026147338666595576 
4 5 0.0014846442047287134 
4 6 0.006468698820575325 
4 7 0.008529015483807356 
4 8 0.008734408722032239 
5 0 -0.002688467079216883 
5 1 0.007583013277193018 
5 2 -0.0008083114551544757 
5 3 -0.002688467079216883 
5 4 0.0014846442047287134 
5 6 0.007583013277193018 
5 7 0.005061293395638655 
5 8 -0.0008083114551544757 
6 0 0.013851877577470084 
6 1 -0.02001301578977399 
6 2 -0.007476354059946511 
6 3 0.013851877577470084 
6 4 0.006468698820575325 
6 5 0.007583013277193018 
6 7 -0.014012369329543084 
6 8 -0.007476354059946511 
7 0 0.014475841867825245 
7 1 -0.014012369329543084 
7 2 -0.015806524591403415 
7 3 0.014475841867825245 
7 4 0.008529015483807356 
7 5 0.005061293395638655 
7 6 -0.014012369329542862 
7 8 -0.015806524591403415 
8 0 0.012643822893298795 
8 1 -0.007476354059946511 
8 2 -0.028168437321062667 
8 3 0.012643822893298795 
8 4 0.008734408722032239 
8 5 -0.0008083114551544757 
8 6 -0.007476354059946511 
8 7 -0.015806524591403415 
