9 72 72 
K 
0 1 13.011471239925276 
0 2 9.547115666741274 
0 3 3.569636442411983 
0 4 14.265746887648639 
0 5 10.078794840124264 
0 6 1.7816021662268475 
0 7 8.063214522832315 
0 8 1.9127147237844315 
1 0 48.061121892474 
1 2 26.517218665714967 
1 3 3.7644650675935303 
1 4 26.83425779636921 
1 5 14.479425721009784 
1 6 9.023764563599611 
1 7 32.86088915869609 
1 8 5.312586161746652 
2 0 74.98133367500459 
2 1 56.38212606663651 
2 3 5.873034174537855 
2 4 31.40717018876203 
2 5 30.275857697502776 
2 6 7.720150633585973 
2 7 46.99603466917068 
2 8 14.915061860953632 
3 0 843.8620549861928 
3 1 240.92576432598597 
3 2 176.77832865358934 
3 4 264.1504491852945 
3 5 186.62311936645273 
3 6 32.98888002041963 
3 7 149.3018034637658 
3 8 35.41661417590603 
4 0 67.44845128480274 
4 1 34.34784997935258 
4 2 18.907116453634735 
4 3 5.283008983705889 
4 5 16.03577378900394 
4 6 4.703096429301316 
4 7 18.985950597012568 
4 8 3.7879419593873958 
5 0 66.18408611681599 
5 1 25.74120128179517 
5 2 25.313981019300922 
5 3 5.1839755379570205 
5 4 22.271908040283257 
5 6 3.5246267788846106 
5 7 18.295044153564206 
5 8 5.071523788267164 
6 0 421.17075209602683 
6 1 577.520932070375 
6 2 232.3765340709377 
6 3 32.98888002041962 
6 4 235.1548214650658 
6 5 126.88656403984598 
6 7 287.96758911446574 
6 8 46.555424035329445 
7 0 47.653597829938974 
7 1 52.57742265391373 
7 2 35.364516088550936 
7 3 3.7325450865941456 
7 4 23.73243824626572 
7 5 16.465539738207784 
7 6 7.1991897278616435 
7 8 7.085095958114767 
8 0 452.16576070263966 
8 1 340.0055143517859 
8 2 448.94336201470435 
8 3 35.416614175906034 
8 4 189.3970979693698 
8 5 182.57485637761795 
8 6 46.55542403532947 
8 7 283.40383832459065 
P 
0 1.0 4.0595055888018345 4.0595055888018345 
1 1.0 44.805044970522985 44.805044970522985 
2 1.0 48.51506719005408 48.51506719005408 
3 0.0 -2.323048317713503 -2.323048317713503 
4 0.0 -49.32439073396837 -49.32439073396837 
5 0.0 -49.42520473804542 -49.42520473804542 
6 0.0 -3.8426126886957115 -3.8426126886957115 
7 0.0 -49.42620018740897 -49.42620018740897 
8 0.0 -5.695936640664465 -5.695936640664465 
Alfa 
0 1.0575296108291032 
1 3.90625 
2 8.305647840531561 
3 250.0 
4 5.0 
5 6.944444444444445 
6 250.0 
7 6.25 
8 250.0 
Gamma 
0 1 0.05886822811044046 
0 2 0.06053793342046654 
0 3 -0.03515336211060327 
0 4 -0.013218708223915465 
0 5 -0.007101545541831955 
0 6 0.05886822811044046 
0 7 0.06705283569472575 
0 8 0.06053793342046654 
1 0 0.05886822811044046 
1 2 -0.005229609796068679 
1 3 0.05886822811044046 
1 4 0.029695893503609794 
1 5 0.04734450535201895 
1 6 -0.04861223859130437 
1 7 -0.028372718206715053 
1 8 -0.005229609796068679 
2 0 0.06053793342046654 
2 1 -0.005229609796068679 
2 3 0.06053793342046654 
2 4 0.052459935001052616 
2 5 0.011652639408290533 
2 6 -0.005229609796068679 
2 7 -0.031377679949021964 
2 8 -0.06337037702036641 
3 0 -0.03515336211060327 
3 1 0.05886822811044046 
3 2 0.06053793342046654 
3 4 -0.013218708223915465 
3 5 -0.007101545541831955 
3 6 0.05886822811044046 
3 7 0.06705283569472575 
3 8 0.06053793342046654 
4 0 -0.013218708223915465 
4 1 0.029695893503610016 
4 2 0.052459935001052616 
4 3 -0.013218708223915465 
4 5 0.01410619040215444 
4 6 0.029695893503610016 
4 7 0.04543411855481305 
4 8 0.052459935001052616 
5 0 -0.007101545541831955 
5 1 0.04734450535201917 
5 2 0.011652639408290755 
5 3 -0.007101545541831955 
5 4 0.01410619040215444 
5 6 0.04734450535201895 
5 7 0.036781158925362156 
5 8 0.011652639408290755 
6 0 0.05886822811044046 
6 1 -0.04861223859130437 
6 2 -0.005229609796068679 
6 3 0.05886822811044046 
6 4 0.029695893503610016 
6 5 0.04734450535201895 
6 7 -0.028372718206715053 
6 8 -0.005229609796068679 
7 0 0.06705283569472575 
7 1 -0.028372718206715053 
7 2 -0.031377679949022186 
7 3 0.06705283569472575 
7 4 0.04543411855481305 
7 5 0.036781158925362156 
7 6 -0.028372718206715053 
7 8 -0.031377679949022186 
8 0 0.06053793342046654 
8 1 -0.005229609796068679 
8 2 -0.06337037702036641 
8 3 0.06053793342046654 
8 4 0.052459935001052616 
8 5 0.011652639408290533 
8 6 -0.005229609796068679 
8 7 -0.031377679949021964 
