12 24 12 
K 
0 3 134.92557115253808 
1 4 254.13587518077813 
2 5 350.097707534246 
3 0 127.58562008184002 
3 6 723.513811187345 
4 1 65.0587840462792 
4 9 672.9909580473816 
5 2 42.15176398712322 
5 11 722.9612002621589 
6 3 723.513811187345 
6 7 466.2932989944798 
6 8 434.5159587855592 
7 6 466.2932989944798 
7 9 245.38263871321848 
8 6 434.5159587855592 
8 11 236.94129076746626 
9 4 672.9909580473816 
9 7 245.38263871321848 
9 10 571.8362872815261 
10 9 571.8362872815261 
10 11 411.40260289688183 
11 5 722.9612002621589 
11 8 236.94129076746623 
11 10 411.40260289688183 
P 
0 1.0 5.661245644793789 5.661245644793789 
1 1.0 48.007462737669016 48.007462737669016 
2 1.0 53.22964296780048 53.22964296780048 
3 0.0 -0.0 -0.0 
4 0.0 -0.0 -0.0 
5 0.0 -0.0 -0.0 
6 0.0 -136.04213425119403 -136.04213425119403 
7 0.0 -108.26914998703639 -108.26914998703639 
8 0.0 -136.32495960962297 -136.32495960962297 
9 0.0 -117.52220313172238 -117.52220313172238 
10 0.0 -121.2544155775118 -121.2544155775118 
11 0.0 -103.59739104404235 -103.59739104404235 
Alfa 
0 1.0575296108291032 
1 3.90625 
2 8.305647840531561 
3 0.0 
4 0.0 
5 0.0 
6 0.0 
7 0.0 
8 0.0 
9 0.0 
10 0.0 
11 0.0 
Gamma 
6 7 0.11710874456686438 
6 8 0.18272156076209756 
7 6 0.11710874456686438 
7 9 0.19620081728811645 
8 6 0.18272156076209756 
8 11 0.22550963518842404 
9 7 0.19620081728811645 
9 10 0.11751164543144554 
10 9 0.11751164543144554 
10 11 0.11751164543144554 
11 8 0.22550963518842404 
11 10 0.11751164543144554 
