9 72 72 
K 
0 1 41.713020449010465 
0 2 27.801177975419293 
0 3 5.31790258647877 
0 4 27.51591301911027 
0 5 18.844564409539462 
0 6 4.965975909246888 
0 7 23.3985401618142 
0 8 5.086942684396873 
1 0 154.07746928353237 
1 2 56.72945447962145 
1 3 9.503704367057079 
1 4 53.10032970900402 
1 5 35.287885710362836 
1 6 11.035797908263596 
1 7 50.208505306610355 
1 8 10.380117119860405 
2 0 218.34546423219666 
2 1 120.62076699985961 
2 3 13.467840246857014 
2 4 72.93348236753924 
2 5 51.70798761303173 
2 6 14.360020363627124 
2 7 70.30328357136314 
2 8 16.07581865769189 
3 0 1257.1521714435805 
3 1 608.237079491653 
3 2 405.38199143039617 
3 4 401.2224095531066 
3 5 274.7814159073331 
3 6 72.41121959888875 
3 7 341.18506833584235 
3 8 74.17509277903136 
4 0 130.09523675435335 
4 1 67.96842202752514 
4 2 43.905956385258634 
4 3 8.024448191062133 
4 5 28.882213263696105 
4 6 8.091707163493657 
4 7 37.63257039802786 
4 8 8.03372734180236 
5 0 123.74597295597584 
5 1 62.73401904064506 
5 2 43.23362297645153 
5 3 7.632817108537031 
5 4 40.11418508846682 
5 6 7.468546364962869 
5 7 35.6936140481619 
5 8 7.910706600795241 
6 0 1173.9567049459638 
6 1 706.29106612887 
6 2 432.2366129451762 
6 3 72.41121959888874 
6 4 404.5853581746828 
6 5 268.8676691386633 
6 7 382.5517885521888 
6 8 79.08883854108653 
7 0 138.2853723563219 
7 1 80.33360849057658 
7 2 52.90322088745076 
7 3 8.529626708396057 
7 4 47.040712997534825 
7 5 32.12425264334572 
7 6 9.563794713804722 
7 8 9.680008980640714 
8 0 1202.553250591421 
8 1 664.3274956710662 
8 2 483.88214159652597 
8 3 74.1750927790314 
8 4 401.6863670901181 
8 5 284.78543762862864 
8 6 79.08883854108656 
8 7 387.2003592256287 
P 
0 1.0 5.249263111260664 5.249263111260664 
1 1.0 46.69751473630673 46.69751473630673 
2 1.0 51.418581747864856 51.418581747864856 
3 0.0 -0.37053892692896095 -0.37053892692896095 
4 0.0 -47.566574024197855 -47.566574024197855 
5 0.0 -47.66166774639738 -47.66166774639738 
6 0.0 -1.1882285159518813 -1.1882285159518813 
7 0.0 -47.90688240045598 -47.90688240045598 
8 0.0 -1.8251010693258176 -1.8251010693258176 
Alfa 
0 1.0575296108291032 
1 3.90625 
2 8.305647840531561 
3 250.0 
4 5.0 
5 6.944444444444445 
6 250.0 
7 6.25 
8 250.0 
Gamma 
0 1 0.008364486887850742 
0 2 0.006969070076000339 
0 3 -0.004778524981624788 
0 4 -0.0009787175402076187 
0 5 -0.0017569346309085354 
0 6 0.008364486887850742 
0 7 0.008371317303374148 
0 8 0.006969070076000339 
1 0 0.008364486887850742 
1 2 -0.006709415444887901 
1 3 0.008364486887850742 
1 4 0.003377990189085578 
1 5 0.003227355751409755 
1 6 -0.014131808483402342 
1 7 -0.010567891203288493 
1 8 -0.006709415444887901 
2 0 0.006969070076000339 
2 1 -0.006709415444887901 
2 3 0.006969070076000339 
2 4 0.003994071560125212 
2 5 -0.002424987952994284 
2 6 -0.006709415444887901 
2 7 -0.012269437565490593 
2 8 -0.020615052283623703 
3 0 -0.004778524981624566 
3 1 0.008364486887850742 
3 2 0.006969070076000339 
3 4 -0.0009787175402076187 
3 5 -0.0017569346309085354 
3 6 0.008364486887850742 
3 7 0.008371317303374148 
3 8 0.006969070076000339 
4 0 -0.0009787175402078407 
4 1 0.003377990189085578 
4 2 0.003994071560125212 
4 3 -0.0009787175402076187 
4 5 0.0002597214306470086 
4 6 0.003377990189085578 
4 7 0.004226525150190286 
4 8 0.003994071560125434 
5 0 -0.0017569346309085354 
5 1 0.003227355751409755 
5 2 -0.002424987952994284 
5 3 -0.0017569346309085354 
5 4 0.0002597214306470086 
5 6 0.003227355751409755 
5 7 0.001396784570366627 
5 8 -0.002424987952994284 
6 0 0.008364486887850742 
6 1 -0.014131808483402342 
6 2 -0.006709415444887901 
6 3 0.008364486887850742 
6 4 0.003377990189085578 
6 5 0.003227355751409755 
6 7 -0.010567891203288493 
6 8 -0.006709415444887901 
7 0 0.008371317303374148 
7 1 -0.010567891203288493 
7 2 -0.012269437565490593 
7 3 0.008371317303374148 
7 4 0.004226525150190286 
7 5 0.001396784570366627 
7 6 -0.010567891203288493 
7 8 -0.012269437565490593 
8 0 0.006969070076000339 
8 1 -0.006709415444887901 
8 2 -0.020615052283623703 
8 3 0.006969070076000339 
8 4 0.003994071560125212 
8 5 -0.002424987952994284 
8 6 -0.006709415444887901 
8 7 -0.012269437565490593 
