12 24 12 
K 
0 3 134.92557115253808 
1 4 254.13587518077813 
2 5 350.097707534246 
3 0 127.58562008184002 
3 6 1330.7486170052935 
4 1 65.0587840462792 
4 9 1237.8226549800038 
5 2 42.15176398712322 
5 11 1329.7322076250402 
6 3 1330.7486170052935 
6 7 857.6466035077028 
6 8 799.198995623438 
7 6 857.6466035077028 
7 9 451.32878191895503 
8 6 799.198995623438 
8 11 435.8027312330176 
9 4 1237.8226549800038 
9 7 451.32878191895503 
9 10 1051.770314107091 
10 9 1051.770314107091 
10 11 756.6869303281924 
11 5 1329.7322076250402 
11 8 435.8027312330176 
11 10 756.6869303281924 
P 
0 1.0 5.661245644793789 5.661245644793789 
1 1.0 48.007462737669016 48.007462737669016 
2 1.0 53.22964296780048 53.22964296780048 
3 0.0 -0.0 -0.0 
4 0.0 -0.0 -0.0 
5 0.0 -0.0 -0.0 
6 0.0 -250.22035406916007 -250.22035406916007 
7 0.0 -191.2278193662245 -191.2278193662245 
8 0.0 -245.04529202854843 -245.04529202854843 
9 0.0 -216.1569093315605 -216.1569093315605 
10 0.0 -216.6934491635495 -216.6934491635495 
11 0.0 -190.54520138457764 -190.54520138457764 
Alfa 
0 1.0575296108291032 
1 3.90625 
2 8.305647840531561 
3 0.0 
4 0.0 
5 0.0 
6 0.0 
7 0.0 
8 0.0 
9 0.0 
10 0.0 
11 0.0 
Gamma 
6 7 0.11710874456686438 
6 8 0.18272156076209756 
7 6 0.11710874456686438 
7 9 0.19620081728811645 
8 6 0.18272156076209756 
8 11 0.22550963518842404 
9 7 0.19620081728811645 
9 10 0.11751164543144554 
10 9 0.11751164543144554 
10 11 0.11751164543144554 
11 8 0.22550963518842404 
11 10 0.11751164543144554 
