9 72 72 
K 
0 1 25.889208154331723 
0 2 17.597306621964595 
0 3 3.905790613829263 
0 4 19.00440908212853 
0 5 13.103870757782454 
0 6 3.163831596548161 
0 7 14.808603847030534 
0 8 3.273840738828223 
1 0 95.6282626200628 
1 2 38.65620207990961 
1 3 6.179491331998048 
1 4 36.40095285812785 
1 5 23.21583440978934 
1 6 8.554274371942775 
1 7 36.85957420638356 
1 8 7.191682903315554 
2 0 138.2060892170243 
2 1 82.19258914000717 
2 3 8.930867370655044 
2 4 48.48584643216711 
2 5 36.580785618284374 
2 6 10.044475249033294 
2 7 51.72934111944122 
2 8 12.859397301749995 
3 0 923.3289011092385 
3 1 395.4874452478751 
3 2 268.8191078567168 
3 4 290.31421708736053 
3 5 200.1767044383939 
3 6 48.33116825568033 
3 7 226.2184640116173 
3 8 50.01168449143753 
4 0 89.85284614030368 
4 1 46.59321965840366 
4 2 29.188479552164594 
4 3 5.806284341747212 
4 5 20.175707360055327 
4 6 5.6939980420181975 
4 7 25.767324521341223 
4 8 5.430287459051087 
5 0 86.0487513094381 
5 1 41.27259450629219 
5 2 30.5856013086211 
5 3 5.560464012177609 
5 4 28.02181577785462 
5 6 5.0437826368466565 
5 7 24.50925788949211 
5 8 5.690210992899242 
6 0 747.9297894239853 
6 1 547.4735598043376 
6 2 302.338704995902 
6 3 48.331168255680325 
6 4 284.69990210090987 
6 5 181.5761749264796 
6 7 288.2868810862864 
6 8 56.24774237352283 
7 0 87.51884873595046 
7 1 58.97531873021367 
7 2 38.926329192379505 
7 3 5.65546160029043 
7 4 32.20915565167652 
7 5 22.058332100542888 
7 6 7.207172027157156 
7 8 7.241937931796001 
8 0 773.9359506589919 
8 1 460.2677058121955 
8 2 387.0678587826748 
8 3 50.01168449143753 
8 4 271.51437295255437 
8 5 204.84759574437268 
8 6 56.24774237352285 
8 7 289.67751727184003 
P 
0 1.0 4.77369423609215 4.77369423609215 
1 1.0 46.14599339820255 46.14599339820255 
2 1.0 50.70658252959881 50.70658252959881 
3 0.0 -0.8761408172078272 -0.8761408172078272 
4 0.0 -47.94244788615707 -47.94244788615707 
5 0.0 -48.00138205491212 -48.00138205491212 
6 0.0 -1.779201124947206 -1.779201124947206 
7 0.0 -48.24253922006569 -48.24253922006569 
8 0.0 -2.6285536399748053 -2.6285536399748053 
Alfa 
0 1.0575296108291032 
1 3.90625 
2 8.305647840531561 
3 250.0 
4 5.0 
5 6.944444444444445 
6 250.0 
7 6.25 
8 250.0 
Gamma 
0 1 0.02060471336360714 
0 2 0.019670616701539023 
0 3 -0.014684752487185593 
0 4 -0.004742526210530729 
0 5 -0.003910938434935174 
0 6 0.02060471336360714 
0 7 0.022077369464208907 
0 8 0.019670616701539245 
1 0 0.02060471336360714 
1 2 -0.008264292132315054 
1 3 0.02060471336360714 
1 4 0.010121557013403448 
1 5 0.013024058437584918 
1 6 -0.02659613350410739 
1 7 -0.01788098668634852 
1 8 -0.008264292132315054 
2 0 0.019670616701539245 
2 1 -0.008264292132315054 
2 3 0.019670616701539245 
2 4 0.01468906323690633 
2 5 0.001012244794864836 
2 6 -0.008264292132315054 
2 7 -0.019837530767692124 
2 8 -0.03651025587685086 
3 0 -0.014684752487185593 
3 1 0.02060471336360714 
3 2 0.019670616701539023 
3 4 -0.004742526210530729 
3 5 -0.003910938434935174 
3 6 0.02060471336360714 
3 7 0.022077369464208907 
3 8 0.019670616701539245 
4 0 -0.004742526210530729 
4 1 0.010121557013403448 
4 2 0.01468906323690633 
4 3 -0.004742526210530729 
4 5 0.0029371928677102144 
4 6 0.010121557013403448 
4 7 0.013832348924513571 
4 8 0.01468906323690633 
5 0 -0.003910938434935174 
5 1 0.013024058437584918 
5 2 0.001012244794864836 
5 3 -0.003910938434935174 
5 4 0.0029371928677099923 
5 6 0.013024058437584918 
5 7 0.009553277177130726 
5 8 0.001012244794864836 
6 0 0.02060471336360714 
6 1 -0.02659613350410739 
6 2 -0.008264292132315054 
6 3 0.02060471336360714 
6 4 0.010121557013403448 
6 5 0.013024058437584918 
6 7 -0.01788098668634852 
6 8 -0.008264292132315054 
7 0 0.022077369464208907 
7 1 -0.017880986686348743 
7 2 -0.019837530767691902 
7 3 0.022077369464208907 
7 4 0.013832348924513571 
7 5 0.009553277177130726 
7 6 -0.01788098668634852 
7 8 -0.019837530767692124 
8 0 0.019670616701539023 
8 1 -0.008264292132315054 
8 2 -0.03651025587685086 
8 3 0.019670616701539245 
8 4 0.01468906323690633 
8 5 0.001012244794864836 
8 6 -0.008264292132315054 
8 7 -0.019837530767692124 
