9 72 72 
K 
0 1 29.025523407210326 
0 2 19.593078809502238 
0 3 4.1308446233375165 
0 4 20.524373024993697 
0 5 14.118765079382598 
0 6 3.5141206790684203 
0 7 16.48806240924069 
0 8 3.6234995772172502 
1 0 107.21302708538315 
1 2 41.96937474610802 
1 3 6.8146237806674606 
1 4 39.4098919420667 
1 5 25.50344301766969 
1 6 8.88770586408224 
1 7 39.0038400152615 
1 8 7.761721020324843 
2 0 153.88052593243623 
2 1 89.23720876248883 
2 3 9.780881296875178 
2 4 53.07029772331818 
2 5 39.170996218378264 
2 6 10.803950587044632 
2 7 54.684488947512655 
2 8 13.219760095372814 
3 0 976.5316689569892 
3 1 436.1359219627175 
3 2 294.40452703594275 
3 4 308.39810281383944 
3 5 212.1477893260624 
3 6 52.80298448892155 
3 7 247.74872099108 
3 8 54.44650581042013 
4 0 97.03923566217019 
4 1 50.44466168584537 
4 2 31.94831922943753 
4 3 6.16796205627679 
4 5 21.698839318687885 
4 6 6.107336163826204 
4 7 27.907654225901187 
4 8 5.90844973095934 
5 0 92.71322402127906 
5 1 45.33945425363501 
5 2 32.751305171477384 
5 3 5.89299414794618 
5 4 30.137276831510963 
5 6 5.4892486014841735 
5 7 26.51767158020875 
5 8 6.0569521306986625 
6 0 830.7381285317747 
6 1 568.8131753012634 
6 2 325.1989126700434 
6 3 52.802984488921574 
6 4 305.3668081913103 
6 5 197.61294965343026 
6 7 302.22052245597484 
6 8 60.141549678243116 
7 0 97.44444883861249 
7 1 62.406144024418396 
7 2 41.15007793300326 
7 3 6.193718024777002 
7 4 34.88456778237649 
7 5 23.865904422187874 
7 6 7.55551306139937 
7 8 7.610202125067768 
8 0 856.5953000541579 
8 1 496.7501453007898 
8 2 397.9147788707214 
8 3 54.44650581042013 
8 4 295.42248654796697 
8 5 218.0502767051518 
8 6 60.141549678243116 
8 7 304.4080850027107 
P 
0 1.0 4.915537975229001 4.915537975229001 
1 1.0 46.34151560831432 46.34151560831432 
2 1.0 50.97263043573248 50.97263043573248 
3 0.0 -0.7122045346975279 -0.7122045346975279 
4 0.0 -47.80974357656607 -47.80974357656607 
5 0.0 -47.875556402189275 -47.875556402189275 
6 0.0 -1.5628396168563592 -1.5628396168563592 
7 0.0 -48.1165839683146 -48.1165839683146 
8 0.0 -2.3235473406879126 -2.3235473406879126 
Alfa 
0 1.0575296108291032 
1 3.90625 
2 8.305647840531561 
3 250.0 
4 5.0 
5 6.944444444444445 
6 250.0 
7 6.25 
8 250.0 
Gamma 
0 1 0.016491038027486526 
0 2 0.015384506736858983 
0 3 -0.011474495671260687 
0 4 -0.0034510764604795963 
0 5 -0.0031740692697506123 
0 6 0.016491038027486526 
0 7 0.01743599674480012 
0 8 0.01538450673685876 
1 0 0.016491038027486526 
1 2 -0.007821884611546315 
1 3 0.016491038027486526 
1 4 0.007909825203302301 
1 5 0.009694720560301073 
1 6 -0.022695796960811476 
1 7 -0.015594848195642719 
1 8 -0.007821884611546315 
2 0 0.01538450673685876 
2 1 -0.007821884611546315 
2 3 0.01538450673685876 
2 4 0.011042493451297375 
2 5 -8.551857459493384e-05 
2 6 -0.007821884611546315 
2 7 -0.017447242259965412 
2 8 -0.0315797082920668 
3 0 -0.011474495671260687 
3 1 0.016491038027486526 
3 2 0.015384506736858983 
3 4 -0.0034510764604795963 
3 5 -0.0031740692697506123 
3 6 0.016491038027486526 
3 7 0.01743599674480012 
3 8 0.015384506736858983 
4 0 -0.0034510764604795963 
4 1 0.007909825203302301 
4 2 0.011042493451297597 
4 3 -0.0034510764604795963 
4 5 0.002047265429754752 
4 6 0.007909825203302523 
4 7 0.010596860851978196 
4 8 0.011042493451297375 
5 0 -0.0031740692697506123 
5 1 0.009694720560301073 
5 2 -8.55185745947118e-05 
5 3 -0.0031740692697506123 
5 4 0.00204726542975453 
5 6 0.009694720560301073 
5 7 0.006813600570115819 
5 8 -8.551857459493384e-05 
6 0 0.016491038027486526 
6 1 -0.022695796960811476 
6 2 -0.007821884611546315 
6 3 0.016491038027486526 
6 4 0.007909825203302301 
6 5 0.009694720560301073 
6 7 -0.015594848195642719 
6 8 -0.007821884611546315 
7 0 0.01743599674480012 
7 1 -0.015594848195642719 
7 2 -0.017447242259965412 
7 3 0.01743599674480012 
7 4 0.010596860851978196 
7 5 0.006813600570115819 
7 6 -0.015594848195642719 
7 8 -0.017447242259965412 
8 0 0.01538450673685876 
8 1 -0.007821884611546315 
8 2 -0.0315797082920668 
8 3 0.01538450673685876 
8 4 0.011042493451297375 
8 5 -8.551857459493384e-05 
8 6 -0.007821884611546315 
8 7 -0.017447242259965412 
