9 72 72 
K 
0 1 47.2427540199502 
0 2 31.411687188050216 
0 3 5.897576829170276 
0 4 30.757857474552896 
0 5 21.04697831379847 
0 6 5.606919957475571 
0 7 26.438479294494833 
0 8 5.736351854057796 
1 0 174.50292266119115 
1 2 63.49590185548495 
1 3 10.703804415930497 
1 4 59.41644653497265 
1 5 39.68075902703625 
1 6 12.149470394294704 
1 7 55.67152429111642 
1 8 11.595519596042172 
2 0 246.70175585565028 
2 1 135.00789763292485 
2 3 15.132396085265047 
2 4 81.90712401960786 
2 5 57.63510847710592 
2 6 16.023165697224172 
2 7 77.94090299531945 
2 8 17.62514061023024 
3 0 1394.1871624158541 
3 1 685.0434826195517 
3 2 455.4851221664777 
3 4 446.0042654030214 
3 5 305.1916769419083 
3 6 81.30313429263924 
3 7 383.37112869028164 
3 8 83.17996131164193 
4 0 145.42315013968613 
4 1 76.05305156476497 
4 2 49.30808865980393 
4 3 8.920085308060427 
4 5 32.2440073552954 
4 6 9.02621749073571 
4 7 42.115850890183495 
4 8 9.004563941771172 
5 0 138.2084909272766 
5 1 70.54357160362001 
5 2 48.189354587802434 
5 3 8.477546581719677 
5 4 44.783343549021396 
5 6 8.372334926302436 
5 7 39.93296693063463 
5 8 8.80026252269411 
6 0 1325.4758779472254 
6 1 777.5661052348611 
6 2 482.29728748644754 
6 3 81.30313429263926 
6 4 451.3108745367857 
6 5 301.4040573468878 
6 7 422.86548219996513 
6 8 88.07635587089453 
7 0 156.25141263046453 
7 1 89.07443886578625 
7 2 58.650529503977886 
7 3 9.584278217257046 
7 4 52.64481361272937 
7 5 35.93967023757117 
7 6 10.571637054999128 
7 8 10.710665480891615 
8 0 1356.0735782992633 
8 1 742.1132541466989 
8 2 530.5167323679301 
8 3 83.17996131164197 
8 4 450.2281970885586 
8 5 316.80945081698803 
8 6 88.07635587089453 
8 7 428.42661923566465 
P 
0 1.0 5.328069327199795 5.328069327199795 
1 1.0 46.74245375610899 46.74245375610899 
2 1.0 51.46333469557805 51.46333469557805 
3 0.0 -0.29634152782780004 -0.29634152782780004 
4 0.0 -47.52438677915548 -47.52438677915548 
5 0.0 -47.631086933943436 -47.631086933943436 
6 0.0 -1.1403860124499683 -1.1403860124499683 
7 0.0 -47.8849212510134 -47.8849212510134 
8 0.0 -1.7730542945973307 -1.7730542945973307 
Alfa 
0 1.0575296108291032 
1 3.90625 
2 8.305647840531561 
3 250.0 
4 5.0 
5 6.944444444444445 
6 250.0 
7 6.25 
8 250.0 
Gamma 
0 1 0.006685748135994984 
0 2 0.005240399577367327 
0 3 -0.0034652681392954854 
0 4 -0.0005737685087379152 
0 5 -0.0015543752616986595 
0 6 0.006685748135994984 
0 7 0.006521691628876614 
0 8 0.005240399577367105 
1 0 0.006685748135994762 
1 2 -0.006523462482372677 
1 3 0.006685748135994984 
1 4 0.0023857819217691922 
1 5 0.0018914651768819901 
1 6 -0.012357666341502815 
1 7 -0.009559093533753282 
1 8 -0.006523462482372677 
2 0 0.005240399577367327 
2 1 -0.006523462482372677 
2 3 0.005240399577367327 
2 4 0.0025500352170955143 
2 5 -0.002986183049791258 
2 6 -0.006523462482372677 
2 7 -0.011241497567507475 
2 8 -0.01830217387030797 
3 0 -0.0034652681392954854 
3 1 0.006685748135994984 
3 2 0.005240399577367327 
3 4 -0.0005737685087379152 
3 5 -0.0015543752616986595 
3 6 0.006685748135994984 
3 7 0.006521691628876614 
3 8 0.005240399577367105 
4 0 -0.0005737685087379152 
4 1 0.0023857819217691922 
4 2 0.0025500352170955143 
4 3 -0.0005737685087379152 
4 5 -0.00017102545662384117 
4 6 0.0023857819217691922 
4 7 0.0028975080423252475 
4 8 0.0025500352170955143 
5 0 -0.0015543752616986595 
5 1 0.0018914651768819901 
5 2 -0.002986183049791258 
5 3 -0.0015543752616986595 
5 4 -0.00017102545662384117 
5 6 0.0018914651768819901 
5 7 0.0002520382034809643 
5 8 -0.002986183049791258 
6 0 0.006685748135994762 
6 1 -0.012357666341502815 
6 2 -0.006523462482372677 
6 3 0.006685748135994984 
6 4 0.0023857819217691922 
6 5 0.0018914651768819901 
6 7 -0.009559093533753282 
6 8 -0.006523462482372677 
7 0 0.006521691628876614 
7 1 -0.009559093533753282 
7 2 -0.011241497567507475 
7 3 0.006521691628876614 
7 4 0.0028975080423252475 
7 5 0.0002520382034809643 
7 6 -0.009559093533753282 
7 8 -0.011241497567507475 
8 0 0.005240399577367327 
8 1 -0.006523462482372677 
8 2 -0.01830217387030797 
8 3 0.005240399577367327 
8 4 0.0025500352170955143 
8 5 -0.002986183049791258 
8 6 -0.006523462482372677 
8 7 -0.011241497567507475 
