3 6 6 
K 
0 1 64.41775761531828 
0 2 43.1622169413104 
1 0 237.9430921915819 
1 2 90.09707061007346 
2 0 338.98830846929485 
2 1 191.5685222273987 
P 
0 1.0 -22.651490371785876 -22.651490371785876 
1 1.0 14.961376554924085 14.961376554924085 
2 1.0 21.071970163686952 21.071970163686952 
Alfa 
0 1.0575296108291032 
1 3.90625 
2 8.305647840531561 
Gamma 
0 1 -0.2315940049038947 
0 2 -0.23193728982173112 
1 0 -0.2315940049038947 
1 2 -0.23918322170564688 
2 0 -0.23193728982173134 
2 1 -0.23918322170564688 
