12 24 12 
K 
0 3 134.92557115253808 
1 4 254.13587518077813 
2 5 350.097707534246 
3 0 127.58562008184002 
3 6 1124.0303852374814 
4 1 65.0587840462792 
4 9 1045.539524109324 
5 2 42.15176398712322 
5 11 1123.1718646929953 
6 3 1124.0303852374814 
6 7 724.4199466521377 
6 8 675.0515788275644 
7 6 724.4199466521377 
7 9 381.21945657232135 
8 6 675.0515788275644 
8 11 368.1052195851703 
9 4 1045.539524109324 
9 7 381.21945657232135 
9 10 888.3885177409413 
10 9 888.3885177409413 
10 11 639.1433295005122 
11 5 1123.1718646929953 
11 8 368.10521958517035 
11 10 639.1433295005122 
P 
0 1.0 5.661245644793789 5.661245644793789 
1 1.0 48.007462737669016 48.007462737669016 
2 1.0 53.22964296780048 53.22964296780048 
3 0.0 -0.0 -0.0 
4 0.0 -0.0 -0.0 
5 0.0 -0.0 -0.0 
6 0.0 -211.35117285453336 -211.35117285453336 
7 0.0 -162.9865702158626 -162.9865702158626 
8 0.0 -208.03411503487166 -208.03411503487166 
9 0.0 -182.57913700821138 -182.57913700821138 
10 0.0 -184.20356538957924 -184.20356538957924 
11 0.0 -160.94594680056562 -160.94594680056562 
Alfa 
0 1.0575296108291032 
1 3.90625 
2 8.305647840531561 
3 0.0 
4 0.0 
5 0.0 
6 0.0 
7 0.0 
8 0.0 
9 0.0 
10 0.0 
11 0.0 
Gamma 
6 7 0.11710874456686438 
6 8 0.18272156076209756 
7 6 0.11710874456686438 
7 9 0.19620081728811645 
8 6 0.18272156076209756 
8 11 0.22550963518842404 
9 7 0.19620081728811645 
9 10 0.11751164543144554 
10 9 0.11751164543144554 
10 11 0.11751164543144554 
11 8 0.22550963518842404 
11 10 0.11751164543144554 
