12 24 12 
K 
0 3 134.92557115253808 
1 4 254.13587518077813 
2 5 350.097707534246 
3 0 127.58562008184002 
3 6 1757.1049700264064 
4 1 65.0587840462792 
4 9 1634.406612400781 
5 2 42.15176398712322 
5 11 1755.7629149223828 
6 3 1757.1049700264064 
6 7 1132.426583272306 
6 8 1055.2530427649276 
7 6 1132.426583272306 
7 9 595.9292654463869 
8 6 1055.2530427649276 
8 11 575.4288490067028 
9 4 1634.406612400781 
9 7 595.9292654463869 
9 10 1388.745269112275 
10 9 1388.745269112275 
10 11 999.1206070352829 
11 5 1755.7629149223828 
11 8 575.4288490067028 
11 10 999.120607035283 
P 
0 1.0 5.661245644793789 5.661245644793789 
1 1.0 48.007462737669016 48.007462737669016 
2 1.0 53.22964296780048 53.22964296780048 
3 0.0 -0.0 -0.0 
4 0.0 -0.0 -0.0 
5 0.0 -0.0 -0.0 
6 0.0 -330.3880403243278 -330.3880403243278 
7 0.0 -249.47539573884595 -249.47539573884595 
8 0.0 -321.38084457800676 -321.38084457800676 
9 0.0 -285.41106474846816 -285.41106474846816 
10 0.0 -283.70383444736325 -283.70383444736325 
11 0.0 -251.59366396410238 -251.59366396410238 
Alfa 
0 1.0575296108291032 
1 3.90625 
2 8.305647840531561 
3 0.0 
4 0.0 
5 0.0 
6 0.0 
7 0.0 
8 0.0 
9 0.0 
10 0.0 
11 0.0 
Gamma 
6 7 0.11710874456686438 
6 8 0.18272156076209756 
7 6 0.11710874456686438 
7 9 0.19620081728811645 
8 6 0.18272156076209756 
8 11 0.22550963518842404 
9 7 0.19620081728811645 
9 10 0.11751164543144554 
10 9 0.11751164543144554 
10 11 0.11751164543144554 
11 8 0.22550963518842404 
11 10 0.11751164543144554 
