9 72 72 
K 
0 1 48.55818157660599 
0 2 32.27200032264928 
0 3 6.038039131191414 
0 4 31.537209872280652 
0 5 21.576852672213636 
0 6 5.759734238027976 
0 7 27.16283194127256 
0 8 5.891326567473292 
1 0 179.36178319858843 
1 2 65.11997922844219 
1 3 10.990473476808265 
1 4 60.93351870938105 
1 5 40.73127073717837 
1 6 12.421641570876785 
1 7 56.995209844832665 
1 8 11.887799326544384 
2 0 253.45850087290017 
2 1 138.4610854026678 
2 3 15.530782988653502 
2 4 84.05534479525681 
2 5 59.064124546668886 
2 6 16.42357741444903 
2 7 79.79209796579275 
2 8 18.00598310794638 
3 0 1427.3924506136505 
3 1 703.3903025157288 
3 2 467.47656795847024 
3 4 456.8327493394576 
3 5 312.5518385506739 
3 6 83.43272084242392 
3 7 393.467629058836 
3 8 85.33890359910858 
4 0 149.1079282761429 
4 1 77.99490394800775 
4 2 50.60131756674461 
4 3 9.136654986789154 
4 5 33.05326103989366 
4 6 9.25137441467681 
4 7 43.192548587902394 
4 8 9.237384839789286 
5 0 141.68799921420288 
5 1 72.41114797720597 
5 2 49.38417080152037 
5 3 8.681995515296501 
5 4 45.907306999852295 
5 6 8.589056564263025 
5 7 40.9514146611824 
5 8 9.015191948032053 
6 0 1361.6011738698137 
6 1 794.985060536114 
6 2 494.3496801749158 
6 3 83.4327208424239 
6 4 462.5687207338405 
6 5 309.206036313469 
6 7 432.6715716455437 
6 8 90.24465094568153 
7 0 160.5323367729209 
7 1 91.19233575173226 
7 2 60.04355371925902 
7 3 9.836690726470898 
7 4 53.99068573487799 
7 5 36.85627319506417 
7 6 10.816789291138592 
7 8 10.961086381234319 
8 0 1392.7096005506864 
8 1 760.8191568988404 
8 2 541.980091549186 
8 3 85.33890359910862 
8 4 461.86924198946434 
8 5 324.54691012915396 
8 6 90.24465094568154 
8 7 438.4434552493726 
P 
0 1.0 5.343504972689945 5.343504972689945 
1 1.0 46.74804394725222 46.74804394725222 
2 1.0 51.46740461370457 51.46740461370457 
3 0.0 -0.282028671151274 -0.282028671151274 
4 0.0 -47.51703291740944 -47.51703291740944 
5 0.0 -47.626370603190644 -47.626370603190644 
6 0.0 -1.1340447777277702 -1.1340447777277702 
7 0.0 -47.88272662673106 -47.88272662673106 
8 0.0 -1.7676878167911176 -1.7676878167911176 
Alfa 
0 1.0575296108291032 
1 3.90625 
2 8.305647840531561 
3 250.0 
4 5.0 
5 6.944444444444445 
6 250.0 
7 6.25 
8 250.0 
Gamma 
0 1 0.006361836111318464 
0 2 0.004907346610633301 
0 3 -0.003224512974230098 
0 4 -0.0005065379867428277 
0 5 -0.0015249498078102608 
0 6 0.006361836111318464 
0 7 0.006166161528347702 
0 8 0.004907346610633523 
1 0 0.006361836111318464 
1 2 -0.006495546750542092 
1 3 0.006361836111318464 
1 4 0.0021900252748787707 
1 5 0.0016324688574835822 
1 6 -0.012026566990246845 
1 7 -0.009374579217601431 
1 8 -0.006495546750542092 
2 0 0.004907346610633523 
2 1 -0.006495546750542092 
2 3 0.004907346610633523 
2 4 0.0022709535715299545 
2 5 -0.003101060885871254 
2 6 -0.006495546750542092 
2 7 -0.011053836610507295 
2 8 -0.017867267121993713 
3 0 -0.003224512974230098 
3 1 0.006361836111318464 
3 2 0.004907346610633301 
3 4 -0.0005065379867428277 
3 5 -0.0015249498078102608 
3 6 0.006361836111318464 
3 7 0.006166161528347702 
3 8 0.004907346610633523 
4 0 -0.0005065379867426056 
4 1 0.0021900252748787707 
4 2 0.0022709535715297324 
4 3 -0.0005065379867428277 
4 5 -0.0002606259275126366 
4 6 0.0021900252748785487 
4 7 0.0026393874180759003 
4 8 0.0022709535715299545 
5 0 -0.0015249498078102608 
5 1 0.0016324688574835822 
5 2 -0.003101060885871254 
5 3 -0.0015249498078102608 
5 4 -0.0002606259275126366 
5 6 0.0016324688574835822 
5 7 2.8385704898825637e-05 
5 8 -0.003101060885871254 
6 0 0.006361836111318464 
6 1 -0.012026566990246845 
6 2 -0.006495546750542092 
6 3 0.006361836111318464 
6 4 0.0021900252748787707 
6 5 0.0016324688574835822 
6 7 -0.009374579217601431 
6 8 -0.006495546750542092 
7 0 0.006166161528347702 
7 1 -0.009374579217601431 
7 2 -0.011053836610507295 
7 3 0.006166161528347702 
7 4 0.0026393874180756782 
7 5 2.8385704898825637e-05 
7 6 -0.009374579217601653 
7 8 -0.011053836610507295 
8 0 0.004907346610633523 
8 1 -0.006495546750542092 
8 2 -0.017867267121993713 
8 3 0.004907346610633523 
8 4 0.0022709535715299545 
8 5 -0.003101060885871254 
8 6 -0.006495546750542092 
8 7 -0.011053836610507295 
