9 72 72 
K 
0 1 19.120053657496662 
0 2 13.358099472092302 
0 3 3.6059598237935915 
0 4 16.248261767483545 
0 5 11.304572545471144 
0 6 2.4285124610208686 
0 7 11.247242881053355 
0 8 2.547569874939076 
1 0 70.62469819737832 
1 2 32.19638491347884 
1 3 4.879929266079668 
1 4 30.8641796430688 
1 5 18.562510351797272 
1 6 8.392813485618467 
1 7 33.84947094078998 
1 8 6.1402851849458715 
2 0 104.91211678414024 
2 1 68.45742971636696 
2 3 7.2490746456782595 
2 4 39.316148148963464 
2 5 32.373742302752646 
2 6 8.695044694630012 
2 7 47.7642459776015 
2 8 13.106397036262425 
3 0 852.4489023448051 
3 1 312.31547302909894 
3 2 218.19714683491563 
3 4 265.40634512406734 
3 5 184.65392331921083 
3 6 39.66840426325963 
3 7 183.71747504443198 
3 8 41.61314109358267 
4 0 76.8217816366622 
4 1 39.50614994312806 
4 2 23.668321185676007 
4 3 5.308126902481348 
4 5 17.567392146563197 
4 6 5.017829925714062 
4 7 21.82651664502502 
4 8 4.513868321536471 
5 0 74.2333597152605 
5 1 33.000018403195135 
5 2 27.068045647579293 
5 3 5.129275647755854 
5 4 24.39915575911553 
5 6 4.191460826505339 
5 7 20.8522178904775 
5 8 5.16224166538923 
6 0 574.1003457853335 
6 1 537.1400630795818 
6 2 261.72084530836327 
6 3 39.66840426325963 
6 4 250.89149628570314 
6 5 150.89258975419222 
6 7 275.1585984473559 
6 8 49.91369786878385 
7 0 66.47120542702531 
7 1 54.15915350526396 
7 2 35.94259509814512 
7 3 4.592936876110796 
7 4 27.28314580628127 
7 5 18.766996101429754 
7 6 6.8789649611838986 
7 8 6.854738032941539 
8 0 602.2455184355977 
8 1 392.9782518365358 
8 2 394.5025507914989 
8 3 41.61314109358267 
8 4 225.6934160768235 
8 5 185.84069995401234 
8 6 49.91369786878385 
8 7 274.1895213176616 
P 
0 1.0 4.373549198146717 4.373549198146717 
1 1.0 45.49817080739688 45.49817080739688 
2 1.0 49.74697815512744 49.74697815512744 
3 0.0 -1.4533653892674585 -1.4533653892674585 
4 0.0 -48.45783099949926 -48.45783099949926 
5 0.0 -48.511936294756836 -48.511936294756836 
6 0.0 -2.5907984166033806 -2.5907984166033806 
7 0.0 -48.716472635513746 -48.716472635513746 
8 0.0 -3.8127737650891294 -3.8127737650891294 
Alfa 
0 1.0575296108291032 
1 3.90625 
2 8.305647840531561 
3 250.0 
4 5.0 
5 6.944444444444445 
6 250.0 
7 6.25 
8 250.0 
Gamma 
0 1 0.03567689600042434 
0 2 0.03553259102327755 
0 3 -0.024677071214158408 
0 4 -0.008964677472466542 
0 5 -0.006062434050892351 
0 6 0.03567689600042434 
0 7 0.03937193934661698 
0 8 0.03553259102327755 
1 0 0.03567689600042434 
1 2 -0.008624871022217206 
1 3 0.03567689600042434 
1 4 0.017994112936249307 
1 5 0.025734816241978375 
1 6 -0.037983876407313044 
1 7 -0.024198515849418678 
1 8 -0.008624871022217206 
2 0 0.03553259102327733 
2 1 -0.008624871022217206 
2 3 0.03553259102327733 
2 4 0.028659298264004818 
2 5 0.004984361166906259 
2 6 -0.008624871022217206 
2 7 -0.02660637245849906 
2 8 -0.05069858675686856 
3 0 -0.024677071214158408 
3 1 0.03567689600042434 
3 2 0.03553259102327755 
3 4 -0.008964677472466542 
3 5 -0.006062434050892351 
3 6 0.03567689600042434 
3 7 0.03937193934661698 
3 8 0.03553259102327755 
4 0 -0.008964677472466542 
4 1 0.017994112936249307 
4 2 0.028659298264004818 
4 3 -0.008964677472466542 
4 5 0.0065958701895934 
4 6 0.017994112936249307 
4 7 0.025904558520107424 
4 8 0.028659298264004818 
5 0 -0.006062434050892351 
5 1 0.025734816241978375 
5 2 0.004984361166906259 
5 3 -0.006062434050892351 
5 4 0.0065958701895934 
5 6 0.025734816241978375 
5 7 0.019817249785395896 
5 8 0.004984361166906259 
6 0 0.03567689600042434 
6 1 -0.037983876407313044 
6 2 -0.008624871022217206 
6 3 0.03567689600042434 
6 4 0.017994112936249307 
6 5 0.025734816241978375 
6 7 -0.024198515849418678 
6 8 -0.008624871022217206 
7 0 0.03937193934661698 
7 1 -0.024198515849418678 
7 2 -0.02660637245849906 
7 3 0.03937193934661698 
7 4 0.025904558520107424 
7 5 0.019817249785395896 
7 6 -0.024198515849418678 
7 8 -0.02660637245849906 
8 0 0.03553259102327733 
8 1 -0.008624871022217206 
8 2 -0.05069858675686856 
8 3 0.03553259102327733 
8 4 0.028659298264004818 
8 5 0.004984361166906259 
8 6 -0.008624871022217206 
8 7 -0.02660637245849906 
