3 6 6 
K 
0 1 121.12938092110805 
0 2 80.41742108711993 
1 0 447.4216507773429 
1 2 161.8169426342859 
2 0 631.5839981725967 
2 1 344.0626022788805 
P 
0 1.0 -85.90340660443484 -85.90340660443484 
1 1.0 -52.1921012847553 -52.1921012847553 
2 1.0 -41.40255164367261 -41.40255164367261 
Alfa 
0 1.0575296108291032 
1 3.90625 
2 8.305647840531561 
Gamma 
0 1 -0.41655147397296144 
0 2 -0.4174152304088219 
1 0 -0.41655147397296144 
1 2 -0.42057160863737986 
2 0 -0.4174152304088219 
2 1 -0.42057160863737986 
