9 72 72 
K 
0 1 48.223662139319146 
0 2 32.05317607330168 
0 3 6.002243440229834 
0 4 31.33877674938815 
0 5 21.44192763843856 
0 6 5.720862669997406 
0 7 26.978590025869373 
0 8 5.8519012487644115 
1 0 178.1261520271101 
1 2 64.70654020986065 
1 3 10.917537181756034 
1 4 60.547290779555865 
1 5 40.463957164334545 
1 6 12.352214483777997 
1 7 56.657880085499976 
1 8 11.81337795017154 
2 0 251.73989447603054 
2 1 137.58201240634827 
2 3 15.429400044835138 
2 4 83.50864144972532 
2 5 58.70015911338879 
2 6 16.32160984714692 
2 7 79.32032067039437 
2 8 17.908773338744787 
3 0 1418.930349270333 
3 1 698.7223796323862 
3 2 464.4249413495376 
3 4 454.0738652705263 
3 5 310.67641980719014 
3 6 82.89073456890118 
3 7 390.89823928225104 
3 8 84.78937900024303 
4 0 148.16973647110717 
4 1 77.50053219783152 
4 2 50.27220215273463 
4 3 9.081477305410528 
4 5 32.84718350223054 
4 6 9.194032180189918 
4 7 42.918438854624824 
4 8 9.178122064501594 
5 0 140.80199149241315 
5 1 71.93592384770585 
5 2 49.079855258694515 
5 3 8.629900550199725 
5 4 45.62108819754242 
5 6 8.533892349012854 
5 7 40.692124908427644 
5 8 8.960437044388858 
6 0 1352.4119351873865 
6 1 790.5417269617918 
6 2 491.2804563991223 
6 3 82.89073456890118 
6 4 459.7016090094958 
6 5 307.22012456446276 
6 7 430.17149575197647 
6 8 89.69235091464799 
7 0 159.443467052888 
7 1 90.65260813679997 
7 2 59.68854130447178 
7 3 9.772455982056277 
7 4 53.64804856828102 
7 5 36.622912417584885 
7 6 10.754287393799414 
7 8 10.897249264714914 
8 0 1383.3894552079066 
8 1 756.0561888109787 
8 2 539.0540774962179 
8 3 84.78937900024302 
8 4 458.90610322507973 
8 5 322.5757335979989 
8 6 89.692350914648 
8 7 435.8899705885965 
P 
0 1.0 5.3396823944404606 5.3396823944404606 
1 1.0 46.746777695406635 46.746777695406635 
2 1.0 51.46656736371116 51.46656736371116 
3 0.0 -0.28556690135091495 -0.28556690135091495 
4 0.0 -47.51882268127639 -47.51882268127639 
5 0.0 -47.627494086079 -47.627494086079 
6 0.0 -1.1355055032795605 -1.1355055032795605 
7 0.0 -47.8831935388207 -47.8831935388207 
8 0.0 -1.76884293302775 -1.76884293302775 
Alfa 
0 1.0575296108291032 
1 3.90625 
2 8.305647840531561 
3 250.0 
4 5.0 
5 6.944444444444445 
6 250.0 
7 6.25 
8 250.0 
Gamma 
0 1 0.006441998370886992 
0 2 0.004989754939744184 
0 3 -0.0032836025037670247 
0 4 -0.0005227728246948171 
0 5 -0.0015318730769642297 
0 6 0.006441998370886992 
0 7 0.006254102733943778 
0 8 0.004989754939744184 
1 0 0.006441998370886992 
1 2 -0.006502145253379332 
1 3 0.006441998370886992 
1 4 0.002238624592028726 
1 5 0.001696616539097473 
1 6 -0.012108036520991128 
1 7 -0.009419835200653592 
1 8 -0.006502145253379332 
2 0 0.004989754939744184 
2 1 -0.006502145253379332 
2 3 0.004989754939744184 
2 4 0.0023400449985984118 
2 5 -0.0030723931423428663 
2 6 -0.006502145253379332 
2 7 -0.011099854629101014 
2 8 -0.017974399961870224 
3 0 -0.0032836025037670247 
3 1 0.006441998370886992 
3 2 0.004989754939744184 
3 4 -0.0005227728246948171 
3 5 -0.0015318730769642297 
3 6 0.006441998370886992 
3 7 0.006254102733943778 
3 8 0.004989754939744184 
4 0 -0.0005227728246948171 
4 1 0.002238624592028726 
4 2 0.0023400449985984118 
4 3 -0.0005227728246945951 
4 5 -0.0002382109117788911 
4 6 0.002238624592028726 
4 7 0.002703331291355804 
4 8 0.002340044998598634 
5 0 -0.0015318730769642297 
5 1 0.001696616539097473 
5 2 -0.0030723931423430884 
5 3 -0.0015318730769642297 
5 4 -0.0002382109117788911 
5 6 0.001696616539097473 
5 7 8.383853031124211e-05 
5 8 -0.0030723931423428663 
6 0 0.006441998370886992 
6 1 -0.012108036520991128 
6 2 -0.006502145253379332 
6 3 0.006441998370886992 
6 4 0.002238624592028726 
6 5 0.001696616539097473 
6 7 -0.009419835200653592 
6 8 -0.006502145253379332 
7 0 0.006254102733943778 
7 1 -0.009419835200653592 
7 2 -0.011099854629101014 
7 3 0.006254102733943778 
7 4 0.002703331291355804 
7 5 8.383853031124211e-05 
7 6 -0.009419835200653592 
7 8 -0.011099854629101014 
8 0 0.004989754939744184 
8 1 -0.006502145253379332 
8 2 -0.017974399961870224 
8 3 0.004989754939744184 
8 4 0.0023400449985984118 
8 5 -0.0030723931423428663 
8 6 -0.006502145253379332 
8 7 -0.011099854629101014 
