3 6 6 
K 
0 1 78.20152240158608 
0 2 52.18567815681933 
1 0 288.8568733708584 
1 2 107.2062554608753 
2 0 409.8569540289733 
2 1 227.9468554649841 
P 
0 1.0 -34.357661722536626 -34.357661722536626 
1 1.0 2.536473524117314 2.536473524117314 
2 1.0 9.547801350563683 9.547801350563683 
Alfa 
0 1.0575296108291032 
1 3.90625 
2 8.305647840531561 
Gamma 
0 1 -0.2744476587788909 
0 2 -0.2750265534333738 
1 0 -0.2744476587788911 
1 2 -0.2805383046665444 
2 0 -0.2750265534333738 
2 1 -0.2805383046665444 
