12 24 12 
K 
0 3 134.92557115253808 
1 4 254.13587518077813 
2 5 350.097707534246 
3 0 127.58562008184002 
3 6 2312.660217902406 
4 1 65.0587840462792 
4 9 2151.167526615737 
5 2 42.15176398712322 
5 11 2310.893836552257 
6 3 2312.660217902406 
6 7 1490.4732235716403 
6 8 1388.8992254038405 
7 6 1490.4732235716403 
7 9 784.3480773154664 
8 6 1388.8992254038405 
8 11 757.3659115602935 
9 4 2151.167526615737 
9 7 784.3480773154664 
9 10 1827.833846846306 
10 9 1827.833846846306 
10 11 1315.019034259676 
11 5 2310.893836552257 
11 8 757.3659115602937 
11 10 1315.0190342596757 
P 
0 1.0 5.661245644793789 5.661245644793789 
1 1.0 48.007462737669016 48.007462737669016 
2 1.0 53.22964296780048 53.22964296780048 
3 0.0 -0.0 -0.0 
4 0.0 -0.0 -0.0 
5 0.0 -0.0 -0.0 
6 0.0 -434.8489648386379 -434.8489648386379 
7 0.0 -325.3737528304443 -325.3737528304443 
8 0.0 -420.84838274851376 -420.84838274851376 
9 0.0 -375.6513278674697 -375.6513278674697 
10 0.0 -371.02039708990907 -371.02039708990907 
11 0.0 -331.1416606586353 -331.1416606586353 
Alfa 
0 1.0575296108291032 
1 3.90625 
2 8.305647840531561 
3 0.0 
4 0.0 
5 0.0 
6 0.0 
7 0.0 
8 0.0 
9 0.0 
10 0.0 
11 0.0 
Gamma 
6 7 0.11710874456686438 
6 8 0.18272156076209756 
7 6 0.11710874456686438 
7 9 0.19620081728811645 
8 6 0.18272156076209756 
8 11 0.22550963518842404 
9 7 0.19620081728811645 
9 10 0.11751164543144554 
10 9 0.11751164543144554 
10 11 0.11751164543144554 
11 8 0.22550963518842404 
11 10 0.11751164543144554 
