3 6 6 
K 
0 1 21.054992686439707 
0 2 15.510806150287518 
1 0 77.77187923553666 
1 2 43.969855001914794 
2 0 121.81908883481628 
2 1 93.49072159875573 
P 
0 1.0 -3.217314507971862 -3.217314507971862 
1 1.0 33.38793650900844 33.38793650900844 
2 1.0 35.67872291118868 35.67872291118868 
Alfa 
0 1.0575296108291032 
1 3.90625 
2 8.305647840531561 
Gamma 
0 1 -0.15931137188531452 
0 2 -0.15099363203285865 
1 0 -0.15931137188531475 
1 2 -0.17681434929782158 
2 0 -0.15099363203285865 
2 1 -0.17681434929782158 
