9 72 72 
K 
0 1 48.89660236598621 
0 2 32.49340476593181 
0 3 6.074302109449039 
0 4 31.738115836155888 
0 5 21.71346717291366 
0 6 5.799065870583337 
0 7 27.349246133424113 
0 8 5.931221279564661 
1 0 180.61182498936165 
1 2 65.53852334511478 
1 3 11.064283519626965 
1 4 61.32453457765911 
1 5 41.00180995069425 
1 6 12.492018707479186 
1 7 57.3369427795784 
1 8 11.963150279140738 
2 0 255.1973716500425 
2 1 139.35101309260287 
2 3 15.633395396818543 
2 4 84.60868893539792 
2 5 59.432704347242726 
2 6 16.52682732448225 
2 7 80.27004400258427 
2 8 18.104563886837422 
3 0 1435.9650186737524 
3 1 708.1141452561251 
3 2 470.5652014442381 
3 4 459.6272067973598 
3 5 314.4515672604356 
3 6 83.98130695249716 
3 7 396.06817472129256 
3 8 85.89516415204933 
4 0 150.05781167334496 
4 1 78.4954042594036 
4 2 50.93443073910956 
4 3 9.192544135947196 
4 5 33.26192715905171 
4 6 9.309440693470327 
4 7 43.470053545258814 
4 8 9.297375317807992 
5 0 142.58510110213302 
5 1 72.89210657901197 
5 2 49.69234446811129 
5 3 8.734765757234323 
5 4 46.19712105423849 
5 6 8.644897744292296 
5 7 41.213922328881864 
5 8 9.070649661488831 
6 0 1370.899171805901 
6 1 799.4891972786679 
6 2 497.4575024669159 
6 3 83.9813069524972 
6 4 465.47203467351625 
6 5 311.2163187945227 
6 7 435.2049893468283 
6 8 90.80398147147662 
7 0 161.63404464853647 
7 1 91.73910844732539 
7 2 60.403208111944664 
7 3 9.901704368032318 
7 4 54.33756693157354 
7 5 37.09253009599368 
7 6 10.880124733670709 
7 8 11.025769564264532 
8 0 1402.1407104890857 
8 1 765.6416178650069 
8 2 544.9473729938063 
8 3 85.89516415204936 
8 4 464.86876589039946 
8 5 326.5433878135979 
8 6 90.80398147147659 
8 7 441.03078257058115 
P 
0 1.0 5.347303374907633 5.347303374907633 
1 1.0 46.7492214946788 46.7492214946788 
2 1.0 51.46812031964149 51.46812031964149 
3 0.0 -0.27851686375979445 -0.27851686375979445 
4 0.0 -47.515275621612226 -47.515275621612226 
5 0.0 -47.62528427653491 -47.62528427653491 
6 0.0 -1.1326679417413583 -1.1326679417413583 
7 0.0 -47.88231484545201 -47.88231484545201 
8 0.0 -1.7666582242306337 -1.7666582242306337 
Alfa 
0 1.0575296108291032 
1 3.90625 
2 8.305647840531561 
3 250.0 
4 5.0 
5 6.944444444444445 
6 250.0 
7 6.25 
8 250.0 
Gamma 
0 1 0.006282197068387951 
0 2 0.004825486880465135 
0 3 -0.0031661482526463836 
0 4 -0.0004906839323042256 
0 5 -0.0015183164563519203 
0 6 0.006282197068387951 
0 7 0.006078825063269955 
0 8 0.004825486880465135 
1 0 0.006282197068387951 
1 2 -0.00648920459552893 
1 3 0.006282197068387951 
1 4 0.002141639680228069 
1 5 0.0015687045587438053 
1 6 -0.011945957879550217 
1 7 -0.009329900855175266 
1 8 -0.00648920459552893 
2 0 0.004825486880465135 
2 1 -0.00648920459552893 
2 3 0.004825486880465135 
2 4 0.0022022959368748207 
2 5 -0.0031297024951908448 
2 6 -0.00648920459552893 
2 7 -0.011008412081570995 
2 8 -0.017761183607662545 
3 0 -0.0031661482526463836 
3 1 0.006282197068387951 
3 2 0.004825486880465135 
3 4 -0.0004906839323042256 
3 5 -0.0015183164563519203 
3 6 0.006282197068387951 
3 7 0.006078825063269955 
3 8 0.004825486880465135 
4 0 -0.0004906839323040035 
4 1 0.002141639680228069 
4 2 0.0022022959368748207 
4 3 -0.0004906839323040035 
4 5 -0.00028305854469024005 
4 6 0.002141639680228069 
4 7 0.002575817293851923 
4 8 0.0022022959368748207 
5 0 -0.0015183164563519203 
5 1 0.0015687045587438053 
5 2 -0.0031297024951908448 
5 3 -0.0015183164563519203 
5 4 -0.00028305854469024005 
5 6 0.0015687045587438053 
5 7 -2.677533959882794e-05 
5 8 -0.0031297024951908448 
6 0 0.006282197068387951 
6 1 -0.011945957879550217 
6 2 -0.00648920459552893 
6 3 0.006282197068387951 
6 4 0.002141639680228069 
6 5 0.0015687045587438053 
6 7 -0.009329900855175266 
6 8 -0.00648920459552893 
7 0 0.006078825063269955 
7 1 -0.009329900855175266 
7 2 -0.011008412081570995 
7 3 0.006078825063269955 
7 4 0.002575817293851923 
7 5 -2.677533959882794e-05 
7 6 -0.009329900855175266 
7 8 -0.011008412081570995 
8 0 0.004825486880465135 
8 1 -0.00648920459552893 
8 2 -0.017761183607662545 
8 3 0.004825486880465135 
8 4 0.0022022959368748207 
8 5 -0.0031297024951908448 
8 6 -0.00648920459552893 
8 7 -0.011008412081570995 
