12 24 12 
K 
0 3 134.92557115253808 
1 4 254.13587518077813 
2 5 350.097707534246 
3 0 127.58562008184002 
3 6 1782.9447489973832 
4 1 65.0587840462792 
4 9 1658.4420037596158 
5 2 42.15176398712322 
5 11 1781.5829577888883 
6 3 1782.9447489973832 
6 7 1149.079915379252 
6 8 1070.771469864412 
7 6 1149.079915379252 
7 9 604.6929311147161 
8 6 1070.771469864412 
8 11 583.8910379626836 
9 4 1658.4420037596158 
9 7 604.6929311147162 
9 10 1409.1679936580438 
10 9 1409.1679936580438 
10 11 1013.8135571387427 
11 5 1781.5829577888883 
11 8 583.8910379626836 
11 10 1013.8135571387427 
P 
0 1.0 5.661245644793789 5.661245644793789 
1 1.0 48.007462737669016 48.007462737669016 
2 1.0 53.22964296780048 53.22964296780048 
3 0.0 -0.0 -0.0 
4 0.0 -0.0 -0.0 
5 0.0 -0.0 -0.0 
6 0.0 -335.24668797615607 -335.24668797615607 
7 0.0 -253.00555188264124 -253.00555188264124 
8 0.0 -326.00724170221633 -326.00724170221633 
9 0.0 -289.60828628888675 -289.60828628888675 
10 0.0 -287.7650699191095 -287.7650699191095 
11 0.0 -255.29357078710396 -255.29357078710396 
Alfa 
0 1.0575296108291032 
1 3.90625 
2 8.305647840531561 
3 0.0 
4 0.0 
5 0.0 
6 0.0 
7 0.0 
8 0.0 
9 0.0 
10 0.0 
11 0.0 
Gamma 
6 7 0.11710874456686438 
6 8 0.18272156076209756 
7 6 0.11710874456686438 
7 9 0.19620081728811645 
8 6 0.18272156076209756 
8 11 0.22550963518842404 
9 7 0.19620081728811645 
9 10 0.11751164543144554 
10 9 0.11751164543144554 
10 11 0.11751164543144554 
11 8 0.22550963518842404 
11 10 0.11751164543144554 
