12 24 12 
K 
0 3 134.92557115253808 
1 4 254.13587518077813 
2 5 350.097707534246 
3 0 127.58562008184002 
3 6 1188.6298326649223 
4 1 65.0587840462792 
4 9 1105.6280025064113 
5 2 42.15176398712322 
5 11 1187.7219718592594 
6 3 1188.6298326649223 
6 7 766.0532769195019 
6 8 713.8476465762749 
7 6 766.0532769195016 
7 9 403.1286207431443 
8 6 713.8476465762749 
8 11 389.2606919751227 
9 4 1105.6280025064113 
9 7 403.1286207431443 
9 10 939.4453291053632 
10 9 939.4453291053632 
10 11 675.8757047591623 
11 5 1187.7219718592594 
11 8 389.2606919751227 
11 10 675.8757047591623 
P 
0 1.0 5.661245644793789 5.661245644793789 
1 1.0 48.007462737669016 48.007462737669016 
2 1.0 53.22964296780048 53.22964296780048 
3 0.0 -0.0 -0.0 
4 0.0 -0.0 -0.0 
5 0.0 -0.0 -0.0 
6 0.0 -223.4977919841042 -223.4977919841042 
7 0.0 -171.81196057535072 -171.81196057535072 
8 0.0 -219.60010784539568 -219.60010784539568 
9 0.0 -193.07219085925797 -193.07219085925797 
10 0.0 -194.35665406894495 -194.35665406894495 
11 0.0 -170.1957138580694 -170.1957138580694 
Alfa 
0 1.0575296108291032 
1 3.90625 
2 8.305647840531561 
3 0.0 
4 0.0 
5 0.0 
6 0.0 
7 0.0 
8 0.0 
9 0.0 
10 0.0 
11 0.0 
Gamma 
6 7 0.11710874456686438 
6 8 0.18272156076209756 
7 6 0.11710874456686438 
7 9 0.19620081728811645 
8 6 0.18272156076209756 
8 11 0.22550963518842404 
9 7 0.19620081728811645 
9 10 0.11751164543144554 
10 9 0.11751164543144554 
10 11 0.11751164543144554 
11 8 0.22550963518842404 
11 10 0.11751164543144554 
