9 72 72 
K 
0 1 18.699176439974597 
0 2 13.096772224697624 
0 3 3.596963883081733 
0 4 16.101467348030322 
0 5 11.211389642924317 
0 6 2.3837043518559384 
0 7 11.028215376588397 
0 8 2.5036177104676436 
1 0 69.07008297515615 
1 2 31.817583740744496 
1 3 4.8022612948012515 
1 4 30.56560645708622 
1 5 18.283616197726705 
1 6 8.413019862227188 
1 7 33.74104243310476 
1 8 6.082343404231755 
2 0 102.85969946573158 
2 1 67.65200529593515 
2 3 7.151564501766186 
2 4 38.773972147639014 
2 5 32.18357366904857 
2 6 8.624036462427258 
2 7 47.63941272997504 
2 8 13.180089348823998 
3 0 850.3222619605218 
3 1 307.3447228672801 
3 2 215.2620915031621 
3 4 264.64807344444 
3 5 184.2734333152455 
3 6 39.17920961762359 
3 7 181.26273151754077 
3 8 41.15013802128378 
4 0 76.12773762148738 
4 1 39.123976265070354 
4 2 23.34193123287868 
4 3 5.2929614688888 
4 5 17.43994303419631 
4 6 4.987385021170663 
4 7 21.614342708077714 
4 8 4.462112605192088 
5 0 73.62145865520303 
5 1 32.504206573736376 
5 2 26.909043539954506 
5 3 5.118706480979044 
5 4 24.22214310305043 
5 6 4.143520379742727 
5 7 20.65817120835662 
5 8 5.144012343081764 
6 0 563.5077087787438 
6 1 538.43327118254 
6 2 259.5834975190604 
6 3 39.17920961762358 
6 4 249.36925105853325 
6 5 149.16673367073815 
6 7 275.27601957745077 
6 8 49.6227490700563 
7 0 65.17675287563743 
7 1 53.98566789296761 
7 2 35.84865807930622 
7 3 4.531568287938519 
7 4 27.01792838509714 
7 5 18.592354087520963 
7 6 6.881900489436271 
7 8 6.8529354961674285 
8 0 591.8552267545509 
8 1 389.2699778708323 
8 2 396.7206893996022 
8 3 41.15013802128378 
8 4 223.10563025960437 
8 5 185.18444435094352 
8 6 49.62274907005629 
8 7 274.11741984669715 
P 
0 1.0 4.34710816413517 4.34710816413517 
1 1.0 45.449561968429336 45.449561968429336 
2 1.0 49.66940525364286 49.66940525364286 
3 0.0 -1.5017577854733477 -1.5017577854733477 
4 0.0 -48.503766696111455 -48.503766696111455 
5 0.0 -48.55868302652981 -48.55868302652981 
6 0.0 -2.660256335833765 -2.660256335833765 
7 0.0 -48.75676032293848 -48.75676032293848 
8 0.0 -3.9160927863238584 -3.9160927863238584 
Alfa 
0 1.0575296108291032 
1 3.90625 
2 8.305647840531561 
3 250.0 
4 5.0 
5 6.944444444444445 
6 250.0 
7 6.25 
8 250.0 
Gamma 
0 1 0.03696538525170956 
0 2 0.03690122460343015 
0 3 -0.025404300948953074 
0 4 -0.009277310768909253 
0 5 -0.006196698355571684 
0 6 0.03696538525170956 
0 7 0.040873077395407575 
0 8 0.03690122460343015 
1 0 0.03696538525170956 
1 2 -0.008559920082148231 
1 3 0.03696538525170956 
1 4 0.018654549042992796 
1 5 0.026864551550398907 
1 6 -0.03876773961423963 
1 7 -0.024594574850025808 
1 8 -0.008559920082148231 
2 0 0.03690122460343015 
2 1 -0.008559920082148231 
2 3 0.03690122460343015 
2 4 0.029903166023900862 
2 5 0.005329896063022144 
2 6 -0.008559920082148231 
2 7 -0.027042022813945188 
2 8 -0.05166037729228634 
3 0 -0.025404300948953074 
3 1 0.03696538525170956 
3 2 0.03690122460343015 
3 4 -0.009277310768909253 
3 5 -0.006196698355571684 
3 6 0.03696538525170956 
3 7 0.040873077395407575 
3 8 0.03690122460343015 
4 0 -0.009277310768909253 
4 1 0.018654549042992796 
4 2 0.029903166023900862 
4 3 -0.009277310768909253 
4 5 0.006946920264602419 
4 6 0.018654549042992796 
4 7 0.026956147277718223 
4 8 0.029903166023900862 
5 0 -0.006196698355571684 
5 1 0.026864551550398907 
5 2 0.005329896063022144 
5 3 -0.006196698355571684 
5 4 0.006946920264602419 
5 6 0.026864551550398907 
5 7 0.02071715745779157 
5 8 0.005329896063022144 
6 0 0.03696538525170956 
6 1 -0.03876773961423963 
6 2 -0.008559920082148231 
6 3 0.03696538525170956 
6 4 0.018654549042992796 
6 5 0.026864551550398907 
6 7 -0.024594574850025808 
6 8 -0.008559920082148231 
7 0 0.040873077395407575 
7 1 -0.024594574850025808 
7 2 -0.027042022813945188 
7 3 0.040873077395407575 
7 4 0.026956147277718223 
7 5 0.02071715745779157 
7 6 -0.024594574850025808 
7 8 -0.027042022813945188 
8 0 0.03690122460343015 
8 1 -0.008559920082148231 
8 2 -0.05166037729228634 
8 3 0.03690122460343015 
8 4 0.029903166023900862 
8 5 0.005329896063022144 
8 6 -0.008559920082148231 
8 7 -0.027042022813945188 
