3 6 6 
K 
0 1 214.79474355945754 
0 2 142.13814864225625 
1 0 793.3980840227463 
1 2 282.215724713415 
2 0 1116.327519569083 
2 1 600.0600126796866 
P 
0 1.0 -275.37868418596935 -275.37868418596935 
1 1.0 -251.56103075377882 -251.56103075377882 
2 1.0 -226.59073148892173 -226.59073148892173 
Alfa 
0 1.0575296108291032 
1 3.90625 
2 8.305647840531561 
Gamma 
0 1 -0.7747766424082977 
0 2 -0.7758125218309746 
1 0 -0.7747766424082977 
1 2 -0.7773851696025592 
2 0 -0.7758125218309746 
2 1 -0.7773851696025592 
