3 6 6 
K 
0 1 117.66542688227595 
0 2 78.136270608507 
1 0 434.6266705464068 
1 2 157.37889024121554 
2 0 613.6682515565135 
2 1 334.6262118085647 
P 
0 1.0 -80.9131026670928 -80.9131026670928 
1 1.0 -46.90517733198992 -46.90517733198992 
2 1.0 -36.48106848964194 -36.48106848964194 
Alfa 
0 1.0575296108291032 
1 3.90625 
2 8.305647840531561 
Gamma 
0 1 -0.4046896005859715 
0 2 -0.40554055448142523 
1 0 -0.4046896005859715 
1 2 -0.40880958730371764 
2 0 -0.40554055448142523 
2 1 -0.4088095873037174 
