3 6 6 
K 
0 1 45.242784942042064 
0 2 30.735300182356863 
1 0 167.11553687966784 
1 2 67.59167543612276 
2 0 241.38953365811165 
2 1 143.71651919972942 
P 
0 1.0 -10.62019003251709 -10.62019003251709 
1 1.0 27.466602699833256 27.466602699833256 
2 1.0 32.42129000230394 32.42129000230394 
Alfa 
0 1.0575296108291032 
1 3.90625 
2 8.305647840531561 
Gamma 
0 1 -0.1778544200449692 
0 2 -0.17732192208145814 
1 0 -0.1778544200449692 
1 2 -0.18972583158328193 
2 0 -0.17732192208145792 
2 1 -0.18972583158328193 
