12 24 12 
K 
0 3 134.92557115253808 
1 4 254.13587518077813 
2 5 350.097707534246 
3 0 127.58562008184002 
3 6 801.0331481002746 
4 1 65.0587840462792 
4 9 745.0971321238865 
5 2 42.15176398712322 
5 11 800.4213288616756 
6 3 801.0331481002746 
6 7 516.2532953153168 
6 8 481.07124008401166 
7 6 516.2532953153168 
7 9 271.6736357182062 
8 6 481.07124008401166 
8 11 262.3278576354089 
9 4 745.0971321238865 
9 7 271.6736357182062 
9 10 633.1044609188322 
10 9 633.1044609188322 
10 11 455.48145320726195 
11 5 800.4213288616756 
11 8 262.3278576354089 
11 10 455.48145320726195 
P 
0 1.0 5.661245644793789 5.661245644793789 
1 1.0 48.007462737669016 48.007462737669016 
2 1.0 53.22964296780048 53.22964296780048 
3 0.0 -0.0 -0.0 
4 0.0 -0.0 -0.0 
5 0.0 -0.0 -0.0 
6 0.0 -150.61807720667903 -150.61807720667903 
7 0.0 -118.85961841842212 -118.85961841842212 
8 0.0 -150.20415098225175 -150.20415098225175 
9 0.0 -130.1138677529783 -130.1138677529783 
10 0.0 -133.4381219927507 -133.4381219927507 
11 0.0 -114.69711151304686 -114.69711151304686 
Alfa 
0 1.0575296108291032 
1 3.90625 
2 8.305647840531561 
3 0.0 
4 0.0 
5 0.0 
6 0.0 
7 0.0 
8 0.0 
9 0.0 
10 0.0 
11 0.0 
Gamma 
6 7 0.11710874456686438 
6 8 0.18272156076209756 
7 6 0.11710874456686438 
7 9 0.19620081728811645 
8 6 0.18272156076209756 
8 11 0.22550963518842404 
9 7 0.19620081728811645 
9 10 0.11751164543144554 
10 9 0.11751164543144554 
10 11 0.11751164543144554 
11 8 0.22550963518842404 
11 10 0.11751164543144554 
