9 72 72 
K 
0 1 12.342320270378071 
0 2 9.122899860633785 
0 3 3.5752624545165888 
0 4 14.051077447143667 
0 5 9.94976252229605 
0 6 1.710367034397538 
0 7 7.710284029536104 
0 8 1.8423694978418423 
1 0 45.589445498709 
1 2 25.826992201996738 
1 3 3.6409986128208454 
1 4 26.403780717687713 
1 5 14.011309900985367 
1 6 9.132766613918283 
1 7 32.78671389852372 
1 8 5.215760709956127 
2 0 71.64961883899755 
2 1 54.91453491454459 
2 3 5.722292955050742 
2 4 30.49668615634371 
2 5 30.105933319371307 
2 6 7.609915167452753 
2 7 46.99549016071767 
2 8 15.210411902193657 
3 0 845.1920442477214 
3 1 233.02391122053402 
3 2 172.2410179470274 
3 4 265.2853719453641 
3 5 187.8522455964343 
3 6 32.291854954900735 
3 7 145.57072753133846 
3 8 34.78407113862444 
4 0 66.43349417009524 
4 1 33.79683931864028 
4 2 18.359005066118915 
4 3 5.305707438907282 
4 5 15.897016199912489 
4 6 4.683479165272234 
4 7 18.687880253515466 
4 8 3.7076008134755 
5 0 65.33677389641072 
5 1 24.908995379529546 
5 2 25.171905358696563 
5 3 5.218117933234286 
5 4 22.079189166545124 
5 6 3.4518245859619765 
5 7 18.03187015702188 
5 8 5.083465931215684 
6 0 404.33076693157784 
6 1 584.4970632907701 
6 2 229.0584465403278 
6 3 32.291854954900735 
6 4 234.17395826361158 
6 5 124.26568509463114 
6 7 290.7839090986909 
6 8 46.25835003954746 
7 0 45.56777861455836 
7 1 52.45874223763797 
7 2 35.364106345940044 
7 3 3.639268188283462 
7 4 23.359850316894327 
7 5 16.228683141319703 
7 6 7.269597727467271 
7 8 7.141780776454641 
8 0 435.5361492898113 
8 1 333.80868543719214 
8 2 457.83339825602906 
8 3 34.78407113862443 
8 4 185.38004067377491 
8 5 183.0047735237646 
8 6 46.25835003954745 
8 7 285.6712310581855 
P 
0 1.0 4.041070395140985 4.041070395140985 
1 1.0 44.74108368267343 44.74108368267343 
2 1.0 48.37855922487403 48.37855922487403 
3 0.0 -2.4429910320591532 -2.4429910320591532 
4 0.0 -49.44759984743894 -49.44759984743894 
5 0.0 -49.56081834371594 -49.56081834371594 
6 0.0 -4.014500971634203 -4.014500971634203 
7 0.0 -49.519913956373095 -49.519913956373095 
8 0.0 -5.955152968575305 -5.955152968575305 
Alfa 
0 1.0575296108291032 
1 3.90625 
2 8.305647840531561 
3 250.0 
4 5.0 
5 6.944444444444445 
6 250.0 
7 6.25 
8 250.0 
Gamma 
0 1 0.06201219554772597 
0 2 0.06399718505665075 
0 3 -0.03619971274029554 
0 4 -0.01355680923025493 
0 5 -0.0070038935269927105 
0 6 0.06201219554772597 
0 7 0.07092916223887058 
0 8 0.06399718505665075 
1 0 0.06201219554772597 
1 2 -0.004420606597859589 
1 3 0.062012195547725746 
1 4 0.03126434146949908 
1 5 0.05050940350710542 
1 6 -0.04958321630841245 
1 7 -0.028508638364155514 
1 8 -0.004420606597859589 
2 0 0.06399718505665075 
2 1 -0.004420606597859589 
2 3 0.06399718505665097 
2 4 0.05594178689270213 
2 5 0.012661227267354969 
2 6 -0.004420606597859589 
2 7 -0.03156425017112774 
2 8 -0.06445288395020166 
3 0 -0.03619971274029554 
3 1 0.06201219554772597 
3 2 0.06399718505665075 
3 4 -0.01355680923025493 
3 5 -0.0070038935269927105 
3 6 0.06201219554772597 
3 7 0.07092916223887058 
3 8 0.06399718505665075 
4 0 -0.01355680923025493 
4 1 0.03126434146949908 
4 2 0.05594178689270213 
4 3 -0.01355680923025493 
4 5 0.015346509102664996 
4 6 0.03126434146949908 
4 7 0.04819425985677395 
4 8 0.05594178689270213 
5 0 -0.0070038935269927105 
5 1 0.0505094035071052 
5 2 0.012661227267354969 
5 3 -0.0070038935269927105 
5 4 0.015346509102664996 
5 6 0.05050940350710542 
5 7 0.03923174838637111 
5 8 0.012661227267354969 
6 0 0.06201219554772597 
6 1 -0.04958321630841245 
6 2 -0.004420606597859589 
6 3 0.062012195547725746 
6 4 0.03126434146949908 
6 5 0.05050940350710542 
6 7 -0.028508638364155514 
6 8 -0.004420606597859589 
7 0 0.07092916223887058 
7 1 -0.028508638364155514 
7 2 -0.03156425017112774 
7 3 0.07092916223887058 
7 4 0.04819425985677395 
7 5 0.03923174838637111 
7 6 -0.028508638364155514 
7 8 -0.03156425017112774 
8 0 0.06399718505665075 
8 1 -0.004420606597859589 
8 2 -0.06445288395020143 
8 3 0.06399718505665097 
8 4 0.05594178689270213 
8 5 0.012661227267354969 
8 6 -0.004420606597859589 
8 7 -0.03156425017112774 
