12 24 12 
K 
0 3 134.92557115253808 
1 4 254.13587518077813 
2 5 350.097707534246 
3 0 127.58562008184002 
3 6 865.6325955277159 
4 1 65.0587840462792 
4 9 805.185610520974 
5 2 42.15176398712322 
5 11 864.9714360279397 
6 3 865.6325955277159 
6 7 557.8866255826808 
6 8 519.8673078327224 
7 6 557.8866255826808 
7 9 293.5827998890292 
8 6 519.8673078327224 
8 11 283.4833300253613 
9 4 805.185610520974 
9 7 293.58279988902916 
9 10 684.161272283254 
10 9 684.161272283254 
10 11 492.21382846591194 
11 5 864.9714360279397 
11 8 283.4833300253613 
11 10 492.2138284659121 
P 
0 1.0 5.661245644793789 5.661245644793789 
1 1.0 48.007462737669016 48.007462737669016 
2 1.0 53.22964296780048 53.22964296780048 
3 0.0 -0.0 -0.0 
4 0.0 -0.0 -0.0 
5 0.0 -0.0 -0.0 
6 0.0 -162.7646963362499 -162.7646963362499 
7 0.0 -127.68500877791023 -127.68500877791023 
8 0.0 -161.77014379277574 -161.77014379277574 
9 0.0 -140.60692160402493 -140.60692160402493 
10 0.0 -143.5912106721164 -143.5912106721164 
11 0.0 -123.94687857055062 -123.94687857055062 
Alfa 
0 1.0575296108291032 
1 3.90625 
2 8.305647840531561 
3 0.0 
4 0.0 
5 0.0 
6 0.0 
7 0.0 
8 0.0 
9 0.0 
10 0.0 
11 0.0 
Gamma 
6 7 0.11710874456686438 
6 8 0.18272156076209756 
7 6 0.11710874456686438 
7 9 0.19620081728811645 
8 6 0.18272156076209756 
8 11 0.22550963518842404 
9 7 0.19620081728811645 
9 10 0.11751164543144554 
10 9 0.11751164543144554 
10 11 0.11751164543144554 
11 8 0.22550963518842404 
11 10 0.11751164543144554 
