3 6 6 
K 
0 1 39.4801868311346 
0 2 27.063007518514205 
1 0 145.8299401075034 
1 2 61.473207828021955 
2 0 212.54800589291546 
2 1 130.70715285692376 
P 
0 1.0 -8.085922300608317 -8.085922300608317 
1 1.0 29.913002165415303 29.913002165415303 
2 1.0 34.46183318531297 34.46183318531297 
Alfa 
0 1.0575296108291032 
1 3.90625 
2 8.305647840531561 
Gamma 
0 1 -0.16503996837354595 
0 2 -0.16387177623203542 
1 0 -0.16503996837354595 
1 2 -0.179085401394798 
2 0 -0.16387177623203564 
2 1 -0.179085401394798 
