12 24 12 
K 
0 3 134.92557115253808 
1 4 254.13587518077813 
2 5 350.097707534246 
3 0 127.58562008184002 
3 6 1795.8646384828714 
4 1 65.0587840462792 
4 9 1670.4596994390336 
5 2 42.15176398712322 
5 11 1794.492979222141 
6 3 1795.8646384828714 
6 7 1157.4065814327248 
6 8 1078.530683414154 
7 6 1157.4065814327246 
7 9 609.0747639488808 
8 6 1078.530683414154 
8 11 588.1221324406741 
9 4 1670.4596994390336 
9 7 609.0747639488808 
9 10 1419.379355930928 
10 9 1419.379355930928 
10 11 1021.1600321904726 
11 5 1794.492979222141 
11 8 588.1221324406741 
11 10 1021.1600321904729 
P 
0 1.0 5.661245644793789 5.661245644793789 
1 1.0 48.007462737669016 48.007462737669016 
2 1.0 53.22964296780048 53.22964296780048 
3 0.0 -0.0 -0.0 
4 0.0 -0.0 -0.0 
5 0.0 -0.0 -0.0 
6 0.0 -337.67601180207026 -337.67601180207026 
7 0.0 -254.77062995453883 -254.77062995453883 
8 0.0 -328.3204402643212 -328.3204402643212 
9 0.0 -291.7068970590961 -291.7068970590961 
10 0.0 -289.79568765498266 -289.79568765498266 
11 0.0 -257.1435241986047 -257.1435241986047 
Alfa 
0 1.0575296108291032 
1 3.90625 
2 8.305647840531561 
3 0.0 
4 0.0 
5 0.0 
6 0.0 
7 0.0 
8 0.0 
9 0.0 
10 0.0 
11 0.0 
Gamma 
6 7 0.11710874456686438 
6 8 0.18272156076209756 
7 6 0.11710874456686438 
7 9 0.19620081728811645 
8 6 0.18272156076209756 
8 11 0.22550963518842404 
9 7 0.19620081728811645 
9 10 0.11751164543144554 
10 9 0.11751164543144554 
10 11 0.11751164543144554 
11 8 0.22550963518842404 
11 10 0.11751164543144554 
