12 24 12 
K 
0 3 134.92557115253808 
1 4 254.13587518077813 
2 5 350.097707534246 
3 0 127.58562008184002 
3 6 1705.4254120844532 
4 1 65.0587840462792 
4 9 1586.3358296831111 
5 2 42.15176398712322 
5 11 1704.1228291893715 
6 3 1705.4254120844532 
6 7 1099.119919058415 
6 8 1024.216188565959 
7 6 1099.1199190584148 
7 9 578.4019341097287 
8 6 1024.216188565959 
8 11 558.5044710947408 
9 4 1586.3358296831111 
9 7 578.4019341097287 
9 10 1347.8998200207375 
10 9 1347.8998200207377 
10 11 969.7347068283627 
11 5 1704.1228291893715 
11 8 558.5044710947408 
11 10 969.7347068283627 
P 
0 1.0 5.661245644793789 5.661245644793789 
1 1.0 48.007462737669016 48.007462737669016 
2 1.0 53.22964296780048 53.22964296780048 
3 0.0 -0.0 -0.0 
4 0.0 -0.0 -0.0 
5 0.0 -0.0 -0.0 
6 0.0 -320.67074502067106 -320.67074502067106 
7 0.0 -242.4150834512555 -242.4150834512555 
8 0.0 -312.12805032958755 -312.12805032958755 
9 0.0 -277.01662166763083 -277.01662166763083 
10 0.0 -275.58136350387065 -275.58136350387065 
11 0.0 -244.19385031809946 -244.19385031809946 
Alfa 
0 1.0575296108291032 
1 3.90625 
2 8.305647840531561 
3 0.0 
4 0.0 
5 0.0 
6 0.0 
7 0.0 
8 0.0 
9 0.0 
10 0.0 
11 0.0 
Gamma 
6 7 0.11710874456686438 
6 8 0.18272156076209756 
7 6 0.11710874456686438 
7 9 0.19620081728811645 
8 6 0.18272156076209756 
8 11 0.22550963518842404 
9 7 0.19620081728811645 
9 10 0.11751164543144554 
10 9 0.11751164543144554 
10 11 0.11751164543144554 
11 8 0.22550963518842404 
11 10 0.11751164543144554 
