12 24 12 
K 
0 3 134.92557115253808 
1 4 254.13587518077813 
2 5 350.097707534246 
3 0 127.58562008184002 
3 6 697.6740322163685 
4 1 65.0587840462792 
4 9 648.9555666885466 
5 2 42.15176398712322 
5 11 697.1411573956532 
6 3 697.6740322163685 
6 7 449.6399668875341 
6 8 418.99753168607486 
7 6 449.6399668875342 
7 9 236.61897304488937 
8 6 418.9975316860749 
8 11 228.47910181148532 
9 4 648.9555666885466 
9 7 236.61897304488934 
9 10 551.4135627357572 
10 9 551.4135627357572 
10 11 396.70965279342187 
11 5 697.1411573956532 
11 8 228.47910181148532 
11 10 396.70965279342187 
P 
0 1.0 5.661245644793789 5.661245644793789 
1 1.0 48.007462737669016 48.007462737669016 
2 1.0 53.22964296780048 53.22964296780048 
3 0.0 -0.0 -0.0 
4 0.0 -0.0 -0.0 
5 0.0 -0.0 -0.0 
6 0.0 -131.18348659936566 -131.18348659936566 
7 0.0 -104.73899384324116 -104.73899384324116 
8 0.0 -131.69856248541336 -131.69856248541336 
9 0.0 -113.32498159130373 -113.32498159130373 
10 0.0 -117.19318010576553 -117.19318010576553 
11 0.0 -99.89748422104084 -99.89748422104084 
Alfa 
0 1.0575296108291032 
1 3.90625 
2 8.305647840531561 
3 0.0 
4 0.0 
5 0.0 
6 0.0 
7 0.0 
8 0.0 
9 0.0 
10 0.0 
11 0.0 
Gamma 
6 7 0.11710874456686438 
6 8 0.18272156076209756 
7 6 0.11710874456686438 
7 9 0.19620081728811645 
8 6 0.18272156076209756 
8 11 0.22550963518842404 
9 7 0.19620081728811645 
9 10 0.11751164543144554 
10 9 0.11751164543144554 
10 11 0.11751164543144554 
11 8 0.22550963518842404 
11 10 0.11751164543144554 
