9 72 72 
K 
0 1 26.061647421953833 
0 2 17.706517437525022 
0 3 3.916976605422623 
0 4 19.08446577815891 
0 5 13.157072760145958 
0 6 3.1829483838879784 
0 7 14.900481209174504 
0 8 3.2928669342019967 
1 0 96.26521016484195 
1 2 38.83311459859165 
1 3 6.213921260786352 
1 4 36.56002679320909 
1 5 23.339521165023786 
1 6 8.569121135778232 
1 7 36.966811284772035 
1 8 7.221763368486139 
2 0 139.06381136979792 
2 1 82.56874864816831 
2 3 8.976571833137376 
2 4 48.732662882264144 
2 5 36.71435123346861 
2 6 10.084246049923625 
2 7 51.876201065089624 
2 8 12.872988224271987 
3 0 925.9732695219083 
3 1 397.69096069032673 
3 2 270.194812177435 
3 4 291.22178681552754 
3 5 200.77199346374627 
3 6 48.57059801790665 
3 7 227.37575222635382 
3 8 50.24791385156521 
4 0 90.23135419913535 
4 1 46.796834295307654 
4 2 29.337063055123007 
4 3 5.8244357363105514 
4 5 20.255082588257785 
4 6 5.715368091652133 
4 7 25.880519985751423 
4 8 5.45579023213706 
5 0 86.39811112495846 
5 1 41.49248207115342 
5 2 30.697277003539032 
5 3 5.576999818437397 
5 4 28.132059150358035 
5 6 5.067539538602875 
5 7 24.615241392552008 
5 8 5.708748135913622 
6 0 752.4489979511183 
6 1 548.4237526898072 
6 2 303.53580610270103 
6 3 48.57059801790666 
6 4 285.7684045826067 
6 5 182.43142338970347 
6 7 288.94800168247764 
6 8 56.44831191613708 
7 0 88.06184394622133 
7 1 59.146898055635276 
7 2 39.036841301479946 
7 3 5.684393805658847 
7 4 32.35064998218929 
7 5 22.15371725329681 
7 6 7.22370004206194 
7 8 7.259650261034143 
8 0 778.4337432453523 
8 1 462.192855583113 
8 2 387.4769455505868 
8 3 50.24791385156521 
8 4 272.789511606853 
8 5 205.51493289289027 
8 6 56.44831191613708 
8 7 290.3860104413657 
P 
0 1.0 4.782325488934296 4.782325488934296 
1 1.0 46.15841789401933 46.15841789401933 
2 1.0 50.723807242061355 50.723807242061355 
3 0.0 -0.8657443407233039 -0.8657443407233039 
4 0.0 -47.933814789433605 -47.933814789433605 
5 0.0 -47.99309768902318 -47.99309768902318 
6 0.0 -1.7651551319278596 -1.7651551319278596 
7 0.0 -48.2343355979232 -48.2343355979232 
8 0.0 -2.6085619285592676 -2.6085619285592676 
Alfa 
0 1.0575296108291032 
1 3.90625 
2 8.305647840531561 
3 250.0 
4 5.0 
5 6.944444444444445 
6 250.0 
7 6.25 
8 250.0 
Gamma 
0 1 0.020340801177791024 
0 2 0.019395118578708237 
0 3 -0.014484717029463745 
0 4 -0.004660791606637682 
0 5 -0.0038649995885768895 
0 6 0.020340801177791024 
0 7 0.02177861978291107 
0 8 0.019395118578708237 
1 0 0.020340801177791024 
1 2 -0.008239951208493856 
1 3 0.020340801177791024 
1 4 0.009980709450935876 
1 5 0.01280891315467847 
1 6 -0.026356587260727204 
1 7 -0.017741460623025063 
1 8 -0.008239951208493856 
2 0 0.019395118578708237 
2 1 -0.008239951208493856 
2 3 0.019395118578708237 
2 4 0.014453190701841034 
2 5 0.0009424730341782706 
2 6 -0.008239951208493856 
2 7 -0.0196909138528929 
2 8 -0.036208385067237 
3 0 -0.014484717029463745 
3 1 0.020340801177791024 
3 2 0.019395118578708237 
3 4 -0.004660791606637682 
3 5 -0.0038649995885768895 
3 6 0.020340801177791024 
3 7 0.02177861978291107 
3 8 0.019395118578708237 
4 0 -0.004660791606637682 
4 1 0.009980709450935876 
4 2 0.014453190701841256 
4 3 -0.004660791606637682 
4 5 0.0028791895287412217 
4 6 0.009980709450935876 
4 7 0.013624187423858736 
4 8 0.014453190701841034 
5 0 -0.0038649995885768895 
5 1 0.01280891315467847 
5 2 0.0009424730341782706 
5 3 -0.0038649995885771116 
5 4 0.0028791895287412217 
5 6 0.01280891315467847 
5 7 0.009376996192475229 
5 8 0.0009424730341782706 
6 0 0.020340801177791024 
6 1 -0.026356587260727204 
6 2 -0.008239951208493856 
6 3 0.020340801177791024 
6 4 0.009980709450935876 
6 5 0.01280891315467847 
6 7 -0.017741460623025063 
6 8 -0.008239951208493856 
7 0 0.02177861978291107 
7 1 -0.017741460623025063 
7 2 -0.0196909138528929 
7 3 0.02177861978291107 
7 4 0.013624187423858736 
7 5 0.009376996192475229 
7 6 -0.017741460623025063 
7 8 -0.0196909138528929 
8 0 0.019395118578708237 
8 1 -0.008239951208493856 
8 2 -0.036208385067237 
8 3 0.019395118578708237 
8 4 0.014453190701841034 
8 5 0.0009424730341782706 
8 6 -0.008239951208493856 
8 7 -0.0196909138528929 
