9 72 72 
K 
0 1 19.53113970156675 
0 2 13.613452592826155 
0 3 3.615830059095674 
0 4 16.394087273682267 
0 5 11.397496230825604 
0 6 2.4723613200014185 
0 7 11.461342374679909 
0 8 2.5906037026393145 
1 0 72.1431472726622 
1 2 32.56745653098582 
1 3 4.956076416301995 
1 4 31.160458268672386 
1 5 18.83559269129738 
1 6 8.376623951298804 
1 7 33.963597159760994 
1 8 6.197500075710163 
2 0 106.91761438352502 
2 1 69.2464192020961 
2 3 7.3450062433616035 
2 4 39.847733535581604 
2 5 32.56743501093298 
2 6 8.765600523052546 
2 7 47.89939885015858 
2 8 13.041571786520823 
3 0 854.7822259702174 
3 1 317.1888906433275 
3 2 221.08468792518414 
3 4 266.2426481457216 
3 5 185.09719559668497 
3 6 40.15155061830904 
3 7 186.13406737428923 
3 8 42.071826175650415 
4 0 77.51124462996974 
4 1 39.88538658390065 
4 2 23.988335588420128 
4 3 5.324852962914432 
4 5 17.695712767398934 
4 6 5.048916168237179 
4 7 22.037164212556508 
4 8 4.564916252638484 
5 0 74.84355858242145 
5 1 33.485498117862 
5 2 27.22999427303008 
5 3 5.141588766574582 
5 4 24.57737884360963 
5 6 4.2387823543621055 
5 7 21.04527365173228 
5 8 5.181795250363781 
6 0 584.466216048335 
6 1 536.1039328831233 
6 2 263.84457574388153 
6 3 40.15155061830904 
6 4 252.44580841185893 
6 5 152.59616475703575 
6 7 275.15538018227863 
6 8 50.208918728199016 
7 0 67.73653343435825 
7 1 54.3417554556176 
7 2 36.044297634744325 
7 3 4.653351684357234 
7 4 27.546455265695634 
7 5 18.94074628655905 
7 6 6.878884504556971 
7 8 6.859133660244905 
8 0 612.4187153039339 
8 1 396.64000484545045 
8 2 392.5513107742767 
8 3 42.07182617565043 
8 4 228.2458126319242 
8 5 186.54462901309606 
8 6 50.20891872819903 
8 7 274.36534640979625 
P 
0 1.0 4.399547094332833 4.399547094332833 
1 1.0 45.54507792481645 45.54507792481645 
2 1.0 49.82097528688293 49.82097528688293 
3 0.0 -1.4076312345734552 -1.4076312345734552 
4 0.0 -48.414757273447805 -48.414757273447805 
5 0.0 -48.46826981820397 -48.46826981820397 
6 0.0 -2.525251315001772 -2.525251315001772 
7 0.0 -48.67839008718229 -48.67839008718229 
8 0.0 -3.7154939261329734 -3.7154939261329734 
Alfa 
0 1.0575296108291032 
1 3.90625 
2 8.305647840531561 
3 250.0 
4 5.0 
5 6.944444444444445 
6 250.0 
7 6.25 
8 250.0 
Gamma 
0 1 0.03446143770484067 
0 2 0.03424348079013084 
0 3 -0.02397353646244116 
0 4 -0.008662165425799673 
0 5 -0.005928077650999786 
0 6 0.03446143770484067 
0 7 0.03795936562812097 
0 8 0.03424348079013084 
1 0 0.03446143770484067 
1 2 -0.008672351008051749 
1 3 0.03446143770484067 
1 4 0.01736958080513551 
1 5 0.024675845027886334 
1 6 -0.037219585691454116 
1 7 -0.02380518304055279 
1 8 -0.008672351008051749 
2 0 0.03424348079013084 
2 1 -0.00867235100805197 
2 3 0.03424348079013084 
2 4 0.027493554024920153 
2 5 0.004659991931430962 
2 6 -0.00867235100805197 
2 7 -0.026175486331412978 
2 8 -0.049758428038075175 
3 0 -0.02397353646244116 
3 1 0.03446143770484067 
3 2 0.03424348079013084 
3 4 -0.008662165425799673 
3 5 -0.005928077650999786 
3 6 0.03446143770484067 
3 7 0.03795936562812097 
3 8 0.03424348079013084 
4 0 -0.008662165425799673 
4 1 0.01736958080513551 
4 2 0.027493554024920153 
4 3 -0.008662165425799673 
4 5 0.00627089229024369 
4 6 0.017369580805135287 
4 7 0.02491569119228476 
4 8 0.027493554024920153 
5 0 -0.005928077650999786 
5 1 0.024675845027886334 
5 2 0.004659991931430962 
5 3 -0.005928077650999786 
5 4 0.00627089229024369 
5 6 0.024675845027886334 
5 7 0.018972082984709315 
5 8 0.004659991931430962 
6 0 0.03446143770484067 
6 1 -0.037219585691454116 
6 2 -0.008672351008051749 
6 3 0.03446143770484067 
6 4 0.01736958080513551 
6 5 0.024675845027886334 
6 7 -0.02380518304055279 
6 8 -0.008672351008051749 
7 0 0.03795936562812097 
7 1 -0.02380518304055279 
7 2 -0.026175486331412978 
7 3 0.037959365628120745 
7 4 0.02491569119228476 
7 5 0.018972082984709315 
7 6 -0.02380518304055279 
7 8 -0.026175486331412978 
8 0 0.03424348079013084 
8 1 -0.00867235100805197 
8 2 -0.049758428038075175 
8 3 0.03424348079013084 
8 4 0.027493554024920153 
8 5 0.004659991931430962 
8 6 -0.00867235100805197 
8 7 -0.026175486331412978 
