12 24 12 
K 
0 3 134.92557115253808 
1 4 254.13587518077813 
2 5 350.097707534246 
3 0 127.58562008184002 
3 6 2299.7403284169177 
4 1 65.0587840462792 
4 9 2139.1498309363196 
5 2 42.15176398712322 
5 11 2297.983815119004 
6 3 2299.7403284169177 
6 7 1482.1465575181674 
6 8 1381.1400118540982 
7 6 1482.1465575181674 
7 9 779.9662444813016 
8 6 1381.1400118540985 
8 11 753.1348170823031 
9 4 2139.1498309363196 
9 7 779.9662444813015 
9 10 1817.6224845734214 
10 9 1817.6224845734214 
10 11 1307.6725592079454 
11 5 2297.983815119004 
11 8 753.1348170823031 
11 10 1307.6725592079454 
P 
0 1.0 5.661245644793789 5.661245644793789 
1 1.0 48.007462737669016 48.007462737669016 
2 1.0 53.22964296780048 53.22964296780048 
3 0.0 -0.0 -0.0 
4 0.0 -0.0 -0.0 
5 0.0 -0.0 -0.0 
6 0.0 -432.4196410127237 -432.4196410127237 
7 0.0 -323.60867475854656 -323.60867475854656 
8 0.0 -418.53518418640897 -418.53518418640897 
9 0.0 -373.5527170972603 -373.5527170972603 
10 0.0 -368.9897793540358 -368.9897793540358 
11 0.0 -329.2917072471345 -329.2917072471345 
Alfa 
0 1.0575296108291032 
1 3.90625 
2 8.305647840531561 
3 0.0 
4 0.0 
5 0.0 
6 0.0 
7 0.0 
8 0.0 
9 0.0 
10 0.0 
11 0.0 
Gamma 
6 7 0.11710874456686438 
6 8 0.18272156076209756 
7 6 0.11710874456686438 
7 9 0.19620081728811645 
8 6 0.18272156076209756 
8 11 0.22550963518842404 
9 7 0.19620081728811645 
9 10 0.11751164543144554 
10 9 0.11751164543144554 
10 11 0.11751164543144554 
11 8 0.22550963518842404 
11 10 0.11751164543144554 
