12 24 12 
K 
0 3 134.92557115253808 
1 4 254.13587518077813 
2 5 350.097707534246 
3 0 127.58562008184002 
3 6 2002.5828702506835 
4 1 65.0587840462792 
4 9 1862.7428303097133 
5 2 42.15176398712322 
5 11 2001.0533221541857 
6 3 2002.5828702506835 
6 7 1290.6332382882902 
6 8 1202.6781002100277 
7 6 1290.6332382882902 
7 9 679.1840892955145 
8 6 1202.6781002100279 
8 11 655.8196440885214 
9 4 1862.7428303097133 
9 7 679.1840892955145 
9 10 1582.7611522970776 
10 9 1582.7611522970776 
10 11 1138.703633018153 
11 5 2001.0533221541857 
11 8 655.8196440885214 
11 10 1138.7036330181531 
P 
0 1.0 5.661245644793789 5.661245644793789 
1 1.0 48.007462737669016 48.007462737669016 
2 1.0 53.22964296780048 53.22964296780048 
3 0.0 -0.0 -0.0 
4 0.0 -0.0 -0.0 
5 0.0 -0.0 -0.0 
6 0.0 -376.545193016697 -376.545193016697 
7 0.0 -283.01187910490074 -283.01187910490074 
8 0.0 -365.3316172579979 -365.3316172579979 
9 0.0 -325.2846693824453 -325.2846693824453 
10 0.0 -322.28557142895295 -322.28557142895295 
11 0.0 -286.74277878261665 -286.74277878261665 
Alfa 
0 1.0575296108291032 
1 3.90625 
2 8.305647840531561 
3 0.0 
4 0.0 
5 0.0 
6 0.0 
7 0.0 
8 0.0 
9 0.0 
10 0.0 
11 0.0 
Gamma 
6 7 0.11710874456686438 
6 8 0.18272156076209756 
7 6 0.11710874456686438 
7 9 0.19620081728811645 
8 6 0.18272156076209756 
8 11 0.22550963518842404 
9 7 0.19620081728811645 
9 10 0.11751164543144554 
10 9 0.11751164543144554 
10 11 0.11751164543144554 
11 8 0.22550963518842404 
11 10 0.11751164543144554 
