9 72 72 
K 
0 1 42.24626907016107 
0 2 28.148833927766116 
0 3 5.372871369105558 
0 4 27.82559596865813 
0 5 19.05479414593119 
0 6 5.027659527271894 
0 7 23.691256855897716 
0 8 5.1493897853439305 
1 0 156.04715637790744 
1 2 57.3767646986957 
1 3 9.619005265379915 
1 4 53.70413751263255 
1 5 35.70951486867871 
1 6 11.140561230761302 
1 7 50.72658744819796 
1 8 10.496183494269284 
2 0 221.07589171175783 
2 1 121.9971076650008 
2 3 13.627484254016336 
2 4 73.79395597079382 
2 5 52.27264709946731 
2 6 14.518676658355567 
2 7 71.02735999362763 
2 8 16.220754725198248 
3 0 1270.1467916565537 
3 1 615.6163369843147 
3 2 410.1872760458916 
3 4 405.47702416471697 
3 5 277.66813099227375 
3 6 73.26349544957849 
3 7 345.2310721204872 
3 8 75.03735944334342 
4 0 131.55941773981561 
4 1 68.74129601616964 
4 2 44.42396149441786 
4 3 8.109540483294339 
4 5 29.202943332376588 
4 6 8.180789438677763 
4 7 38.0612143379189 
4 8 8.126670331385252 
5 0 125.12648155828148 
5 1 63.48358198876215 
5 2 43.70574104705459 
5 3 7.713003638674267 
5 4 40.55964351718971 
5 6 7.555077473967562 
5 7 36.09881456518368 
5 8 7.995283111411303 
6 0 1188.5387122470756 
6 1 712.995918768723 
6 2 437.01216741650256 
6 3 73.26349544957849 
6 4 409.0394719338883 
6 5 271.9827890628322 
6 7 386.36085605021367 
6 8 79.94455460358519 
7 0 140.0153280183555 
7 1 81.16253991711677 
7 2 53.44808839520479 
7 3 8.63077680301218 
7 4 47.576517922398644 
7 5 32.48893310866531 
7 6 9.659021401255345 
7 8 9.77749348817409 
8 0 1217.3157452553057 
8 1 671.7557436332341 
8 2 488.2447172284672 
8 3 75.03735944334342 
8 4 406.3335165692627 
8 5 287.83019201080697 
8 6 79.94455460358523 
8 7 391.09973952696356 
P 
0 1.0 5.258008281650078 5.258008281650078 
1 1.0 46.70364268687973 46.70364268687973 
2 1.0 51.42523765858731 51.42523765858731 
3 0.0 -0.362207005056491 -0.362207005056491 
4 0.0 -47.56154690690481 -47.56154690690481 
5 0.0 -47.65779656937974 -47.65779656937974 
6 0.0 -1.1818235156874655 -1.1818235156874655 
7 0.0 -47.90368681026333 -47.90368681026333 
8 0.0 -1.8175706813823844 -1.8175706813823844 
Alfa 
0 1.0575296108291032 
1 3.90625 
2 8.305647840531561 
3 250.0 
4 5.0 
5 6.944444444444445 
6 250.0 
7 6.25 
8 250.0 
Gamma 
0 1 0.008175176231864034 
0 2 0.006773929312388072 
0 3 -0.0046262614759871035 
0 4 -0.0009292004519547703 
0 5 -0.0017306999069417461 
0 6 0.008175176231864034 
0 7 0.008162207862491444 
0 8 0.006773929312388072 
1 0 0.008175176231864034 
1 2 -0.006685814078999819 
1 3 0.008175176231864034 
1 4 0.0032676964447801993 
1 5 0.003077084002955033 
1 6 -0.013928428746365684 
1 7 -0.010450935020031693 
1 8 -0.006685814078999819 
2 0 0.006773929312388072 
2 1 -0.006685814078999819 
2 3 0.006773929312388072 
2 4 0.003831305760724879 
2 5 -0.002485868677227998 
2 6 -0.006685814078999819 
2 7 -0.012150088979855811 
2 8 -0.020351122863260462 
3 0 -0.0046262614759871035 
3 1 0.008175176231864034 
3 2 0.006773929312388072 
3 4 -0.0009292004519547703 
3 5 -0.0017306999069417461 
3 6 0.008175176231864034 
3 7 0.008162207862491444 
3 8 0.006773929312388072 
4 0 -0.0009292004519547703 
4 1 0.0032676964447801993 
4 2 0.003831305760724879 
4 3 -0.0009292004519547703 
4 5 0.00021343174766741413 
4 6 0.0032676964447801993 
4 7 0.004077232299207978 
4 8 0.003831305760724879 
5 0 -0.0017306999069417461 
5 1 0.0030770840029548108 
5 2 -0.002485868677227998 
5 3 -0.0017306999069417461 
5 4 0.00021343174766741413 
5 6 0.0030770840029548108 
5 7 0.0012686678010245256 
5 8 -0.002485868677227998 
6 0 0.008175176231864034 
6 1 -0.013928428746365684 
6 2 -0.006685814078999819 
6 3 0.008175176231864034 
6 4 0.0032676964447801993 
6 5 0.003077084002955033 
6 7 -0.010450935020031693 
6 8 -0.006685814078999819 
7 0 0.008162207862491444 
7 1 -0.010450935020031693 
7 2 -0.012150088979855811 
7 3 0.008162207862491444 
7 4 0.004077232299207756 
7 5 0.0012686678010245256 
7 6 -0.010450935020031915 
7 8 -0.012150088979855589 
8 0 0.006773929312388072 
8 1 -0.006685814078999819 
8 2 -0.020351122863260462 
8 3 0.006773929312388072 
8 4 0.003831305760724879 
8 5 -0.002485868677227998 
8 6 -0.006685814078999819 
8 7 -0.012150088979855811 
