3 6 6 
K 
0 1 16.5297161788622 
0 2 12.594117588345632 
1 0 61.05663913567225 
1 2 38.91724445063521 
2 0 98.91194012906669 
2 1 82.74762939669945 
P 
0 1.0 -2.382057134732865 -2.382057134732865 
1 1.0 33.79249014933396 33.79249014933396 
2 1.0 35.22957307140798 35.22957307140798 
Alfa 
0 1.0575296108291032 
1 3.90625 
2 8.305647840531561 
Gamma 
0 1 -0.17611653826655682 
0 2 -0.16296602218707035 
1 0 -0.1761165382665566 
1 2 -0.18820748957120026 
2 0 -0.16296602218707035 
2 1 -0.18820748957120026 
