9 72 72 
K 
0 1 27.619357394732567 
0 2 18.69587766435837 
0 3 4.024576675377121 
0 4 19.826936469949327 
0 5 13.65194432241252 
0 6 3.3564184746474264 
0 7 15.732958652242534 
0 8 3.4658231717564423 
1 0 102.01900137679341 
1 2 40.45970016300885 
1 3 6.5276258299819 
1 4 38.03196054675511 
1 5 24.468194570460607 
1 6 8.72251466359154 
1 7 37.99413735134676 
1 8 7.500378899814889 
2 0 146.83406909815014 
2 1 86.02726944958692 
2 3 9.395091593049646 
2 4 50.99081689816528 
2 5 37.96971537689844 
2 6 10.454389375443377 
2 7 53.288898875867304 
2 8 13.030277354258725 
3 0 951.4099260591516 
3 1 417.7680531188416 
3 2 282.7922569507943 
3 4 299.90055633739667 
3 5 206.49814980665755 
3 6 50.7689006505629 
3 7 237.9753957345915 
3 8 52.42374680284909 
4 0 93.74175562992038 
4 1 48.680909499846535 
4 2 30.696471772695507 
4 3 5.998011126747932 
4 5 20.99619421266436 
4 6 5.915905343948589 
4 7 26.927704650800532 
4 8 5.690481349468479 
5 0 89.64776771717551 
5 1 43.499012569707745 
5 2 31.746900912351187 
5 3 5.736059716851598 
5 4 29.16138085092271 
5 6 5.286179809734903 
5 7 25.597072872689086 
5 8 5.885208856669026 
6 0 793.4573274066515 
6 1 558.2409384698585 
6 2 314.67712020084576 
6 3 50.7689006505629 
6 4 295.7952671974293 
6 5 190.3024731504565 
6 7 295.5010956103948 
6 8 58.33453098020726 
7 0 92.98178563475338 
7 1 60.790619762154805 
7 2 40.099896404090146 
7 3 5.949384893364788 
7 4 33.65963081350066 
7 5 23.037365585420186 
7 6 7.387527390259872 
7 8 7.433678837515979 
8 0 819.320597803223 
8 1 480.0242495881527 
8 2 392.2113483631875 
8 3 52.42374680284909 
8 4 284.5240674734238 
8 5 211.86751884008493 
8 6 58.33453098020725 
8 7 297.347153500639 
P 
0 1.0 4.855856379177239 4.855856379177239 
1 1.0 46.26156683829907 46.26156683829907 
2 1.0 50.86516175212369 50.86516175212369 
3 0.0 -0.7794740789989495 -0.7794740789989495 
4 0.0 -47.863275446563456 -47.863275446563456 
5 0.0 -47.925890235560495 -47.925890235560495 
6 0.0 -1.6501498528721361 -1.6501498528721361 
7 0.0 -48.16728225782106 -48.16728225782106 
8 0.0 -2.445814134815832 -2.445814134815832 
Alfa 
0 1.0575296108291032 
1 3.90625 
2 8.305647840531561 
3 250.0 
4 5.0 
5 6.944444444444445 
6 250.0 
7 6.25 
8 250.0 
Gamma 
0 1 0.018166001083742334 
0 2 0.017127585681551594 
0 3 -0.012804767087703839 
0 4 -0.0039807021145485955 
0 5 -0.0034788355663251114 
0 6 0.01816600108374211 
0 7 0.019321860746047914 
0 8 0.017127585681551594 
1 0 0.018166001083742334 
1 2 -0.008017747509209583 
1 3 0.018166001083742334 
1 4 0.008814811839527037 
1 5 0.011044279273183966 
1 6 -0.024326633121503072 
1 7 -0.01655394021502654 
1 8 -0.008017747509209583 
2 0 0.017127585681551594 
2 1 -0.008017747509209583 
2 3 0.017127585681551594 
2 4 0.012519676494407328 
2 5 0.0003645285169817658 
2 6 -0.008017747509209583 
2 7 -0.018446991230717025 
2 8 -0.03364532224229211 
3 0 -0.012804767087703839 
3 1 0.018166001083742334 
3 2 0.017127585681551594 
3 4 -0.0039807021145485955 
3 5 -0.0034788355663251114 
3 6 0.01816600108374211 
3 7 0.019321860746047914 
3 8 0.017127585681551594 
4 0 -0.0039807021145485955 
4 1 0.008814811839527037 
4 2 0.012519676494407328 
4 3 -0.0039807021145485955 
4 5 0.0024064267170313958 
4 6 0.008814811839527037 
4 7 0.011912036946942317 
4 8 0.012519676494407328 
5 0 -0.0034788355663248893 
5 1 0.011044279273183966 
5 2 0.0003645285169817658 
5 3 -0.0034788355663251114 
5 4 0.0024064267170313958 
5 6 0.011044279273183966 
5 7 0.007927269085320487 
5 8 0.0003645285169817658 
6 0 0.018166001083742334 
6 1 -0.024326633121503072 
6 2 -0.008017747509209583 
6 3 0.018166001083742334 
6 4 0.008814811839527037 
6 5 0.011044279273183966 
6 7 -0.01655394021502654 
6 8 -0.008017747509209583 
7 0 0.019321860746047914 
7 1 -0.01655394021502654 
7 2 -0.018446991230717025 
7 3 0.019321860746047914 
7 4 0.011912036946942317 
7 5 0.007927269085320487 
7 6 -0.01655394021502654 
7 8 -0.018446991230717025 
8 0 0.017127585681551594 
8 1 -0.008017747509209583 
8 2 -0.03364532224229211 
8 3 0.017127585681551594 
8 4 0.012519676494407328 
8 5 0.0003645285169817658 
8 6 -0.008017747509209583 
8 7 -0.018446991230717025 
