3 6 6 
K 
0 1 136.88900182683355 
0 2 90.79863003493726 
1 0 505.63375049786646 
1 2 182.03779842162805 
2 0 713.1161508391751 
2 1 387.057112923063 
P 
0 1.0 -110.43241623371364 -110.43241623371364 
1 1.0 -78.14415053426035 -78.14415053426035 
2 1.0 -65.55215284813636 -65.55215284813636 
Alfa 
0 1.0575296108291032 
1 3.90625 
2 8.305647840531561 
Gamma 
0 1 -0.4714410580715984 
0 2 -0.472352905207714 
1 0 -0.4714410580715982 
1 2 -0.47507994352263005 
2 0 -0.4723529052077142 
2 1 -0.47507994352263005 
