9 72 72 
K 
0 1 27.793666881371426 
0 2 18.80689288227173 
0 3 4.037307188900748 
0 4 19.91206574376031 
0 5 13.708833548325781 
0 6 3.3759131585765902 
0 7 15.826383922397902 
0 8 3.48529308059777 
1 0 102.66285704306574 
1 2 40.64479508101594 
1 3 6.563015862317528 
1 4 38.20037494185416 
1 5 24.595717251369916 
1 6 8.741701618660297 
1 7 38.115297423762364 
1 8 7.532292758029883 
2 0 147.70596270329034 
2 1 86.42082675033289 
2 3 9.442524824474022 
2 4 51.246573054539994 
2 5 38.11533132769877 
2 6 10.49696707695163 
2 7 53.45605956037496 
2 8 13.051481598685308 
3 0 954.4194194561369 
3 1 420.03301518832177 
3 2 284.2199972166679 
3 4 300.92197077404995 
3 5 207.17535093857947 
3 6 51.01863633406577 
3 7 239.17692425493854 
3 8 52.67164522431811 
4 0 94.14424683649872 
4 1 48.89647992557333 
4 2 30.85043697883307 
4 3 6.018439415481001 
4 5 21.081664031214476 
4 6 5.939132489907502 
4 7 27.04749461467279 
4 8 5.717202475114887 
5 0 90.02134030067266 
5 1 43.72571955799096 
5 2 31.868652026770345 
5 3 5.754870859404987 
5 4 29.280088932242325 
5 6 5.311074377270788 
5 7 25.70952473740167 
5 8 5.905898071104673 
6 0 798.0658706875067 
6 1 559.4689035942592 
6 2 315.95870901624403 
6 3 51.018636334065775 
6 4 296.9566244953751 
6 5 191.19867758174843 
6 7 296.2952610236438 
6 8 58.55346277464957 
7 0 93.53392898137162 
7 1 60.98447587801979 
7 2 40.22568481918215 
7 3 5.979423106373464 
7 4 33.80936826834099 
7 5 23.1385722636615 
7 6 7.407381525591092 
7 8 7.454623251178289 
8 0 823.9232842533131 
8 1 482.06673651391253 
8 2 392.84959612042763 
8 3 52.67164522431813 
8 4 285.8601237557443 
8 5 212.61233055976825 
8 6 58.553462774649546 
8 7 298.1849300471316 
P 
0 1.0 4.863592557039886 4.863592557039886 
1 1.0 46.27212842200238 46.27212842200238 
2 1.0 50.87946635646291 50.87946635646291 
3 0.0 -0.770622594473466 -0.770622594473466 
4 0.0 -47.85615434430582 -47.85615434430582 
5 0.0 -47.919158002354486 -47.919158002354486 
6 0.0 -1.63852837121197 -1.63852837121197 
7 0.0 -48.16052132800249 -48.16052132800249 
8 0.0 -2.429469782494323 -2.429469782494323 
Alfa 
0 1.0575296108291032 
1 3.90625 
2 8.305647840531561 
3 250.0 
4 5.0 
5 6.944444444444445 
6 250.0 
7 6.25 
8 250.0 
Gamma 
0 1 0.01794449788065955 
0 2 0.01689691032404106 
0 3 -0.012630597936515775 
0 4 -0.003910884264783254 
0 5 -0.003438836998477246 
0 6 0.01794449788065955 
0 7 0.019072153541967563 
0 8 0.01689691032404106 
1 0 0.01794449788065955 
1 2 -0.007993027494434202 
1 3 0.01794449788065955 
1 4 0.008695507831552929 
1 5 0.010865352335637013 
1 6 -0.02411430145871063 
1 7 -0.01642927703342867 
1 8 -0.007993027494434202 
2 0 0.01689691032404128 
2 1 -0.007993027494434202 
2 3 0.01689691032404128 
2 4 0.012323746788890588 
2 5 0.0003053011988569665 
2 6 -0.007993027494434202 
2 7 -0.018316803246176905 
2 8 -0.03337671381884855 
3 0 -0.012630597936515775 
3 1 0.01794449788065955 
3 2 0.01689691032404106 
3 4 -0.003910884264783254 
3 5 -0.003438836998477246 
3 6 0.01794449788065955 
3 7 0.019072153541967563 
3 8 0.01689691032404106 
4 0 -0.003910884264783254 
4 1 0.008695507831552929 
4 2 0.012323746788890366 
4 3 -0.003910884264783254 
4 5 0.0023587287054678274 
4 6 0.008695507831552929 
4 7 0.011737954802107264 
4 8 0.012323746788890588 
5 0 -0.003438836998477246 
5 1 0.010865352335637013 
5 2 0.0003053011988569665 
5 3 -0.003438836998477246 
5 4 0.0023587287054678274 
5 6 0.010865352335637013 
5 7 0.007779873018535666 
5 8 0.0003053011988569665 
6 0 0.01794449788065955 
6 1 -0.02411430145871063 
6 2 -0.007993027494434202 
6 3 0.01794449788065955 
6 4 0.008695507831552929 
6 5 0.010865352335637013 
6 7 -0.01642927703342867 
6 8 -0.007993027494434202 
7 0 0.019072153541967563 
7 1 -0.01642927703342867 
7 2 -0.018316803246176905 
7 3 0.019072153541967563 
7 4 0.011737954802107264 
7 5 0.007779873018535666 
7 6 -0.01642927703342867 
7 8 -0.018316803246176905 
8 0 0.01689691032404128 
8 1 -0.007993027494434202 
8 2 -0.03337671381884855 
8 3 0.01689691032404128 
8 4 0.012323746788890588 
8 5 0.0003053011988569665 
8 6 -0.007993027494434202 
8 7 -0.018316803246176905 
