3 6 6 
K 
0 1 55.39557659924073 
0 2 37.28713037432888 
1 0 204.6174110634455 
1 2 79.21926610321205 
2 0 292.8464325744634 
2 1 168.43963556829135 
P 
0 1.0 -16.339718152895156 -16.339718152895156 
1 1.0 21.60259155986115 21.60259155986115 
2 1.0 27.174290873360167 27.174290873360167 
Alfa 
0 1.0575296108291032 
1 3.90625 
2 8.305647840531561 
Gamma 
0 1 -0.2049875086379307 
0 2 -0.2050533948546922 
1 0 -0.2049875086379307 
1 2 -0.21413134135305545 
2 0 -0.20505339485469243 
2 1 -0.21413134135305567 
