3 6 6 
K 
0 1 21.715461374382606 
0 2 15.929462775597061 
1 0 80.21148545162575 
1 2 44.637915029664114 
2 0 125.10714286216425 
2 1 94.911181458422 
P 
0 1.0 -3.338828106734947 -3.338828106734947 
1 1.0 33.33403952585346 33.33403952585346 
2 1.0 35.74115777944911 35.74115777944911 
Alfa 
0 1.0575296108291032 
1 3.90625 
2 8.305647840531561 
Gamma 
0 1 -0.1578195123525623 
0 2 -0.15003731524079966 
1 0 -0.1578195123525623 
1 2 -0.1757116202091238 
2 0 -0.15003731524079966 
2 1 -0.1757116202091238 
