12 24 12 
K 
0 3 134.92557115253808 
1 4 254.13587518077813 
2 5 350.097707534246 
3 0 127.58562008184002 
3 6 1136.9502747229697 
4 1 65.0587840462792 
4 9 1057.5572197887413 
5 2 42.15176398712322 
5 11 1136.0818861262483 
6 3 1136.9502747229697 
6 7 732.7466127056103 
6 8 682.8107923773066 
7 6 732.7466127056103 
7 9 385.60128940648593 
8 6 682.8107923773066 
8 11 372.3363140631608 
9 4 1057.5572197887413 
9 7 385.60128940648593 
9 10 898.5998800138256 
10 9 898.5998800138256 
10 11 646.4898045522423 
11 5 1136.0818861262483 
11 8 372.33631406316084 
11 10 646.4898045522423 
P 
0 1.0 5.661245644793789 5.661245644793789 
1 1.0 48.007462737669016 48.007462737669016 
2 1.0 53.22964296780048 53.22964296780048 
3 0.0 -0.0 -0.0 
4 0.0 -0.0 -0.0 
5 0.0 -0.0 -0.0 
6 0.0 -213.78049668044753 -213.78049668044753 
7 0.0 -164.75164828776025 -164.75164828776025 
8 0.0 -210.3473135969765 -210.3473135969765 
9 0.0 -184.6777477784207 -184.6777477784207 
10 0.0 -186.23418312545238 -186.23418312545238 
11 0.0 -162.7959002120664 -162.7959002120664 
Alfa 
0 1.0575296108291032 
1 3.90625 
2 8.305647840531561 
3 0.0 
4 0.0 
5 0.0 
6 0.0 
7 0.0 
8 0.0 
9 0.0 
10 0.0 
11 0.0 
Gamma 
6 7 0.11710874456686438 
6 8 0.18272156076209756 
7 6 0.11710874456686438 
7 9 0.19620081728811645 
8 6 0.18272156076209756 
8 11 0.22550963518842404 
9 7 0.19620081728811645 
9 10 0.11751164543144554 
10 9 0.11751164543144554 
10 11 0.11751164543144554 
11 8 0.22550963518842404 
11 10 0.11751164543144554 
