3 6 6 
K 
0 1 13.780500184289789 
0 2 10.764579319217203 
1 0 50.90172255572043 
1 2 35.2752864484712 
2 0 84.54307478614439 
2 1 75.0039313190085 
P 
0 1.0 -1.8335786584708542 -1.8335786584708542 
1 1.0 34.14118797690895 34.14118797690895 
2 1.0 35.03415786121625 35.03415786121625 
Alfa 
0 1.0575296108291032 
1 3.90625 
2 8.305647840531561 
Gamma 
0 1 -0.19425504608863298 
0 2 -0.17676409732743514 
1 0 -0.19425504608863275 
1 2 -0.1997123871177824 
2 0 -0.17676409732743514 
2 1 -0.1997123871177824 
