9 72 72 
K 
0 1 24.332930964543394 
0 2 16.61459819348968 
0 3 3.812041811778218 
0 4 18.302778145497147 
0 5 12.639221490184788 
0 6 2.992139140571379 
0 7 13.982053909210281 
0 8 3.1032867301552916 
1 0 89.87976375028215 
1 2 37.08915105807348 
1 3 5.871641054478414 
1 4 35.00325647106459 
1 5 22.111490316497523 
1 6 8.441641405786395 
1 7 35.95556817721068 
1 8 6.927538600141715 
2 0 130.48807351963322 
2 1 78.86065341251506 
2 3 8.524489803137374 
2 4 46.288485434963945 
2 5 35.429026345856215 
2 6 9.697230805053902 
2 7 50.49817061377538 
2 8 12.775350661392002 
3 0 901.1666843043708 
3 1 375.78502748661873 
3 2 256.58714307443495 
3 4 282.65850910066035 
3 5 195.19350965239053 
3 6 46.20902803783968 
3 7 215.9315094531016 
3 8 47.92553313407013 
4 0 86.53553507191049 
4 1 44.804168282962685 
4 2 27.865668231848296 
4 3 5.6531701820132065 
4 5 19.485766728130134 
4 6 5.509418728699172 
4 7 24.772536648336768 
4 8 5.204769771964116 
5 0 82.99755445221348 
5 1 39.30931611821783 
5 2 29.622602583618665 
5 3 5.422041934788627 
5 4 27.06356490018075 
5 6 4.833735135228912 
5 7 23.579405570207037 
5 8 5.532931247559681 
6 0 707.341692831074 
6 1 540.2650499703291 
6 2 291.88664723212247 
6 3 46.20902803783967 
6 4 275.47093643495856 
6 5 174.01446486824088 
6 7 282.9655019102279 
6 8 54.51880018500234 
7 0 82.63393860343275 
7 1 57.52890908353707 
7 2 37.99987338686597 
7 3 5.398287736327538 
7 4 30.96567081042095 
7 5 21.221465013186325 
7 6 7.074137547755695 
7 8 7.0976439788505 
8 0 733.616983008711 
8 1 443.3624704090698 
8 2 384.53805490789915 
8 3 47.925533134070136 
8 4 260.2384885982059 
8 5 199.18552491214854 
8 6 54.51880018500234 
8 7 283.90575915402 
P 
0 1.0 4.691418270327125 4.691418270327125 
1 1.0 46.024364997796205 46.024364997796205 
2 1.0 50.53574450436609 50.53574450436609 
3 0.0 -0.9784464525660227 -0.9784464525660227 
4 0.0 -48.0288032467566 -48.0288032467566 
5 0.0 -48.084856296709894 -48.084856296709894 
6 0.0 -1.9191053497253057 -1.9191053497253057 
7 0.0 -48.324346235276245 -48.324346235276245 
8 0.0 -2.828862517496858 -2.828862517496858 
Alfa 
0 1.0575296108291032 
1 3.90625 
2 8.305647840531561 
3 250.0 
4 5.0 
5 6.944444444444445 
6 250.0 
7 6.25 
8 250.0 
Gamma 
0 1 0.02322023792563388 
0 2 0.022404920735209277 
0 3 -0.016620893060635078 
0 4 -0.005541047931095999 
0 5 -0.004353461593914698 
0 6 0.02322023792563388 
0 7 0.02504545672484082 
0 8 0.022404920735209277 
1 0 0.02322023792563388 
1 2 -0.008473349746245473 
1 3 0.02322023792563388 
1 4 0.011510763223229192 
1 5 0.015168751081425125 
1 6 -0.028891161391499276 
1 7 -0.019209258785477523 
1 8 -0.008473349746245473 
2 0 0.022404920735209277 
2 1 -0.008473349746245473 
2 3 0.022404920735209277 
2 4 0.017041800411752517 
2 5 0.0017009492434603146 
2 6 -0.008473349746245473 
2 7 -0.021238531069035504 
2 8 -0.03939606101872073 
3 0 -0.016620893060635078 
3 1 0.02322023792563388 
3 2 0.022404920735209277 
3 4 -0.005541047931095999 
3 5 -0.004353461593914698 
3 6 0.02322023792563388 
3 7 0.02504545672484082 
3 8 0.022404920735209277 
4 0 -0.005541047931095777 
4 1 0.011510763223229192 
4 2 0.017041800411752517 
4 3 -0.005541047931095777 
4 5 0.003520981990391192 
4 6 0.011510763223229192 
4 7 0.015900458266940642 
4 8 0.01704180041175274 
5 0 -0.004353461593914698 
5 1 0.015168751081425125 
5 2 0.0017009492434603146 
5 3 -0.004353461593914698 
5 4 0.003520981990391192 
5 6 0.015168751081425125 
5 7 0.011305307450662383 
5 8 0.0017009492434603146 
6 0 0.02322023792563388 
6 1 -0.028891161391499276 
6 2 -0.008473349746245473 
6 3 0.02322023792563388 
6 4 0.011510763223229192 
6 5 0.015168751081425125 
6 7 -0.019209258785477523 
6 8 -0.008473349746245473 
7 0 0.02504545672484082 
7 1 -0.019209258785477523 
7 2 -0.021238531069035504 
7 3 0.02504545672484082 
7 4 0.015900458266940642 
7 5 0.011305307450662383 
7 6 -0.019209258785477523 
7 8 -0.021238531069035504 
8 0 0.022404920735209277 
8 1 -0.008473349746245473 
8 2 -0.03939606101872073 
8 3 0.022404920735209277 
8 4 0.017041800411752517 
8 5 0.0017009492434603146 
8 6 -0.008473349746245473 
8 7 -0.021238531069035504 
