3 6 6 
K 
0 1 130.59349821272903 
0 2 86.65116644184745 
1 0 482.3797340232678 
1 2 173.95527650913618 
2 0 680.5427158422835 
2 1 369.8716842719176 
P 
0 1.0 -100.27528010346174 -100.27528010346174 
1 1.0 -67.40451356582534 -67.40451356582534 
2 1.0 -55.56018479056828 -55.56018479056828 
Alfa 
0 1.0575296108291032 
1 3.90625 
2 8.305647840531561 
Gamma 
0 1 -0.4493268227817129 
0 2 -0.45022119559341234 
1 0 -0.4493268227817129 
1 2 -0.45310537879892143 
2 0 -0.4502211955934121 
2 1 -0.4531053787989212 
