9 72 72 
K 
0 1 7.823384832974638 
0 2 6.1721922259647295 
0 3 3.632249829023523 
0 4 12.392055110716937 
0 5 8.957073767919447 
0 6 1.2168280410667272 
0 7 5.262510614760393 
0 8 1.3481929865235087 
1 0 28.897627726800067 
1 2 20.29655728453767 
1 3 2.7643026720892028 
1 4 23.168813916566055 
1 5 10.544804898669659 
1 6 10.034764088268501 
1 7 31.907033948860047 
1 8 4.43338042300024 
2 0 48.47529043913826 
2 1 43.155470638219626 
2 3 4.637071809425252 
2 4 23.635015125522052 
2 5 28.888050253384336 
2 6 6.712284761537267 
2 7 46.705781710260524 
2 8 17.745761290336752 
3 0 858.6638595811606 
3 1 176.915371013709 
3 2 139.57586146370014 
3 4 280.2297310358992 
3 5 202.5522280547344 
3 6 27.516936587069548 
3 7 119.00463006111909 
3 8 30.487578906200557 
4 0 58.589636563469675 
4 1 29.65608181320456 
4 2 14.228279105564269 
4 3 5.604594620717985 
4 5 14.944323877903436 
4 6 4.612626466536148 
4 7 16.50573911142942 
4 8 3.1078853992468556 
5 0 58.81811774267102 
5 1 18.74631981985717 
5 2 24.15361979519079 
5 3 5.626450779298178 
5 4 20.756005385976998 
5 6 2.91575169963023 
5 7 16.11670150479185 
5 8 5.275879236237139 
6 0 287.6581489081742 
6 1 642.2249016491841 
6 2 202.03977132227172 
6 3 27.516936587069537 
6 4 230.63132332680738 
6 5 104.96706118668827 
6 7 317.61494090974304 
6 8 44.1315812475243 
7 0 31.1014377332339 
7 1 51.05125431817607 
7 2 35.14610073697106 
7 3 2.9751157515279756 
7 4 20.632173889286765 
7 5 14.505031354312667 
7 6 7.940373522743574 
7 8 7.676968698075001 
8 0 318.7128220141574 
8 1 283.73634707201535 
8 2 534.1474148391361 
8 3 30.487578906200557 
8 4 155.39426996234283 
8 5 189.93165250453697 
8 6 44.1315812475243 
8 7 307.078747923 
P 
0 1.0 4.060178182092713 4.060178182092713 
1 1.0 44.48607851103109 44.48607851103109 
2 1.0 47.60979386854382 47.60979386854382 
3 0.0 -3.463410004555645 -3.463410004555645 
4 0.0 -50.44997060937705 -50.44997060937705 
5 0.0 -50.73341257934316 -50.73341257934316 
6 0.0 -5.452082507312153 -5.452082507312153 
7 0.0 -50.24499878273928 -50.24499878273928 
8 0.0 -8.070796381047531 -8.070796381047531 
Alfa 
0 1.0575296108291032 
1 3.90625 
2 8.305647840531561 
3 250.0 
4 5.0 
5 6.944444444444445 
6 250.0 
7 6.25 
8 250.0 
Gamma 
0 1 0.08695142661586286 
0 2 0.09222103893552802 
0 3 -0.04217801104347396 
0 4 -0.013987936030918968 
0 5 -0.003943779038341422 
0 6 0.08695142661586286 
0 7 0.10307978025180309 
0 8 0.09222103893552802 
1 0 0.08695142661586286 
1 2 0.004709771022239462 
1 3 0.08695142661586308 
1 4 0.04381176345130999 
1 5 0.07816851634446809 
1 6 -0.054608045364229474 
1 7 -0.026650427461357484 
1 8 0.004709771022239462 
2 0 0.09222103893552802 
2 1 0.004709771022239462 
2 3 0.09222103893552802 
2 4 0.08622381351836372 
2 5 0.022140172670774838 
2 6 0.004709771022239462 
2 7 -0.02970517844144971 
2 8 -0.06922924593974722 
3 0 -0.04217801104347396 
3 1 0.08695142661586286 
3 2 0.09222103893552802 
3 4 -0.013987936030918968 
3 5 -0.003943779038341422 
3 6 0.08695142661586286 
3 7 0.10307978025180309 
3 8 0.09222103893552802 
4 0 -0.013987936030918968 
4 1 0.04381176345130999 
4 2 0.08622381351836372 
4 3 -0.013987936030918968 
4 5 0.027636092484154773 
4 6 0.04381176345130999 
4 7 0.07133349262072985 
4 8 0.08622381351836372 
5 0 -0.003943779038341422 
5 1 0.07816851634446786 
5 2 0.022140172670774838 
5 3 -0.003943779038341422 
5 4 0.027636092484154773 
5 6 0.07816851634446786 
5 7 0.06048842131991905 
5 8 0.022140172670774838 
6 0 0.08695142661586308 
6 1 -0.054608045364229474 
6 2 0.004709771022239462 
6 3 0.08695142661586308 
6 4 0.04381176345130999 
6 5 0.07816851634446809 
6 7 -0.026650427461357484 
6 8 0.004709771022239462 
7 0 0.10307978025180331 
7 1 -0.026650427461357484 
7 2 -0.02970517844144971 
7 3 0.10307978025180331 
7 4 0.07133349262072985 
7 5 0.06048842131991905 
7 6 -0.026650427461357484 
7 8 -0.02970517844144971 
8 0 0.09222103893552802 
8 1 0.004709771022239462 
8 2 -0.06922924593974722 
8 3 0.09222103893552802 
8 4 0.08622381351836372 
8 5 0.022140172670774838 
8 6 0.004709771022239462 
8 7 -0.02970517844144971 
