9 72 72 
K 
0 1 11.633936611793315 
0 2 8.671080637155935 
0 3 3.582493747591034 
0 4 13.81908403264072 
0 5 9.810762534120338 
0 6 1.6346226235427346 
0 7 7.334720675970508 
0 8 1.767363360984354 
1 0 42.972853359811566 
1 2 25.068669367780707 
1 3 3.509148771193202 
1 4 25.941361041299697 
1 5 13.506407420244184 
1 6 9.255582564472954 
1 7 32.70231917354818 
1 8 5.109564724769803 
2 0 68.10111171507187 
2 1 53.30215413747393 
2 3 5.561113908142946 
2 4 29.511532974995994 
2 5 29.930206220906648 
2 6 7.489202489581588 
2 7 46.99608072310203 
2 8 15.544498548513872 
3 0 846.9015219305204 
3 1 224.58552135636484 
3 2 167.38952863510266 
3 4 266.7683601603906 
3 5 189.39034070336666 
3 6 31.5553184084837 
3 7 141.59197544073828 
3 8 34.11779134591868 
4 0 65.33662930632534 
4 1 33.20494213286361 
4 2 17.765942850947596 
4 3 5.335367203207812 
4 5 15.752437936494582 
4 6 4.665450005012498 
4 7 18.369507963512984 
4 8 3.6211030414780385 
5 0 64.4240073073902 
5 1 24.011390969323 
5 2 25.024977979146946 
5 3 5.26084279731574 
5 4 21.878386022909137 
5 6 3.3737129753137745 
5 7 17.75158522539076 
5 8 5.100659426492335 
6 0 386.4247882055024 
6 1 592.3572841262691 
6 2 225.42499493640582 
6 3 31.555318408483707 
6 4 233.2725002506249 
6 5 121.4536671112959 
6 7 294.0690638961684 
6 8 45.94673874828161 
7 0 43.3481991949857 
7 1 52.32371067767708 
7 2 35.36455074413428 
7 3 3.539799386018458 
7 4 22.961884954391223 
7 5 15.976426702851686 
7 6 7.351726597404211 
7 8 7.208099414394924 
8 0 417.8046985367013 
8 1 327.0121423852673 
8 2 467.8894063102674 
8 3 34.11779134591868 
8 4 181.0551520739019 
8 5 183.62373935372406 
8 6 45.946738748281604 
8 7 288.32397657579696 
P 
0 1.0 4.026691915031563 4.026691915031563 
1 1.0 44.67885898960138 44.67885898960138 
2 1.0 48.237543186841634 48.237543186841634 
3 0.0 -2.5766880988967347 -2.5766880988967347 
4 0.0 -49.58473432150308 -49.58473432150308 
5 0.0 -49.71366344036068 -49.71366344036068 
6 0.0 -4.205558671680982 -4.205558671680982 
7 0.0 -49.62263971296586 -49.62263971296586 
8 0.0 -6.242448927182231 -6.242448927182231 
Alfa 
0 1.0575296108291032 
1 3.90625 
2 8.305647840531561 
3 250.0 
4 5.0 
5 6.944444444444445 
6 250.0 
7 6.25 
8 250.0 
Gamma 
0 1 0.06547972238582012 
0 2 0.06783497717530884 
0 3 -0.03726678083598434 
0 4 -0.013859158672513638 
0 5 -0.006825455454266827 
0 6 0.06547972238582012 
0 7 0.07524469243836496 
0 8 0.06783497717530884 
1 0 0.06547972238582012 
1 2 -0.003436503890242637 
1 3 0.06547972238582012 
1 4 0.03299370312928329 
1 5 0.05407505560683479 
1 6 -0.05055151044167361 
1 7 -0.028554449723204867 
1 8 -0.003436503890242637 
2 0 0.06783497717530884 
2 1 -0.003436503890242637 
2 3 0.06783497717530884 
2 4 0.059861581762506555 
2 5 0.013813364208916434 
2 6 -0.003436503890242637 
2 7 -0.03165436648781861 
2 8 -0.06550429652651135 
3 0 -0.03726678083598434 
3 1 0.06547972238582012 
3 2 0.06783497717530884 
3 4 -0.013859158672513638 
3 5 -0.006825455454266827 
3 6 0.06547972238582012 
3 7 0.07524469243836496 
3 8 0.06783497717530884 
4 0 -0.013859158672513638 
4 1 0.03299370312928329 
4 2 0.059861581762506555 
4 3 -0.013859158672513638 
4 5 0.016785952034186646 
4 6 0.03299370312928329 
4 7 0.05127478358527471 
4 8 0.059861581762506555 
5 0 -0.006825455454266827 
5 1 0.054075055606834566 
5 2 0.013813364208916434 
5 3 -0.006825455454266827 
5 4 0.016785952034186646 
5 6 0.054075055606834566 
5 7 0.041985732139322884 
5 8 0.013813364208916434 
6 0 0.06547972238582012 
6 1 -0.05055151044167361 
6 2 -0.003436503890242637 
6 3 0.06547972238582012 
6 4 0.03299370312928329 
6 5 0.05407505560683479 
6 7 -0.028554449723204867 
6 8 -0.003436503890242637 
7 0 0.07524469243836496 
7 1 -0.028554449723204867 
7 2 -0.03165436648781861 
7 3 0.07524469243836496 
7 4 0.05127478358527471 
7 5 0.041985732139322884 
7 6 -0.028554449723204867 
7 8 -0.03165436648781861 
8 0 0.06783497717530884 
8 1 -0.003436503890242637 
8 2 -0.06550429652651135 
8 3 0.06783497717530884 
8 4 0.059861581762506555 
8 5 0.013813364208916434 
8 6 -0.003436503890242637 
8 7 -0.03165436648781861 
