12 24 12 
K 
0 3 134.92557115253808 
1 4 254.13587518077813 
2 5 350.097707534246 
3 0 127.58562008184002 
3 6 736.4337006728333 
4 1 65.0587840462792 
4 9 685.0086537267991 
5 2 42.15176398712322 
5 11 735.8712216954117 
6 3 736.4337006728333 
6 7 474.6199650479525 
6 8 442.2751723353012 
7 6 474.61996504795263 
7 9 249.76447154738315 
8 6 442.2751723353012 
8 11 241.17238524545664 
9 4 685.0086537267991 
9 7 249.76447154738324 
9 10 582.0476495544104 
10 9 582.0476495544104 
10 11 418.74907794861184 
11 5 735.8712216954117 
11 8 241.1723852454567 
11 10 418.74907794861184 
P 
0 1.0 5.661245644793789 5.661245644793789 
1 1.0 48.007462737669016 48.007462737669016 
2 1.0 53.22964296780048 53.22964296780048 
3 0.0 -0.0 -0.0 
4 0.0 -0.0 -0.0 
5 0.0 -0.0 -0.0 
6 0.0 -138.4714580771082 -138.4714580771082 
7 0.0 -110.034228058934 -110.034228058934 
8 0.0 -138.63815817172775 -138.63815817172775 
9 0.0 -119.6208139019317 -119.6208139019317 
10 0.0 -123.28503331338499 -123.28503331338499 
11 0.0 -105.4473444555431 -105.4473444555431 
Alfa 
0 1.0575296108291032 
1 3.90625 
2 8.305647840531561 
3 0.0 
4 0.0 
5 0.0 
6 0.0 
7 0.0 
8 0.0 
9 0.0 
10 0.0 
11 0.0 
Gamma 
6 7 0.11710874456686438 
6 8 0.18272156076209756 
7 6 0.11710874456686438 
7 9 0.19620081728811645 
8 6 0.18272156076209756 
8 11 0.22550963518842404 
9 7 0.19620081728811645 
9 10 0.11751164543144554 
10 9 0.11751164543144554 
10 11 0.11751164543144554 
11 8 0.22550963518842404 
11 10 0.11751164543144554 
