12 24 12 
K 
0 3 134.92557115253808 
1 4 254.13587518077813 
2 5 350.097707534246 
3 0 127.58562008184002 
3 6 1447.027622374688 
4 1 65.0587840462792 
4 9 1345.9819160947611 
5 2 42.15176398712322 
5 11 1445.9224005243157 
6 3 1447.027622374688 
6 7 932.5865979889583 
6 8 869.031917571117 
7 6 932.5865979889583 
7 9 490.7652774264365 
8 6 869.031917571117 
8 11 473.8825815349318 
9 4 1345.9819160947611 
9 7 490.7652774264364 
9 10 1143.6725745630504 
10 9 1143.6725745630504 
10 11 822.8052057937625 
11 5 1445.9224005243157 
11 8 473.8825815349318 
11 10 822.8052057937625 
P 
0 1.0 5.661245644793789 5.661245644793789 
1 1.0 48.007462737669016 48.007462737669016 
2 1.0 53.22964296780048 53.22964296780048 
3 0.0 -0.0 -0.0 
4 0.0 -0.0 -0.0 
5 0.0 -0.0 -0.0 
6 0.0 -272.08426850238766 -272.08426850238766 
7 0.0 -207.11352201330314 -207.11352201330314 
8 0.0 -265.86407908749163 -265.86407908749163 
9 0.0 -235.04440626344442 -235.04440626344442 
10 0.0 -234.9690087864078 -234.9690087864078 
11 0.0 -207.1947820880844 -207.1947820880844 
Alfa 
0 1.0575296108291032 
1 3.90625 
2 8.305647840531561 
3 0.0 
4 0.0 
5 0.0 
6 0.0 
7 0.0 
8 0.0 
9 0.0 
10 0.0 
11 0.0 
Gamma 
6 7 0.11710874456686438 
6 8 0.18272156076209756 
7 6 0.11710874456686438 
7 9 0.19620081728811645 
8 6 0.18272156076209756 
8 11 0.22550963518842404 
9 7 0.19620081728811645 
9 10 0.11751164543144554 
10 9 0.11751164543144554 
10 11 0.11751164543144554 
11 8 0.22550963518842404 
11 10 0.11751164543144554 
