12 24 12 
K 
0 3 134.92557115253808 
1 4 254.13587518077813 
2 5 350.097707534246 
3 0 127.58562008184002 
3 6 1046.5110483245517 
4 1 65.0587840462792 
4 9 973.4333500328188 
5 2 42.15176398712322 
5 11 1045.7117360934787 
6 3 1046.5110483245517 
6 7 674.4599503313005 
6 8 628.4962975291116 
7 6 674.4599503313007 
7 9 354.9284595673337 
8 6 628.4962975291116 
8 11 342.7186527172277 
9 4 973.4333500328188 
9 7 354.9284595673337 
9 10 827.1203441036349 
10 9 827.1203441036349 
10 11 595.0644791901323 
11 5 1045.7117360934787 
11 8 342.7186527172277 
11 10 595.0644791901323 
P 
0 1.0 5.661245644793789 5.661245644793789 
1 1.0 48.007462737669016 48.007462737669016 
2 1.0 53.22964296780048 53.22964296780048 
3 0.0 -0.0 -0.0 
4 0.0 -0.0 -0.0 
5 0.0 -0.0 -0.0 
6 0.0 -196.77522989904833 -196.77522989904833 
7 0.0 -152.39610178447688 -152.39610178447688 
8 0.0 -194.1549236622429 -194.1549236622429 
9 0.0 -169.98747238695543 -169.98747238695543 
10 0.0 -172.0198589743404 -172.0198589743404 
11 0.0 -149.84622633156116 -149.84622633156116 
Alfa 
0 1.0575296108291032 
1 3.90625 
2 8.305647840531561 
3 0.0 
4 0.0 
5 0.0 
6 0.0 
7 0.0 
8 0.0 
9 0.0 
10 0.0 
11 0.0 
Gamma 
6 7 0.11710874456686438 
6 8 0.18272156076209756 
7 6 0.11710874456686438 
7 9 0.19620081728811645 
8 6 0.18272156076209756 
8 11 0.22550963518842404 
9 7 0.19620081728811645 
9 10 0.11751164543144554 
10 9 0.11751164543144554 
10 11 0.11751164543144554 
11 8 0.22550963518842404 
11 10 0.11751164543144554 
