3 6 6 
K 
0 1 32.90022522428346 
0 2 22.92297854493931 
1 0 121.525206922197 
1 2 55.04383906033284 
2 0 180.03296106390872 
2 1 117.0367342146612 
P 
0 1.0 -5.852438054586788 -5.852438054586788 
1 1.0 31.833250034518798 31.833250034518798 
2 1.0 35.791872882725265 35.791872882725265 
Alfa 
0 1.0575296108291032 
1 3.90625 
2 8.305647840531561 
Gamma 
0 1 -0.1547465159298438 
0 2 -0.15229268444378485 
1 0 -0.154746515929844 
1 2 -0.171616768363126 
2 0 -0.15229268444378508 
2 1 -0.171616768363126 
