3 6 6 
K 
0 1 83.5549580943166 
0 2 55.69910365866017 
1 0 308.63112646088194 
1 2 113.94187765351836 
2 0 437.4507676048928 
2 1 242.26844418023828 
P 
0 1.0 -39.552026969763205 -39.552026969763205 
1 1.0 -2.987121818250509 -2.987121818250509 
2 1.0 4.410112743311684 4.410112743311684 
Alfa 
0 1.0575296108291032 
1 3.90625 
2 8.305647840531561 
Gamma 
0 1 -0.2915509307167974 
0 2 -0.29218973866945497 
1 0 -0.29155093071679716 
1 2 -0.2972311508848262 
2 0 -0.29218973866945475 
2 1 -0.2972311508848262 
