3 6 6 
K 
0 1 102.63314197101212 
0 2 68.24102736248723 
1 0 379.10116815542597 
1 2 138.16148588871445 
2 0 535.9527863286374 
2 1 293.76528561055574 
P 
0 1.0 -60.93852744350975 -60.93852744350975 
1 1.0 -25.717035555068325 -25.717035555068325 
2 1.0 -16.75267206416512 -16.75267206416512 
Alfa 
0 1.0575296108291032 
1 3.90625 
2 8.305647840531561 
Gamma 
0 1 -0.3540070840540952 
0 2 -0.35478870296143983 
1 0 -0.3540070840540952 
1 2 -0.35865620572102475 
2 0 -0.35478870296144005 
2 1 -0.35865620572102475 
