9 72 72 
K 
0 1 45.376463567882105 
0 2 30.191939067001734 
0 3 5.699785942667152 
0 4 29.656880889020552 
0 5 20.298676766123926 
0 6 5.390312477765434 
0 7 25.41149164023562 
0 8 5.5167648938343286 
1 0 167.6093123038645 
1 2 61.200157547039645 
1 3 10.297778013386308 
1 4 57.27255508784767 
1 5 38.19354905863522 
1 6 11.76753168870332 
1 7 53.807560373805295 
1 8 11.182682897689318 
2 0 237.1220729381798 
2 1 130.12658083091486 
2 3 14.568584738087209 
2 4 78.86719812179038 
2 5 55.618739853010815 
2 6 15.457858043355914 
2 7 75.33445208290648 
2 8 17.09193893055275 
3 0 1347.4293968465147 
3 1 659.0577928567238 
3 2 438.51440061642484 
3 4 430.743097299614 
3 5 294.82247084726043 
3 6 78.2900906124967 
3 7 369.0821248896293 
3 8 80.12671347119726 
4 0 140.21773284328918 
4 1 73.30887051244505 
4 2 47.47805326931781 
4 3 8.614861945992285 
4 5 31.101410284796753 
4 6 8.708429180757479 
4 7 40.594202580694756 
4 8 8.675337378050015 
5 0 133.2946440975471 
5 1 67.89964277090706 
5 2 46.5034463771007 
5 3 8.189513079090567 
5 4 43.196403173328804 
5 6 8.065861966442325 
5 7 38.493829880438575 
5 8 8.497254179208745 
6 0 1274.2698697437484 
6 1 753.1220280770125 
6 2 465.2815271050128 
6 3 78.2900906124967 
6 4 435.4214590378737 
6 5 290.37103079192366 
6 7 409.07842175531 
6 8 85.01768597194861 
7 0 150.18191559379255 
7 1 86.09209659808846 
7 2 56.689175192387125 
7 3 9.227053122240735 
7 4 50.742753225868434 
7 5 34.644446892394704 
7 6 10.226960543882752 
7 8 10.358422189040352 
8 0 1304.1632209024351 
8 1 715.6917054521164 
8 2 514.4673618096379 
8 3 80.12671347119726 
8 4 433.7668689025005 
8 5 305.90115045151475 
8 6 85.01768597194861 
8 7 414.3368875616141 
P 
0 1.0 5.304182611624835 5.304182611624835 
1 1.0 46.73149537414664 46.73149537414664 
2 1.0 51.45368675372424 51.45368675372424 
3 0.0 -0.31862740384032 -0.31862740384032 
4 0.0 -47.536395872376985 -47.536395872376985 
5 0.0 -47.63927293076804 -47.63927293076804 
6 0.0 -1.1523545804839743 -1.1523545804839743 
7 0.0 -47.88982023456029 -47.88982023456029 
8 0.0 -1.784784104316833 -1.784784104316833 
Alfa 
0 1.0575296108291032 
1 3.90625 
2 8.305647840531561 
3 250.0 
4 5.0 
5 6.944444444444445 
6 250.0 
7 6.25 
8 250.0 
Gamma 
0 1 0.007189078626116618 
0 2 0.005758266673481005 
0 3 -0.003848866057390099 
0 4 -0.0006861576622838594 
0 5 -0.001607133560917573 
0 6 0.007189078626116618 
0 7 0.007075086252478879 
0 8 0.005758266673480783 
1 0 0.007189078626116618 
1 2 -0.006572813088734142 
1 3 0.007189078626116618 
1 4 0.0026869176093584635 
1 5 0.0022929616345157555 
1 6 -0.012880997490098078 
1 7 -0.009853572415359446 
1 8 -0.006572813088734142 
2 0 0.005758266673481005 
2 1 -0.006572813088734142 
2 3 0.005758266673481005 
2 4 0.0029832865610175396 
2 5 -0.0028123841533120864 
2 6 -0.006572813088734142 
2 7 -0.011541220436157795 
2 8 -0.01898718083442108 
3 0 -0.003848866057390099 
3 1 0.007189078626116618 
3 2 0.005758266673481005 
3 4 -0.0006861576622838594 
3 5 -0.001607133560917573 
3 6 0.007189078626116618 
3 7 0.007075086252478879 
3 8 0.005758266673480783 
4 0 -0.0006861576622840815 
4 1 0.0026869176093584635 
4 2 0.0029832865610175396 
4 3 -0.0006861576622840815 
4 5 -3.6512044524927845e-05 
4 6 0.0026869176093584635 
4 7 0.003297362700442674 
4 8 0.0029832865610175396 
5 0 -0.001607133560917573 
5 1 0.0022929616345157555 
5 2 -0.0028123841533120864 
5 3 -0.001607133560917573 
5 4 -3.6512044524927845e-05 
5 6 0.0022929616345157555 
5 7 0.0005975557960191669 
5 8 -0.0028123841533120864 
6 0 0.007189078626116618 
6 1 -0.012880997490098078 
6 2 -0.006572813088734142 
6 3 0.007189078626116618 
6 4 0.0026869176093584635 
6 5 0.0022929616345157555 
6 7 -0.009853572415359446 
6 8 -0.006572813088734142 
7 0 0.007075086252478879 
7 1 -0.009853572415359446 
7 2 -0.011541220436157795 
7 3 0.007075086252478879 
7 4 0.003297362700442674 
7 5 0.0005975557960189448 
7 6 -0.009853572415359446 
7 8 -0.011541220436157795 
8 0 0.005758266673481005 
8 1 -0.006572813088734142 
8 2 -0.01898718083442108 
8 3 0.005758266673481005 
8 4 0.0029832865610175396 
8 5 -0.0028123841533120864 
8 6 -0.006572813088734142 
8 7 -0.011541220436157795 
