9 72 72 
K 
0 1 31.959299565920798 
0 2 21.475662583311436 
0 3 4.375091261856902 
0 4 22.04766489758049 
0 5 15.142957659311127 
0 6 3.845950349501776 
0 7 18.072800669408647 
0 8 3.9564053739344134 
1 0 118.04966277162 
1 2 45.22705402904535 
1 3 7.423055658711381 
1 4 42.407741952767125 
1 5 27.70570082088171 
1 6 9.297695969169869 
1 7 41.315652776193545 
1 8 8.332062347952292 
2 0 168.66600115265197 
2 1 96.16383580926586 
2 3 10.605850833395245 
2 4 57.51432244467612 
2 5 41.84506034287468 
2 6 11.57226043634732 
2 7 57.89419271841081 
2 8 13.729955182517102 
3 0 1034.2715743029714 
3 1 475.0755621575283 
3 2 319.23611008519686 
3 4 327.7389347621352 
3 5 225.10033763055685 
3 6 57.170121033184685 
3 7 268.6525066067383 
3 8 58.8120369555666 
4 0 104.24135963576059 
4 1 54.28190969954194 
4 2 34.62362211169502 
4 3 6.554778695242707 
4 5 23.247960883889604 
4 6 6.532231069393972 
4 7 30.038634568327737 
4 8 6.37861970760495 
5 0 99.43875529614304 
5 1 49.25457923712301 
5 2 34.98711989779245 
5 3 6.252787156404356 
5 4 32.28883456095776 
5 6 5.927247117567369 
5 7 28.52368930782009 
5 8 6.445585957831228 
6 0 909.18266262222 
6 1 595.0525420268715 
6 2 348.32503913405446 
6 3 57.170121033184685 
6 4 326.61155346969855 
6 5 213.38089623242544 
6 7 318.2006141915494 
6 8 64.171014578 
7 0 106.81025195620508 
7 1 66.10504444190964 
7 2 43.56538002060413 
7 3 6.716312665168456 
7 4 37.54829321040967 
7 5 25.671320377038082 
7 6 7.955015354788735 
7 8 8.02593647401382 
8 0 935.2942303980954 
8 1 533.2519902689468 
8 2 413.27165099376475 
8 3 58.8120369555666 
8 4 318.9309853802475 
8 5 232.04109448192418 
8 6 64.171014578 
8 7 321.0374589605528 
P 
0 1.0 5.021575363495065 5.021575363495065 
1 1.0 46.47393206491027 46.47393206491027 
2 1.0 51.14612645167512 51.14612645167512 
3 0.0 -0.5979151788009804 -0.5979151788009804 
4 0.0 -47.722247537997625 -47.722247537997625 
5 0.0 -47.79497087298486 -47.79497087298486 
6 0.0 -1.4212984497131058 -1.4212984497131058 
7 0.0 -48.03510370990239 -48.03510370990239 
8 0.0 -2.1284912318080793 -2.1284912318080793 
Alfa 
0 1.0575296108291032 
1 3.90625 
2 8.305647840531561 
3 250.0 
4 5.0 
5 6.944444444444445 
6 250.0 
7 6.25 
8 250.0 
Gamma 
0 1 0.013695098497033209 
0 2 0.01248123744581231 
0 3 -0.009193759564002812 
0 4 -0.002565303695466037 
0 5 -0.002659702767691563 
0 6 0.013695098497033209 
0 7 0.014300444091078113 
0 8 0.01248123744581231 
1 0 0.013695098497033209 
1 2 -0.007454677466731896 
1 3 0.013695098497033209 
1 4 0.0063824012019464416 
1 5 0.007458062917024666 
1 6 -0.019849614025861495 
1 7 -0.013915944369073951 
1 8 -0.007454677466731896 
2 0 0.01248123744581231 
2 1 -0.007454677466732118 
2 3 0.01248123744581231 
2 4 0.008597989318497756 
2 5 -0.0008519577620562657 
2 6 -0.007454677466732118 
2 7 -0.0157068891695753 
2 8 -0.027960093972092315 
3 0 -0.009193759564002812 
3 1 0.013695098497033209 
3 2 0.01248123744581231 
3 4 -0.002565303695466037 
3 5 -0.002659702767691563 
3 6 0.013695098497033209 
3 7 0.014300444091078113 
3 8 0.01248123744581231 
4 0 -0.002565303695466037 
4 1 0.0063824012019464416 
4 2 0.008597989318497756 
4 3 -0.002565303695466037 
4 5 0.0014511454553136627 
4 6 0.0063824012019464416 
4 7 0.008406283351075627 
4 8 0.008597989318497756 
5 0 -0.002659702767691563 
5 1 0.007458062917024666 
5 2 -0.0008519577620562657 
5 3 -0.002659702767691563 
5 4 0.0014511454553136627 
5 6 0.007458062917024666 
5 7 0.004957197834597249 
5 8 -0.0008519577620562657 
6 0 0.013695098497033209 
6 1 -0.019849614025861495 
6 2 -0.007454677466731896 
6 3 0.013695098497033209 
6 4 0.0063824012019464416 
6 5 0.007458062917024666 
6 7 -0.013915944369073951 
6 8 -0.007454677466731896 
7 0 0.014300444091078113 
7 1 -0.013915944369073951 
7 2 -0.0157068891695753 
7 3 0.014300444091078113 
7 4 0.008406283351075627 
7 5 0.004957197834597249 
7 6 -0.013915944369073951 
7 8 -0.0157068891695753 
8 0 0.01248123744581231 
8 1 -0.007454677466732118 
8 2 -0.027960093972092315 
8 3 0.01248123744581231 
8 4 0.008597989318497756 
8 5 -0.0008519577620562657 
8 6 -0.007454677466732118 
8 7 -0.0157068891695753 
