12 24 12 
K 
0 3 134.92557115253808 
1 4 254.13587518077813 
2 5 350.097707534246 
3 0 127.58562008184002 
3 6 1434.1077328891997 
4 1 65.0587840462792 
4 9 1333.9642204153436 
5 2 42.15176398712322 
5 11 1433.0123790910627 
6 3 1434.1077328891997 
6 7 924.2599319354854 
6 8 861.2727040213749 
7 6 924.2599319354854 
7 9 486.3834445922719 
8 6 861.272704021375 
8 11 469.65148705694133 
9 4 1333.9642204153436 
9 7 486.3834445922719 
9 10 1133.4612122901658 
10 9 1133.4612122901658 
10 11 815.4587307420325 
11 5 1433.0123790910627 
11 8 469.65148705694133 
11 10 815.4587307420325 
P 
0 1.0 5.661245644793789 5.661245644793789 
1 1.0 48.007462737669016 48.007462737669016 
2 1.0 53.22964296780048 53.22964296780048 
3 0.0 -0.0 -0.0 
4 0.0 -0.0 -0.0 
5 0.0 -0.0 -0.0 
6 0.0 -269.65494467647346 -269.65494467647346 
7 0.0 -205.34844394140546 -205.34844394140546 
8 0.0 -263.55088052538684 -263.55088052538684 
9 0.0 -232.94579549323507 -232.94579549323507 
10 0.0 -232.93839105053465 -232.93839105053465 
11 0.0 -205.34482867658366 -205.34482867658366 
Alfa 
0 1.0575296108291032 
1 3.90625 
2 8.305647840531561 
3 0.0 
4 0.0 
5 0.0 
6 0.0 
7 0.0 
8 0.0 
9 0.0 
10 0.0 
11 0.0 
Gamma 
6 7 0.11710874456686438 
6 8 0.18272156076209756 
7 6 0.11710874456686438 
7 9 0.19620081728811645 
8 6 0.18272156076209756 
8 11 0.22550963518842404 
9 7 0.19620081728811645 
9 10 0.11751164543144554 
10 9 0.11751164543144554 
10 11 0.11751164543144554 
11 8 0.22550963518842404 
11 10 0.11751164543144554 
