3 6 6 
K 
0 1 9.366645999216464 
0 2 7.689248513962138 
1 0 34.5980486596058 
1 2 28.043210882049742 
2 0 60.38997836214781 
2 1 59.626760679441325 
P 
0 1.0 -0.7734596114292163 -0.7734596114292163 
1 1.0 35.09799689522022 35.09799689522022 
2 1.0 35.18143074906117 35.18143074906117 
Alfa 
0 1.0575296108291032 
1 3.90625 
2 8.305647840531561 
Gamma 
0 1 -0.24660812521001407 
0 2 -0.2180907611938776 
1 0 -0.24660812521001407 
1 2 -0.2319811030522576 
2 0 -0.21809076119387738 
2 1 -0.2319811030522576 
