9 72 72 
K 
0 1 24.158808764930964 
0 2 16.504979834783764 
0 3 3.8024005116152346 
0 4 18.2267080753224 
0 5 12.58904261396526 
0 6 2.9730264582542065 
0 7 13.889878970718726 
0 8 3.0843380537376617 
1 0 89.23659987546371 
1 2 36.917169344759216 
1 3 5.837530980191724 
1 4 34.85130317801423 
1 5 21.989291954661645 
1 6 8.431565457919067 
1 7 35.86188062584018 
1 8 6.898828801132554 
2 0 129.62715059610906 
2 1 78.49497800879037 
2 3 8.479732626913167 
2 4 46.046087242060466 
2 5 35.30647760335342 
2 6 9.6597331735567 
2 7 50.371479103023994 
2 8 12.770542188359016 
3 0 898.8874809458414 
3 1 373.60198273227047 
3 2 255.23995207008628 
3 4 281.86548193996566 
3 5 194.68225139087926 
3 6 45.97613194950283 
3 7 214.79893209405992 
3 8 47.69750129260048 
4 0 86.17587578012424 
4 1 44.609668067858216 
4 2 27.719744519720393 
4 3 5.637309638799311 
4 5 19.41167769126304 
4 6 5.4897459866564455 
4 7 24.6643663393704 
4 8 5.1800767839701924 
5 0 82.66804649837184 
5 1 39.092074586065145 
5 2 29.520138218359385 
5 3 5.407840316413311 
5 4 26.96066346008756 
5 6 4.8107410089328 
5 7 23.478488231731543 
5 8 5.516522078178846 
6 0 702.8234547312943 
6 1 539.6201893068203 
6 2 290.7579685240566 
6 3 45.97613194950283 
6 4 274.4872993328222 
6 5 173.1866763215808 
6 7 282.4465619464335 
6 8 54.33486594489703 
7 0 82.0891847169477 
7 1 57.379009001344286 
7 2 37.90453802502555 
7 3 5.369973302351498 
7 4 30.830457924212997 
7 5 21.13063940855839 
7 6 7.061164048660839 
7 8 7.083341525419325 
8 0 729.137515903583 
8 1 441.52504327248346 
8 2 384.39331986960633 
8 3 47.69750129260047 
8 4 259.0038391985096 
8 5 198.59479481443847 
8 6 54.33486594489702 
8 7 283.33366101677296 
P 
0 1.0 4.68173662297211 4.68173662297211 
1 1.0 46.00967800630601 46.00967800630601 
2 1.0 50.51484261291162 50.51484261291162 
3 0.0 -0.990896469169346 -0.990896469169346 
4 0.0 -48.03947842175911 -48.03947842175911 
5 0.0 -48.09524584401943 -48.09524584401943 
6 0.0 -1.9363112995949092 -1.9363112995949092 
7 0.0 -48.33441464327455 -48.33441464327455 
8 0.0 -2.853634461049991 -2.853634461049991 
Alfa 
0 1.0575296108291032 
1 3.90625 
2 8.305647840531561 
3 250.0 
4 5.0 
5 6.944444444444445 
6 250.0 
7 6.25 
8 250.0 
Gamma 
0 1 0.023540658846002316 
0 2 0.022740392919936125 
0 3 -0.01685222781563156 
0 4 -0.005637295111939 
0 5 -0.004405957863055754 
0 6 0.023540658846002316 
0 7 0.025409986484577374 
0 8 0.022740392919936125 
1 0 0.023540658846002316 
1 2 -0.008494858911423098 
1 3 0.023540658846002316 
1 4 0.011680165058833847 
1 5 0.015433099131941797 
1 6 -0.029162536231497338 
1 7 -0.01936514584302995 
1 8 -0.008494858911423098 
2 0 0.022740392919936125 
2 1 -0.008494858911423098 
2 3 0.022740392919936125 
2 4 0.017331956464422316 
2 5 0.0017850709145308397 
2 6 -0.008494858911423098 
2 7 -0.021403601565719077 
2 8 -0.03973652019362062 
3 0 -0.01685222781563156 
3 1 0.023540658846002316 
3 2 0.022740392919936125 
3 4 -0.005637295111939 
3 5 -0.004405957863055754 
3 6 0.023540658846002316 
3 7 0.025409986484577374 
3 8 0.022740392919936125 
4 0 -0.005637295111938778 
4 1 0.011680165058833847 
4 2 0.017331956464422316 
4 3 -0.005637295111938778 
4 5 0.0035937167733308684 
4 6 0.011680165058833847 
4 7 0.01615448990089141 
4 8 0.017331956464422316 
5 0 -0.004405957863055754 
5 1 0.015433099131941797 
5 2 0.0017850709145308397 
5 3 -0.004405957863055754 
5 4 0.0035937167733306463 
5 6 0.015433099131941797 
5 7 0.011520621598577252 
5 8 0.0017850709145308397 
6 0 0.023540658846002316 
6 1 -0.029162536231497338 
6 2 -0.008494858911423098 
6 3 0.023540658846002316 
6 4 0.011680165058833847 
6 5 0.015433099131941797 
6 7 -0.01936514584302995 
6 8 -0.008494858911423098 
7 0 0.025409986484577374 
7 1 -0.01936514584302995 
7 2 -0.021403601565719077 
7 3 0.025409986484577374 
7 4 0.01615448990089141 
7 5 0.011520621598577252 
7 6 -0.01936514584302995 
7 8 -0.021403601565719077 
8 0 0.022740392919936125 
8 1 -0.008494858911423098 
8 2 -0.03973652019362062 
8 3 0.022740392919936125 
8 4 0.017331956464422316 
8 5 0.0017850709145308397 
8 6 -0.008494858911423098 
8 7 -0.021403601565719077 
