12 24 12 
K 
0 3 134.92557115253808 
1 4 254.13587518077813 
2 5 350.097707534246 
3 0 127.58562008184002 
3 6 904.3922639841807 
4 1 65.0587840462792 
4 9 841.2386975592266 
5 2 42.15176398712322 
5 11 903.701500327698 
6 3 904.3922639841807 
6 7 582.8666237430994 
6 8 543.1449484819485 
7 6 582.8666237430994 
7 9 306.728298391523 
8 6 543.1449484819487 
8 11 296.1766134593326 
9 4 841.2386975592266 
9 7 306.728298391523 
9 10 714.7953591019071 
10 9 714.795359101907 
10 11 514.2532536211019 
11 5 903.701500327698 
11 8 296.1766134593326 
11 10 514.253253621102 
P 
0 1.0 5.661245644793789 5.661245644793789 
1 1.0 48.007462737669016 48.007462737669016 
2 1.0 53.22964296780048 53.22964296780048 
3 0.0 -0.0 -0.0 
4 0.0 -0.0 -0.0 
5 0.0 -0.0 -0.0 
6 0.0 -170.05266781399243 -170.05266781399243 
7 0.0 -132.98024299360304 -132.98024299360304 
8 0.0 -168.7097394790901 -168.7097394790901 
9 0.0 -146.90275391465286 -146.90275391465286 
10 0.0 -149.6830638797358 -149.6830638797358 
11 0.0 -129.49673880505287 -129.49673880505287 
Alfa 
0 1.0575296108291032 
1 3.90625 
2 8.305647840531561 
3 0.0 
4 0.0 
5 0.0 
6 0.0 
7 0.0 
8 0.0 
9 0.0 
10 0.0 
11 0.0 
Gamma 
6 7 0.11710874456686438 
6 8 0.18272156076209756 
7 6 0.11710874456686438 
7 9 0.19620081728811645 
8 6 0.18272156076209756 
8 11 0.22550963518842404 
9 7 0.19620081728811645 
9 10 0.11751164543144554 
10 9 0.11751164543144554 
10 11 0.11751164543144554 
11 8 0.22550963518842404 
11 10 0.11751164543144554 
