3 6 6 
K 
0 1 98.75451438118654 
0 2 65.68931961898245 
1 0 364.7744874955076 
1 2 133.21798771532102 
2 0 515.9121314926062 
2 1 283.25419314885534 
P 
0 1.0 -56.22985749169467 -56.22985749169467 
1 1.0 -20.716058550995722 -20.716058550995722 
2 1.0 -12.09559578699851 -12.09559578699851 
Alfa 
0 1.0575296108291032 
1 3.90625 
2 8.305647840531561 
Gamma 
0 1 -0.3411361829174395 
0 2 -0.3418950897360107 
1 0 -0.3411361829174395 
1 2 -0.34595446575798183 
2 0 -0.3418950897360107 
2 1 -0.34595446575798183 
