9 72 72 
K 
0 1 43.91013115906116 
0 2 29.23438639975128 
0 3 5.54580631393227 
0 4 28.796367975864925 
0 5 19.71404358536711 
0 6 5.22031648725445 
0 7 24.605261242143786 
0 8 5.344509257110772 
1 0 162.1930469687822 
1 2 59.404417337514666 
1 3 9.979423058515465 
1 4 55.596193361454525 
1 5 37.028118695794646 
1 6 11.471462676941949 
1 7 52.35642969238747 
1 8 10.860069167599153 
2 0 229.60162607645188 
2 1 126.30839566780529 
2 3 14.126941964293959 
2 4 76.48625564926769 
2 5 54.04505560073548 
2 6 15.016347776206468 
2 7 73.30561396028116 
2 8 16.679816784751576 
3 0 1311.028612613589 
3 1 638.6830757449898 
3 2 425.2209531252482 
3 4 418.84987322144826 
3 5 286.7453514739685 
3 6 75.93071809246763 
3 7 357.88925049472294 
3 8 77.73713083010658 
4 0 136.14922778988932 
4 1 71.1631275026618 
4 2 46.044725900859135 
4 3 8.376997464428964 
4 5 30.20896787629086 
4 6 8.460326534690287 
4 7 39.40430863151692 
4 8 8.417705795267299 
5 0 129.45555287724403 
5 1 65.82776657030158 
5 2 45.18767148839272 
5 3 7.965148652054682 
5 4 41.95689982818176 
5 6 7.826024793714826 
5 7 37.36864053565323 
5 8 8.261022662649424 
6 0 1234.0828175869517 
6 1 734.1736113242847 
6 2 451.9920680638146 
6 3 75.93071809246763 
6 4 423.01632673451434 
6 5 281.73689257373377 
6 7 398.3658453990989 
6 8 82.63131501635527 
7 0 145.41709394106977 
7 1 83.77028750781993 
7 2 55.162474505111575 
7 3 8.947231262368073 
7 4 49.25538578939614 
7 5 33.63177648208789 
7 6 9.95914613497747 
7 8 10.084574774595374 
8 0 1263.441988380987 
8 1 695.0444267263458 
8 2 502.06248522102237 
8 3 77.73713083010662 
8 4 420.88528976336494 
8 5 297.3968158553792 
8 6 82.63131501635529 
8 7 403.382990983815 
P 
0 1.0 5.283587450653017 5.283587450653017 
1 1.0 46.720066312984876 46.720066312984876 
2 1.0 51.44246811207704 51.44246811207704 
3 0.0 -0.33798138975080944 -0.33798138975080944 
4 0.0 -47.54731479496574 -47.54731479496574 
5 0.0 -47.64712091463283 -47.64712091463283 
6 0.0 -1.1645455246350576 -1.1645455246350576 
7 0.0 -47.895345136885766 -47.895345136885766 
8 0.0 -1.7978822416142874 -1.7978822416142874 
Alfa 
0 1.0575296108291032 
1 3.90625 
2 8.305647840531561 
3 250.0 
4 5.0 
5 6.944444444444445 
6 250.0 
7 6.25 
8 250.0 
Gamma 
0 1 0.007626358545940626 
0 2 0.006208486250948386 
0 3 -0.004189948515148201 
0 4 -0.0007905867484709894 
0 5 -0.0016589785421099457 
0 6 0.007626358545940626 
0 7 0.007556710711332348 
0 8 0.006208486250948386 
1 0 0.007626358545940626 
1 2 -0.00662061884101095 
1 3 0.007626358545940626 
1 4 0.0029458419676207104 
1 5 0.002641009404240169 
1 6 -0.013342539189904912 
1 7 -0.01011565817776594 
1 8 -0.00662061884101095 
2 0 0.006208486250948386 
2 1 -0.006620618841011172 
2 3 0.006208486250948386 
2 4 0.0033594117763846576 
2 5 -0.002665509453833259 
2 6 -0.006620618841011172 
2 7 -0.011808208901957773 
2 8 -0.019589231411832442 
3 0 -0.004189948515148201 
3 1 0.007626358545940626 
3 2 0.006208486250948386 
3 4 -0.0007905867484709894 
3 5 -0.0016589785421099457 
3 6 0.007626358545940626 
3 7 0.007556710711332348 
3 8 0.006208486250948386 
4 0 -0.0007905867484707674 
4 1 0.0029458419676209324 
4 2 0.0033594117763846576 
4 3 -0.0007905867484707674 
4 5 7.631115375827946e-05 
4 6 0.0029458419676209324 
4 7 0.0036436973886107005 
4 8 0.0033594117763846576 
5 0 -0.0016589785421099457 
5 1 0.002641009404240169 
5 2 -0.002665509453833259 
5 3 -0.0016589785421099457 
5 4 7.631115375805742e-05 
5 6 0.002641009404240169 
5 7 0.0008960054864044498 
5 8 -0.002665509453833259 
6 0 0.007626358545940626 
6 1 -0.013342539189904912 
6 2 -0.00662061884101095 
6 3 0.007626358545940626 
6 4 0.0029458419676207104 
6 5 0.002641009404240169 
6 7 -0.01011565817776594 
6 8 -0.00662061884101095 
7 0 0.007556710711332348 
7 1 -0.01011565817776594 
7 2 -0.011808208901957773 
7 3 0.007556710711332348 
7 4 0.0036436973886107005 
7 5 0.0008960054864044498 
7 6 -0.01011565817776594 
7 8 -0.011808208901957773 
8 0 0.006208486250948386 
8 1 -0.006620618841011172 
8 2 -0.019589231411832442 
8 3 0.006208486250948386 
8 4 0.0033594117763846576 
8 5 -0.002665509453833259 
8 6 -0.006620618841011172 
8 7 -0.011808208901957773 
