9 72 72 
K 
0 1 1.4681652635698133 
0 2 1.4425937027070082 
0 3 3.5325863218251703 
0 4 7.240097959408809 
0 5 5.677194702683844 
0 6 0.3902035918856921 
0 7 1.3062008238387406 
0 8 0.46963833312986086 
1 0 5.423035442310998 
1 2 6.66062932565262 
1 3 1.0754764707786428 
1 4 13.652765803798815 
1 5 3.338796659540438 
1 6 11.536513116375247 
1 7 23.601277712752044 
1 8 2.1683768951892346 
2 0 11.32987213687498 
2 1 14.162135443248093 
2 3 2.2468986289617545 
2 4 8.139799702893832 
2 5 21.97865563872622 
2 6 3.7639605403075915 
2 7 36.848056302292946 
2 8 23.48655786560299 
3 0 835.1034064794701 
3 1 68.83049412983316 
3 2 67.6316487317488 
3 4 339.4301257903369 
3 5 266.1581269855584 
3 6 18.293516886119143 
3 7 61.237280549064344 
3 8 22.017574815140957 
4 0 34.23118315208484 
4 1 17.47554022886249 
4 2 4.900159421142089 
4 3 6.788602515806738 
4 5 11.454238842233067 
4 6 4.644585140820422 
4 7 10.422647888349507 
4 8 1.5952535341707021 
5 0 37.280245214290574 
5 1 5.935638505849665 
5 2 18.376598186823863 
5 3 7.393281305154399 
5 4 15.908665058657036 
5 6 1.5775522841931258 
5 7 10.499855041971278 
5 8 5.982526420892059 
6 0 92.24412912177765 
6 1 738.3368394480159 
6 2 113.29521226325855 
6 3 18.293516886119143 
6 4 232.22925704102101 
6 5 56.791882230952574 
6 7 401.4503190940388 
6 8 36.88340974944422 
7 0 7.719646868886958 
7 1 37.76204434040328 
7 2 27.72816236747545 
7 3 1.5309320137266087 
7 4 13.028309860436886 
7 5 9.449869537774154 
7 6 10.036257977350973 
7 8 9.026940801543285 
8 0 111.02250195189913 
8 1 138.77612129211101 
8 2 706.9453917546499 
8 3 22.01757481514096 
8 4 79.7626767085351 
8 5 215.3709511521142 
8 6 36.88340974944422 
8 7 361.0776320617315 
P 
0 1.0 4.7958694767727 4.7958694767727 
1 1.0 45.551328128568734 45.551328128568734 
2 1.0 48.58208615558375 48.58208615558375 
3 0.0 -8.0458020627264 -8.0458020627264 
4 0.0 -52.15337929044472 -52.15337929044472 
5 0.0 -53.59042759240577 -53.59042759240577 
6 0.0 -11.103624724664044 -11.103624724664044 
7 0.0 -51.617481863305414 -51.617481863305414 
8 0.0 -14.826212305079624 -14.826212305079624 
Alfa 
0 1.0575296108291032 
1 3.90625 
2 8.305647840531561 
3 250.0 
4 5.0 
5 6.944444444444445 
6 250.0 
7 6.25 
8 250.0 
Gamma 
0 1 0.14555718025088416 
0 2 0.16902012084357154 
0 3 -0.04860059658612692 
0 4 0.0036068013714036784 
0 5 0.02504894376501343 
0 6 0.14555718025088438 
0 7 0.19659841130339673 
0 8 0.16902012084357154 
1 0 0.14555718025088416 
1 2 0.044258036773655585 
1 3 0.14555718025088438 
1 4 0.07887704053773525 
1 5 0.17213238956765142 
1 6 -0.05661427394055152 
1 7 -0.004526833199774538 
1 8 0.044258036773655585 
2 0 0.16902012084357154 
2 1 0.044258036773655585 
2 3 0.16902012084357154 
2 4 0.18544506378265435 
2 5 0.06422308367667307 
2 6 0.044258036773655585 
2 7 -0.004207976596276364 
2 8 -0.06446525237584955 
3 0 -0.04860059658612692 
3 1 0.14555718025088416 
3 2 0.16902012084357154 
3 4 0.0036068013714036784 
3 5 0.02504894376501343 
3 6 0.14555718025088438 
3 7 0.19659841130339673 
3 8 0.16902012084357154 
4 0 0.0036068013714036784 
4 1 0.07887704053773525 
4 2 0.18544506378265435 
4 3 0.0036068013714036784 
4 5 0.08497802494795148 
4 6 0.07887704053773525 
4 7 0.13996760947053644 
4 8 0.18544506378265435 
5 0 0.02504894376501343 
5 1 0.17213238956765142 
5 2 0.06422308367667307 
5 3 0.02504894376501343 
5 4 0.0849780249479517 
5 6 0.17213238956765164 
5 7 0.1336897042749352 
5 8 0.06422308367667329 
6 0 0.14555718025088416 
6 1 -0.05661427394055152 
6 2 0.044258036773655585 
6 3 0.14555718025088438 
6 4 0.07887704053773525 
6 5 0.17213238956765142 
6 7 -0.004526833199774538 
6 8 0.044258036773655585 
7 0 0.19659841130339673 
7 1 -0.004526833199774538 
7 2 -0.004207976596276364 
7 3 0.19659841130339673 
7 4 0.13996760947053644 
7 5 0.13368970427493498 
7 6 -0.004526833199774538 
7 8 -0.004207976596276364 
8 0 0.16902012084357154 
8 1 0.044258036773655585 
8 2 -0.06446525237584955 
8 3 0.16902012084357154 
8 4 0.18544506378265435 
8 5 0.06422308367667307 
8 6 0.044258036773655585 
8 7 -0.004207976596276364 
