12 24 12 
K 
0 3 134.92557115253808 
1 4 254.13587518077813 
2 5 350.097707534246 
3 0 127.58562008184002 
3 6 2118.8618756200785 
4 1 65.0587840462792 
4 9 1970.9020914244713 
5 2 42.15176398712322 
5 11 2117.2435150534616 
6 3 2118.8618756200785 
6 7 1365.573232769546 
6 8 1272.5110221577072 
7 6 1365.573232769546 
7 9 718.6205848029962 
8 6 1272.5110221577072 
8 11 693.8994943904357 
9 4 1970.9020914244713 
9 7 718.6205848029963 
9 10 1674.663412753038 
10 9 1674.6634127530376 
10 11 1204.8219084837235 
11 5 2117.2435150534616 
11 8 693.8994943904357 
11 10 1204.8219084837235 
P 
0 1.0 5.661245644793789 5.661245644793789 
1 1.0 48.007462737669016 48.007462737669016 
2 1.0 53.22964296780048 53.22964296780048 
3 0.0 -0.0 -0.0 
4 0.0 -0.0 -0.0 
5 0.0 -0.0 -0.0 
6 0.0 -398.40910744992476 -398.40910744992476 
7 0.0 -298.89758175197943 -298.89758175197943 
8 0.0 -386.15040431694126 -386.15040431694126 
9 0.0 -344.17216631432933 -344.17216631432933 
10 0.0 -340.56113105181134 -340.56113105181134 
11 0.0 -303.39235948612355 -303.39235948612355 
Alfa 
0 1.0575296108291032 
1 3.90625 
2 8.305647840531561 
3 0.0 
4 0.0 
5 0.0 
6 0.0 
7 0.0 
8 0.0 
9 0.0 
10 0.0 
11 0.0 
Gamma 
6 7 0.11710874456686438 
6 8 0.18272156076209756 
7 6 0.11710874456686438 
7 9 0.19620081728811645 
8 6 0.18272156076209756 
8 11 0.22550963518842404 
9 7 0.19620081728811645 
9 10 0.11751164543144554 
10 9 0.11751164543144554 
10 11 0.11751164543144554 
11 8 0.22550963518842404 
11 10 0.11751164543144554 
