9 72 72 
K 
0 1 20.714950352571655 
0 2 14.349737467530435 
0 3 3.6503600401056073 
0 4 16.828567940313473 
0 5 11.676307358409469 
0 6 2.599148086712045 
0 7 12.079074878003173 
0 8 2.715189871917272 
1 0 76.51584786481156 
1 2 33.645639013677595 
1 3 5.177128418152736 
1 4 32.0410360884861 
1 5 19.626978130027886 
1 6 8.34963390451648 
1 7 34.340084434653534 
1 8 6.3662696610883645 
2 0 112.70026369847825 
2 1 71.53890022841746 
2 3 7.625397276621238 
2 4 41.39260779777229 
2 5 33.17022321067696 
2 6 8.97613523032613 
2 7 48.364245569163174 
2 8 12.893770694208829 
3 0 862.9451134809652 
3 1 331.33621876177506 
3 2 229.5244580262993 
3 4 269.17342178553076 
3 5 186.7628675612729 
3 6 41.573447408535976 
3 7 193.20514546736845 
3 8 43.42953905605917 
4 0 79.56546922180205 
4 1 41.0125261932622 
4 2 24.91834989425891 
4 3 5.383468435710614 
4 5 18.08702073835494 
4 6 5.145927321675262 
4 7 22.66366107367681 
4 8 4.714933036989313 
5 0 76.67441832022214 
5 1 34.89240556449403 
5 2 27.733992184482673 
5 3 5.187857432257579 
5 4 25.12086213660408 
5 6 4.378023003684225 
5 7 21.6216138378395 
5 8 5.247695636072124 
6 0 614.4386076987275 
6 1 534.3765698890547 
6 2 270.18167043281653 
6 3 41.57344740853599 
6 4 257.2963660837632 
6 5 157.60882813263217 
6 7 275.7582155472496 
6 8 51.12250567627451 
7 0 71.38733252899875 
7 1 54.94413509544565 
7 2 36.394094790795286 
7 3 4.830128636684211 
7 4 28.32957634209603 
7 5 19.459452454055548 
7 6 6.893955388681238 
7 8 6.886319543974952 
8 0 641.8708857212429 
8 1 407.4412583096553 
8 2 388.1024978956858 
8 3 43.429539056059156 
8 4 235.74665184946574 
8 5 188.91704289859646 
8 6 51.1225056762745 
8 7 275.45278175899807 
P 
0 1.0 4.474599848086581 4.474599848086581 
1 1.0 45.67610290918555 45.67610290918555 
2 1.0 50.02350974397068 50.02350974397068 
3 0.0 -1.2842325194219448 -1.2842325194219448 
4 0.0 -48.30027052182647 -48.30027052182647 
5 0.0 -48.3530132010097 -48.3530132010097 
6 0.0 -2.349002817581941 -2.349002817581941 
7 0.0 -48.57572713281732 -48.57572713281732 
8 0.0 -3.455099501641963 -3.455099501641963 
Alfa 
0 1.0575296108291032 
1 3.90625 
2 8.305647840531561 
3 250.0 
4 5.0 
5 6.944444444444445 
6 250.0 
7 6.25 
8 250.0 
Gamma 
0 1 0.031195206295895117 
0 2 0.030788435216411614 
0 3 -0.021996722174164818 
0 4 -0.007813655583740697 
0 5 -0.005530798869342712 
0 6 0.03119520629589534 
0 7 0.03417971485097304 
0 8 0.030788435216411614 
1 0 0.03119520629589534 
1 2 -0.008733290599792776 
1 3 0.031195206295895117 
1 4 0.015683456118276373 
1 5 0.021861515473155846 
1 6 -0.03504111225757334 
1 7 -0.022650986181424138 
1 8 -0.008733290599792776 
2 0 0.030788435216411614 
2 1 -0.008733290599792776 
2 3 0.030788435216411614 
2 4 0.024396658831724816 
2 5 0.0037946192642115406 
2 6 -0.008733290599792776 
2 7 -0.02492003875603488 
2 8 -0.047067185963339364 
3 0 -0.02199672217416504 
3 1 0.031195206295895117 
3 2 0.030788435216411614 
3 4 -0.007813655583740697 
3 5 -0.005530798869342712 
3 6 0.03119520629589534 
3 7 0.03417971485097304 
3 8 0.030788435216411614 
4 0 -0.007813655583740475 
4 1 0.015683456118276373 
4 2 0.024396658831724816 
4 3 -0.007813655583740475 
4 5 0.0054261418826617724 
4 6 0.015683456118276373 
4 7 0.02227280653123831 
4 8 0.024396658831724816 
5 0 -0.005530798869342712 
5 1 0.021861515473155846 
5 2 0.0037946192642115406 
5 3 -0.005530798869342712 
5 4 0.0054261418826617724 
5 6 0.021861515473155846 
5 7 0.01671793382122222 
5 8 0.0037946192642117627 
6 0 0.03119520629589534 
6 1 -0.03504111225757334 
6 2 -0.008733290599792776 
6 3 0.031195206295895117 
6 4 0.015683456118276373 
6 5 0.021861515473155846 
6 7 -0.022650986181424138 
6 8 -0.008733290599792776 
7 0 0.03417971485097304 
7 1 -0.022650986181424138 
7 2 -0.02492003875603488 
7 3 0.03417971485097304 
7 4 0.02227280653123831 
7 5 0.01671793382122222 
7 6 -0.022650986181424138 
7 8 -0.02492003875603488 
8 0 0.030788435216411614 
8 1 -0.008733290599792776 
8 2 -0.047067185963339364 
8 3 0.030788435216411614 
8 4 0.024396658831724816 
8 5 0.0037946192642115406 
8 6 -0.008733290599792776 
8 7 -0.02492003875603488 
