9 72 72 
K 
0 1 35.570799576141695 
0 2 23.80851118345172 
0 3 4.706518750164551 
0 4 24.01731554839287 
0 5 16.473171985015785 
0 6 4.258355541569351 
0 7 20.036854315223277 
0 8 4.371741747877404 
1 0 131.38964093437335 
1 2 49.392361460107296 
1 3 8.185524986296565 
1 4 46.26806078934027 
1 5 30.477014907618223 
1 6 9.89086992880121 
1 7 44.444353713349 
1 8 9.069472969460021 
2 0 186.98777554046458 
2 1 105.02030343677296 
2 3 11.649267765203726 
2 4 63.13443445991225 
2 5 45.36568675749476 
2 6 12.572497566718623 
2 7 62.25359979085188 
2 8 14.511891250327679 
3 0 1112.6210325389002 
3 1 523.8735991229802 
3 2 350.6429597326322 
3 4 353.71815330370055 
3 5 242.6107931110537 
3 6 62.71548771716422 
3 7 295.095390328513 
3 8 64.38539788779029 
4 0 113.55386791280152 
4 1 59.22311781035557 
4 2 38.00692954486719 
4 3 7.074363066074012 
4 5 25.268681080655274 
4 6 7.0898910039091465 
4 7 32.78116988116741 
4 8 6.978868998554575 
5 0 108.17382936827028 
5 1 54.18135983576574 
5 2 37.93075476112755 
5 3 6.7391886975292685 
5 4 35.09539038979898 
5 6 6.486317334883546 
5 7 31.110510241439304 
5 8 6.9648817114182995 
6 0 1006.6752500269944 
6 1 633.0156754432775 
6 2 378.43217675823047 
6 3 62.715487717164194 
6 4 354.49455019545724 
6 5 233.50742405580766 
6 7 340.521753225744 
6 8 69.48808067528327 
7 0 118.41780900296955 
7 1 71.11096594135839 
7 2 46.845833842616024 
7 3 7.377384758212824 
7 4 40.976462351459226 
7 5 27.99945921729537 
7 6 8.513043830643598 
7 8 8.601877116375046 
8 0 1033.479749198218 
8 1 580.4462700454415 
8 2 436.807926634863 
8 3 64.38539788779029 
8 4 348.9434499277286 
8 5 250.73574161105887 
8 6 69.4880806752833 
8 7 344.07508465500183 
P 
0 1.0 5.124056066626547 5.124056066626547 
1 1.0 46.58725762081595 46.58725762081595 
2 1.0 51.288903007652074 51.288903007652074 
3 0.0 -0.4928853117853863 -0.4928853117853863 
4 0.0 -47.64659971368059 -47.64659971368059 
5 0.0 -47.727837635730324 -47.727837635730324 
6 0.0 -1.3026496585186351 -1.3026496585186351 
7 0.0 -47.968162591098846 -47.968162591098846 
8 0.0 -1.9696014918416214 -1.9696014918416214 
Alfa 
0 1.0575296108291032 
1 3.90625 
2 8.305647840531561 
3 250.0 
4 5.0 
5 6.944444444444445 
6 250.0 
7 6.25 
8 250.0 
Gamma 
0 1 0.011191464058876166 
0 2 0.009888376550890365 
0 3 -0.007110773707237117 
0 4 -0.0017887880084352936 
0 5 -0.0022097369704043857 
0 6 0.011191464058876166 
0 7 0.011506813509183367 
0 8 0.009888376550890143 
1 0 0.011191464058876166 
1 2 -0.007098901079212849 
1 3 0.011191464058876166 
1 4 0.00499100195643587 
1 5 0.005468388630440968 
1 6 -0.017190411142124384 
1 7 -0.01234960505038285 
1 8 -0.007098901079212849 
2 0 0.009888376550890365 
2 1 -0.007098901079212849 
2 3 0.009888376550890365 
2 4 0.00642857583880585 
2 5 -0.0015646496504748697 
2 6 -0.007098901079212849 
2 7 -0.01409353255958612 
2 8 -0.02455891924113862 
3 0 -0.007110773707237117 
3 1 0.011191464058876166 
3 2 0.009888376550890365 
3 4 -0.0017887880084352936 
3 5 -0.0022097369704043857 
3 6 0.011191464058876166 
3 7 0.011506813509183367 
3 8 0.009888376550890143 
4 0 -0.0017887880084352936 
4 1 0.00499100195643587 
4 2 0.00642857583880585 
4 3 -0.0017887880084352936 
4 5 0.0009094808532446041 
4 6 0.00499100195643587 
4 7 0.006446336258388197 
4 8 0.00642857583880585 
5 0 -0.0022097369704043857 
5 1 0.005468388630440968 
5 2 -0.0015646496504748697 
5 3 -0.0022097369704043857 
5 4 0.0009094808532446041 
5 6 0.005468388630440968 
5 7 0.0032923739682517716 
5 8 -0.0015646496504748697 
6 0 0.011191464058876166 
6 1 -0.017190411142124384 
6 2 -0.007098901079212849 
6 3 0.011191464058876166 
6 4 0.00499100195643587 
6 5 0.005468388630440968 
6 7 -0.01234960505038285 
6 8 -0.007098901079212849 
7 0 0.011506813509183367 
7 1 -0.01234960505038285 
7 2 -0.01409353255958612 
7 3 0.011506813509183367 
7 4 0.006446336258388197 
7 5 0.0032923739682517716 
7 6 -0.01234960505038285 
7 8 -0.01409353255958612 
8 0 0.009888376550890365 
8 1 -0.007098901079212849 
8 2 -0.02455891924113862 
8 3 0.009888376550890365 
8 4 0.00642857583880585 
8 5 -0.0015646496504748697 
8 6 -0.007098901079212849 
8 7 -0.01409353255958612 
