125 752 
K 
0 10 1 
0 22 1 
0 80 1 
1 5 1 
1 22 1 
1 46 1 
1 99 1 
2 15 1 
2 22 1 
2 36 1 
2 47 1 
2 121 1 
3 6 1 
3 24 1 
3 30 1 
3 64 1 
3 92 1 
3 107 1 
4 11 1 
4 38 1 
4 43 1 
4 71 1 
5 1 1 
5 14 1 
5 31 1 
5 62 1 
5 97 1 
5 109 1 
5 117 1 
5 120 1 
6 3 1 
6 50 1 
6 65 1 
6 105 1 
6 108 1 
6 109 1 
6 122 1 
7 15 1 
7 47 1 
7 72 1 
7 85 1 
7 97 1 
7 115 1 
8 14 1 
8 37 1 
8 44 1 
8 51 1 
8 54 1 
8 91 1 
8 119 1 
9 11 1 
9 22 1 
9 32 1 
9 39 1 
9 68 1 
9 85 1 
10 0 1 
10 34 1 
10 66 1 
10 95 1 
10 96 1 
10 114 1 
11 4 1 
11 9 1 
12 40 1 
12 52 1 
12 63 1 
12 84 1 
12 85 1 
12 104 1 
12 110 1 
13 24 1 
13 104 1 
13 120 1 
14 5 1 
14 8 1 
14 86 1 
15 2 1 
15 7 1 
15 44 1 
15 51 1 
15 52 1 
15 65 1 
15 81 1 
15 104 1 
15 106 1 
15 114 1 
16 23 1 
16 25 1 
16 26 1 
16 42 1 
16 67 1 
16 68 1 
16 111 1 
16 112 1 
17 19 1 
17 26 1 
17 41 1 
17 67 1 
17 69 1 
17 115 1 
18 20 1 
18 23 1 
18 59 1 
18 81 1 
18 90 1 
18 106 1 
18 114 1 
19 17 1 
19 51 1 
19 73 1 
19 79 1 
20 18 1 
20 46 1 
20 78 1 
20 96 1 
20 110 1 
20 120 1 
21 28 1 
21 77 1 
21 88 1 
21 98 1 
21 115 1 
21 117 1 
22 0 1 
22 1 1 
22 2 1 
22 9 1 
22 89 1 
22 97 1 
22 117 1 
23 16 1 
23 18 1 
23 29 1 
23 39 1 
23 85 1 
23 91 1 
23 116 1 
23 119 1 
24 3 1 
24 13 1 
24 44 1 
24 93 1 
24 101 1 
24 113 1 
24 121 1 
25 16 1 
25 36 1 
25 47 1 
25 101 1 
25 103 1 
25 110 1 
25 114 1 
26 16 1 
26 17 1 
26 27 1 
26 31 1 
26 64 1 
26 100 1 
26 105 1 
26 107 1 
26 108 1 
26 118 1 
27 26 1 
27 54 1 
27 77 1 
27 115 1 
28 21 1 
28 55 1 
28 61 1 
28 65 1 
28 74 1 
28 85 1 
28 93 1 
28 103 1 
29 23 1 
29 32 1 
29 52 1 
29 53 1 
29 112 1 
29 121 1 
30 3 1 
30 70 1 
30 95 1 
30 98 1 
30 102 1 
31 5 1 
31 26 1 
31 106 1 
32 9 1 
32 29 1 
32 62 1 
32 66 1 
32 79 1 
32 115 1 
33 36 1 
33 60 1 
33 84 1 
33 110 1 
34 10 1 
34 70 1 
34 76 1 
34 100 1 
35 45 1 
35 65 1 
35 68 1 
35 85 1 
35 112 1 
36 2 1 
36 25 1 
36 33 1 
36 51 1 
36 64 1 
36 68 1 
36 86 1 
36 92 1 
37 8 1 
37 46 1 
37 74 1 
37 84 1 
38 4 1 
38 55 1 
38 71 1 
38 83 1 
38 96 1 
38 108 1 
38 116 1 
38 117 1 
39 9 1 
39 23 1 
39 61 1 
39 65 1 
39 82 1 
39 107 1 
39 108 1 
40 12 1 
40 48 1 
40 49 1 
40 53 1 
40 57 1 
40 91 1 
40 117 1 
41 17 1 
41 87 1 
41 109 1 
42 16 1 
42 46 1 
42 55 1 
42 56 1 
42 96 1 
42 101 1 
42 109 1 
42 124 1 
43 4 1 
43 63 1 
43 83 1 
43 88 1 
43 124 1 
44 8 1 
44 15 1 
44 24 1 
44 67 1 
44 73 1 
44 81 1 
44 120 1 
45 35 1 
45 73 1 
45 78 1 
45 94 1 
45 115 1 
46 1 1 
46 20 1 
46 37 1 
46 42 1 
46 57 1 
46 62 1 
46 69 1 
46 70 1 
46 74 1 
46 77 1 
46 89 1 
47 2 1 
47 7 1 
47 25 1 
47 91 1 
48 40 1 
49 40 1 
49 52 1 
49 55 1 
49 60 1 
49 69 1 
49 87 1 
50 6 1 
50 53 1 
50 59 1 
50 61 1 
50 63 1 
50 86 1 
51 8 1 
51 15 1 
51 19 1 
51 36 1 
51 59 1 
51 60 1 
51 69 1 
51 99 1 
51 103 1 
52 12 1 
52 15 1 
52 29 1 
52 49 1 
52 69 1 
52 84 1 
53 29 1 
53 40 1 
53 50 1 
53 80 1 
53 81 1 
53 88 1 
54 8 1 
54 27 1 
54 64 1 
54 72 1 
54 109 1 
55 28 1 
55 38 1 
55 42 1 
55 49 1 
55 69 1 
55 118 1 
56 42 1 
56 78 1 
56 84 1 
56 97 1 
56 118 1 
56 122 1 
57 40 1 
57 46 1 
57 68 1 
57 88 1 
57 89 1 
58 60 1 
58 71 1 
58 84 1 
59 18 1 
59 50 1 
59 51 1 
60 33 1 
60 49 1 
60 51 1 
60 58 1 
60 62 1 
60 63 1 
60 101 1 
60 103 1 
61 28 1 
61 39 1 
61 50 1 
61 102 1 
61 124 1 
62 5 1 
62 32 1 
62 46 1 
62 60 1 
62 107 1 
62 109 1 
62 116 1 
63 12 1 
63 43 1 
63 50 1 
63 60 1 
63 64 1 
63 70 1 
63 91 1 
63 110 1 
64 3 1 
64 26 1 
64 36 1 
64 54 1 
64 63 1 
64 77 1 
64 83 1 
64 87 1 
65 6 1 
65 15 1 
65 28 1 
65 35 1 
65 39 1 
65 83 1 
65 119 1 
66 10 1 
66 32 1 
66 96 1 
66 124 1 
67 16 1 
67 17 1 
67 44 1 
67 73 1 
67 91 1 
67 101 1 
67 105 1 
67 122 1 
68 9 1 
68 16 1 
68 35 1 
68 36 1 
68 57 1 
68 80 1 
68 82 1 
68 97 1 
68 110 1 
69 17 1 
69 46 1 
69 49 1 
69 51 1 
69 52 1 
69 55 1 
69 102 1 
69 106 1 
69 108 1 
69 120 1 
70 30 1 
70 34 1 
70 46 1 
70 63 1 
70 88 1 
70 108 1 
70 109 1 
71 4 1 
71 38 1 
71 58 1 
71 82 1 
71 98 1 
71 122 1 
72 7 1 
72 54 1 
72 80 1 
72 115 1 
72 122 1 
73 19 1 
73 44 1 
73 45 1 
73 67 1 
73 76 1 
73 92 1 
73 93 1 
73 105 1 
74 28 1 
74 37 1 
74 46 1 
74 89 1 
74 96 1 
74 101 1 
74 118 1 
75 104 1 
75 109 1 
75 117 1 
75 119 1 
76 34 1 
76 73 1 
76 85 1 
77 21 1 
77 27 1 
77 46 1 
77 64 1 
77 103 1 
77 118 1 
78 20 1 
78 45 1 
78 56 1 
78 79 1 
79 19 1 
79 32 1 
79 78 1 
79 92 1 
79 109 1 
79 111 1 
80 0 1 
80 53 1 
80 68 1 
80 72 1 
80 81 1 
80 101 1 
80 118 1 
80 124 1 
81 15 1 
81 18 1 
81 44 1 
81 53 1 
81 80 1 
81 124 1 
82 39 1 
82 68 1 
82 71 1 
83 38 1 
83 43 1 
83 64 1 
83 65 1 
83 123 1 
84 12 1 
84 33 1 
84 37 1 
84 52 1 
84 56 1 
84 58 1 
84 97 1 
84 122 1 
85 7 1 
85 9 1 
85 12 1 
85 23 1 
85 28 1 
85 35 1 
85 76 1 
85 89 1 
85 116 1 
86 14 1 
86 36 1 
86 50 1 
86 108 1 
86 112 1 
87 41 1 
87 49 1 
87 64 1 
87 98 1 
87 100 1 
87 102 1 
88 21 1 
88 43 1 
88 53 1 
88 57 1 
88 70 1 
88 97 1 
88 106 1 
88 121 1 
89 22 1 
89 46 1 
89 57 1 
89 74 1 
89 85 1 
89 90 1 
89 97 1 
90 18 1 
90 89 1 
91 8 1 
91 23 1 
91 40 1 
91 47 1 
91 63 1 
91 67 1 
91 110 1 
92 3 1 
92 36 1 
92 73 1 
92 79 1 
92 120 1 
93 24 1 
93 28 1 
93 73 1 
93 105 1 
93 120 1 
94 45 1 
95 10 1 
95 30 1 
95 108 1 
95 114 1 
96 10 1 
96 20 1 
96 38 1 
96 42 1 
96 66 1 
96 74 1 
96 104 1 
96 123 1 
97 5 1 
97 7 1 
97 22 1 
97 56 1 
97 68 1 
97 84 1 
97 88 1 
97 89 1 
97 113 1 
98 21 1 
98 30 1 
98 71 1 
98 87 1 
98 110 1 
98 116 1 
98 123 1 
99 1 1 
99 51 1 
99 104 1 
100 26 1 
100 34 1 
100 87 1 
100 122 1 
101 24 1 
101 25 1 
101 42 1 
101 60 1 
101 67 1 
101 74 1 
101 80 1 
102 30 1 
102 61 1 
102 69 1 
102 87 1 
103 25 1 
103 28 1 
103 51 1 
103 60 1 
103 77 1 
104 12 1 
104 13 1 
104 15 1 
104 75 1 
104 96 1 
104 99 1 
104 109 1 
105 6 1 
105 26 1 
105 67 1 
105 73 1 
105 93 1 
105 121 1 
105 123 1 
106 15 1 
106 18 1 
106 31 1 
106 69 1 
106 88 1 
107 3 1 
107 26 1 
107 39 1 
107 62 1 
108 6 1 
108 26 1 
108 38 1 
108 39 1 
108 69 1 
108 70 1 
108 86 1 
108 95 1 
109 5 1 
109 6 1 
109 41 1 
109 42 1 
109 54 1 
109 62 1 
109 70 1 
109 75 1 
109 79 1 
109 104 1 
109 113 1 
109 121 1 
110 12 1 
110 20 1 
110 25 1 
110 33 1 
110 63 1 
110 68 1 
110 91 1 
110 98 1 
110 122 1 
111 16 1 
111 79 1 
111 117 1 
112 16 1 
112 29 1 
112 35 1 
112 86 1 
113 24 1 
113 97 1 
113 109 1 
113 120 1 
114 10 1 
114 15 1 
114 18 1 
114 25 1 
114 95 1 
115 7 1 
115 17 1 
115 21 1 
115 27 1 
115 32 1 
115 45 1 
115 72 1 
115 121 1 
116 23 1 
116 38 1 
116 62 1 
116 85 1 
116 98 1 
116 119 1 
117 5 1 
117 21 1 
117 22 1 
117 38 1 
117 40 1 
117 75 1 
117 111 1 
117 119 1 
118 26 1 
118 55 1 
118 56 1 
118 74 1 
118 77 1 
118 80 1 
119 8 1 
119 23 1 
119 65 1 
119 75 1 
119 116 1 
119 117 1 
119 121 1 
120 5 1 
120 13 1 
120 20 1 
120 44 1 
120 69 1 
120 92 1 
120 93 1 
120 113 1 
121 2 1 
121 24 1 
121 29 1 
121 88 1 
121 105 1 
121 109 1 
121 115 1 
121 119 1 
122 6 1 
122 56 1 
122 67 1 
122 71 1 
122 72 1 
122 84 1 
122 100 1 
122 110 1 
122 123 1 
123 83 1 
123 96 1 
123 98 1 
123 105 1 
123 122 1 
124 42 1 
124 43 1 
124 61 1 
124 66 1 
124 80 1 
124 81 1 
P 
0 1.0 10.0 10.0 
1 1.0 10.0 10.0 
2 1.0 10.0 10.0 
3 1.0 10.0 10.0 
4 1.0 10.0 10.0 
5 1.0 2.5 2.5 
6 1.0 2.5 2.5 
7 1.0 2.5 2.5 
8 1.0 2.5 2.5 
9 1.0 2.5 2.5 
10 1.0 2.5 2.5 
11 1.0 2.5 2.5 
12 1.0 2.5 2.5 
13 1.0 2.5 2.5 
14 1.0 2.5 2.5 
15 1.0 2.5 2.5 
16 1.0 2.5 2.5 
17 1.0 2.5 2.5 
18 1.0 2.5 2.5 
19 1.0 2.5 2.5 
20 1.0 2.5 2.5 
21 1.0 2.5 2.5 
22 1.0 2.5 2.5 
23 1.0 2.5 2.5 
24 1.0 2.5 2.5 
25 0.0 -1.0 -1.0 
26 0.0 -1.0 -1.0 
27 0.0 -1.0 -1.0 
28 0.0 -1.0 -1.0 
29 0.0 -1.0 -1.0 
30 0.0 -1.0 -1.0 
31 0.0 -1.0 -1.0 
32 0.0 -1.0 -1.0 
33 0.0 -1.0 -1.0 
34 0.0 -1.0 -1.0 
35 0.0 -1.0 -1.0 
36 0.0 -1.0 -1.0 
37 0.0 -1.0 -1.0 
38 0.0 -1.0 -1.0 
39 0.0 -1.0 -1.0 
40 0.0 -1.0 -1.0 
41 0.0 -1.0 -1.0 
42 0.0 -1.0 -1.0 
43 0.0 -1.0 -1.0 
44 0.0 -1.0 -1.0 
45 0.0 -1.0 -1.0 
46 0.0 -1.0 -1.0 
47 0.0 -1.0 -1.0 
48 0.0 -1.0 -1.0 
49 0.0 -1.0 -1.0 
50 0.0 -1.0 -1.0 
51 0.0 -1.0 -1.0 
52 0.0 -1.0 -1.0 
53 0.0 -1.0 -1.0 
54 0.0 -1.0 -1.0 
55 0.0 -1.0 -1.0 
56 0.0 -1.0 -1.0 
57 0.0 -1.0 -1.0 
58 0.0 -1.0 -1.0 
59 0.0 -1.0 -1.0 
60 0.0 -1.0 -1.0 
61 0.0 -1.0 -1.0 
62 0.0 -1.0 -1.0 
63 0.0 -1.0 -1.0 
64 0.0 -1.0 -1.0 
65 0.0 -1.0 -1.0 
66 0.0 -1.0 -1.0 
67 0.0 -1.0 -1.0 
68 0.0 -1.0 -1.0 
69 0.0 -1.0 -1.0 
70 0.0 -1.0 -1.0 
71 0.0 -1.0 -1.0 
72 0.0 -1.0 -1.0 
73 0.0 -1.0 -1.0 
74 0.0 -1.0 -1.0 
75 0.0 -1.0 -1.0 
76 0.0 -1.0 -1.0 
77 0.0 -1.0 -1.0 
78 0.0 -1.0 -1.0 
79 0.0 -1.0 -1.0 
80 0.0 -1.0 -1.0 
81 0.0 -1.0 -1.0 
82 0.0 -1.0 -1.0 
83 0.0 -1.0 -1.0 
84 0.0 -1.0 -1.0 
85 0.0 -1.0 -1.0 
86 0.0 -1.0 -1.0 
87 0.0 -1.0 -1.0 
88 0.0 -1.0 -1.0 
89 0.0 -1.0 -1.0 
90 0.0 -1.0 -1.0 
91 0.0 -1.0 -1.0 
92 0.0 -1.0 -1.0 
93 0.0 -1.0 -1.0 
94 0.0 -1.0 -1.0 
95 0.0 -1.0 -1.0 
96 0.0 -1.0 -1.0 
97 0.0 -1.0 -1.0 
98 0.0 -1.0 -1.0 
99 0.0 -1.0 -1.0 
100 0.0 -1.0 -1.0 
101 0.0 -1.0 -1.0 
102 0.0 -1.0 -1.0 
103 0.0 -1.0 -1.0 
104 0.0 -1.0 -1.0 
105 0.0 -1.0 -1.0 
106 0.0 -1.0 -1.0 
107 0.0 -1.0 -1.0 
108 0.0 -1.0 -1.0 
109 0.0 -1.0 -1.0 
110 0.0 -1.0 -1.0 
111 0.0 -1.0 -1.0 
112 0.0 -1.0 -1.0 
113 0.0 -1.0 -1.0 
114 0.0 -1.0 -1.0 
115 0.0 -1.0 -1.0 
116 0.0 -1.0 -1.0 
117 0.0 -1.0 -1.0 
118 0.0 -1.0 -1.0 
119 0.0 -1.0 -1.0 
120 0.0 -1.0 -1.0 
121 0.0 -1.0 -1.0 
122 0.0 -1.0 -1.0 
123 0.0 -1.0 -1.0 
124 0.0 -1.0 -1.0 
Alfa 
0 1.0 
1 1.0 
2 1.0 
3 1.0 
4 1.0 
5 1.0 
6 1.0 
7 1.0 
8 1.0 
9 1.0 
10 1.0 
11 1.0 
12 1.0 
13 1.0 
14 1.0 
15 1.0 
16 1.0 
17 1.0 
18 1.0 
19 1.0 
20 1.0 
21 1.0 
22 1.0 
23 1.0 
24 1.0 
25 1.0 
26 1.0 
27 1.0 
28 1.0 
29 1.0 
30 1.0 
31 1.0 
32 1.0 
33 1.0 
34 1.0 
35 1.0 
36 1.0 
37 1.0 
38 1.0 
39 1.0 
40 1.0 
41 1.0 
42 1.0 
43 1.0 
44 1.0 
45 1.0 
46 1.0 
47 1.0 
48 1.0 
49 1.0 
50 1.0 
51 1.0 
52 1.0 
53 1.0 
54 1.0 
55 1.0 
56 1.0 
57 1.0 
58 1.0 
59 1.0 
60 1.0 
61 1.0 
62 1.0 
63 1.0 
64 1.0 
65 1.0 
66 1.0 
67 1.0 
68 1.0 
69 1.0 
70 1.0 
71 1.0 
72 1.0 
73 1.0 
74 1.0 
75 1.0 
76 1.0 
77 1.0 
78 1.0 
79 1.0 
80 1.0 
81 1.0 
82 1.0 
83 1.0 
84 1.0 
85 1.0 
86 1.0 
87 1.0 
88 1.0 
89 1.0 
90 1.0 
91 1.0 
92 1.0 
93 1.0 
94 1.0 
95 1.0 
96 1.0 
97 1.0 
98 1.0 
99 1.0 
100 1.0 
101 1.0 
102 1.0 
103 1.0 
104 1.0 
105 1.0 
106 1.0 
107 1.0 
108 1.0 
109 1.0 
110 1.0 
111 1.0 
112 1.0 
113 1.0 
114 1.0 
115 1.0 
116 1.0 
117 1.0 
118 1.0 
119 1.0 
120 1.0 
121 1.0 
122 1.0 
123 1.0 
124 1.0 
