125 778 
K 
0 9 1 
0 26 1 
0 49 1 
0 76 1 
0 78 1 
0 102 1 
1 82 1 
1 113 1 
2 3 1 
2 25 1 
2 28 1 
2 44 1 
2 62 1 
2 72 1 
2 99 1 
2 101 1 
2 115 1 
3 2 1 
3 41 1 
3 56 1 
3 61 1 
3 106 1 
4 12 1 
4 74 1 
4 122 1 
5 10 1 
5 29 1 
5 31 1 
5 38 1 
5 46 1 
5 62 1 
5 69 1 
5 85 1 
5 110 1 
5 116 1 
5 122 1 
6 13 1 
6 108 1 
7 33 1 
7 55 1 
7 85 1 
7 105 1 
7 110 1 
7 120 1 
8 23 1 
8 74 1 
8 82 1 
9 0 1 
9 46 1 
9 74 1 
9 109 1 
9 112 1 
10 5 1 
10 18 1 
10 32 1 
10 46 1 
10 52 1 
10 58 1 
10 62 1 
10 81 1 
10 123 1 
11 24 1 
11 56 1 
11 63 1 
11 86 1 
11 105 1 
11 110 1 
12 4 1 
12 23 1 
12 25 1 
12 39 1 
12 51 1 
12 72 1 
12 103 1 
13 6 1 
13 25 1 
13 119 1 
14 21 1 
14 22 1 
14 24 1 
14 36 1 
14 96 1 
14 122 1 
15 20 1 
15 43 1 
15 67 1 
15 123 1 
16 17 1 
16 21 1 
16 35 1 
16 45 1 
16 65 1 
16 72 1 
16 83 1 
16 88 1 
16 91 1 
16 93 1 
16 109 1 
17 16 1 
17 57 1 
17 76 1 
17 81 1 
18 10 1 
18 30 1 
18 51 1 
18 65 1 
18 77 1 
18 82 1 
18 97 1 
18 119 1 
19 22 1 
19 23 1 
19 78 1 
20 15 1 
20 110 1 
21 14 1 
21 16 1 
21 71 1 
21 93 1 
21 98 1 
22 14 1 
22 19 1 
22 23 1 
22 56 1 
22 67 1 
22 97 1 
22 111 1 
23 8 1 
23 12 1 
23 19 1 
23 22 1 
23 29 1 
23 75 1 
23 77 1 
23 89 1 
23 98 1 
24 11 1 
24 14 1 
24 61 1 
24 78 1 
24 85 1 
24 95 1 
24 116 1 
25 2 1 
25 12 1 
25 13 1 
25 29 1 
25 47 1 
25 53 1 
25 55 1 
25 57 1 
25 72 1 
25 107 1 
25 115 1 
26 0 1 
26 28 1 
26 30 1 
26 33 1 
26 49 1 
26 72 1 
26 89 1 
26 104 1 
27 31 1 
27 42 1 
27 60 1 
27 64 1 
27 67 1 
27 115 1 
28 2 1 
28 26 1 
28 49 1 
28 65 1 
28 87 1 
28 94 1 
28 120 1 
29 5 1 
29 23 1 
29 25 1 
29 62 1 
29 68 1 
29 69 1 
29 84 1 
29 88 1 
29 94 1 
29 114 1 
30 18 1 
30 26 1 
30 45 1 
30 47 1 
30 64 1 
30 70 1 
30 95 1 
31 5 1 
31 27 1 
31 62 1 
31 70 1 
31 92 1 
31 93 1 
32 10 1 
32 74 1 
32 77 1 
32 84 1 
33 7 1 
33 26 1 
33 60 1 
33 95 1 
34 44 1 
34 61 1 
34 97 1 
34 110 1 
34 118 1 
35 16 1 
35 36 1 
35 38 1 
35 60 1 
35 66 1 
35 92 1 
35 114 1 
36 14 1 
36 35 1 
36 84 1 
36 114 1 
37 48 1 
37 54 1 
37 56 1 
37 69 1 
37 111 1 
38 5 1 
38 35 1 
38 49 1 
38 102 1 
38 107 1 
38 121 1 
39 12 1 
39 82 1 
39 84 1 
39 88 1 
39 94 1 
39 118 1 
39 121 1 
40 84 1 
40 91 1 
40 104 1 
40 110 1 
41 3 1 
41 63 1 
41 103 1 
41 107 1 
41 119 1 
42 27 1 
42 51 1 
42 68 1 
42 71 1 
42 81 1 
42 89 1 
42 92 1 
42 94 1 
42 107 1 
42 121 1 
43 15 1 
43 58 1 
43 66 1 
43 104 1 
43 107 1 
43 117 1 
43 124 1 
44 2 1 
44 34 1 
44 86 1 
45 16 1 
45 30 1 
45 89 1 
45 98 1 
45 117 1 
45 123 1 
46 5 1 
46 9 1 
46 10 1 
46 51 1 
46 111 1 
47 25 1 
47 30 1 
47 49 1 
47 57 1 
47 68 1 
47 78 1 
47 95 1 
47 103 1 
47 114 1 
47 121 1 
48 37 1 
48 69 1 
48 85 1 
48 103 1 
49 0 1 
49 26 1 
49 28 1 
49 38 1 
49 47 1 
49 54 1 
49 57 1 
49 83 1 
49 86 1 
49 116 1 
49 120 1 
49 122 1 
50 55 1 
50 61 1 
50 65 1 
50 99 1 
50 123 1 
50 124 1 
51 12 1 
51 18 1 
51 42 1 
51 46 1 
51 87 1 
51 88 1 
51 98 1 
51 100 1 
51 115 1 
51 121 1 
52 10 1 
52 65 1 
52 91 1 
52 94 1 
53 25 1 
53 70 1 
53 98 1 
54 37 1 
54 49 1 
54 69 1 
54 75 1 
54 84 1 
54 119 1 
55 7 1 
55 25 1 
55 50 1 
55 76 1 
55 99 1 
56 3 1 
56 11 1 
56 22 1 
56 37 1 
56 57 1 
56 60 1 
56 121 1 
57 17 1 
57 25 1 
57 47 1 
57 49 1 
57 56 1 
57 69 1 
57 75 1 
57 97 1 
57 122 1 
58 10 1 
58 43 1 
58 61 1 
59 64 1 
59 82 1 
59 113 1 
59 115 1 
60 27 1 
60 33 1 
60 35 1 
60 56 1 
60 111 1 
61 3 1 
61 24 1 
61 34 1 
61 50 1 
61 58 1 
61 72 1 
61 85 1 
61 107 1 
61 110 1 
61 111 1 
61 118 1 
62 2 1 
62 5 1 
62 10 1 
62 29 1 
62 31 1 
62 74 1 
62 76 1 
63 11 1 
63 41 1 
63 80 1 
63 86 1 
63 94 1 
63 100 1 
64 27 1 
64 30 1 
64 59 1 
64 81 1 
64 94 1 
64 109 1 
65 16 1 
65 18 1 
65 28 1 
65 50 1 
65 52 1 
65 73 1 
65 81 1 
65 103 1 
65 121 1 
66 35 1 
66 43 1 
66 75 1 
66 123 1 
67 15 1 
67 22 1 
67 27 1 
67 101 1 
67 104 1 
67 105 1 
68 29 1 
68 42 1 
68 47 1 
68 72 1 
68 86 1 
68 90 1 
69 5 1 
69 29 1 
69 37 1 
69 48 1 
69 54 1 
69 57 1 
69 72 1 
69 77 1 
69 99 1 
70 30 1 
70 31 1 
70 53 1 
70 113 1 
70 116 1 
71 21 1 
71 42 1 
71 74 1 
71 85 1 
71 114 1 
71 115 1 
72 2 1 
72 12 1 
72 16 1 
72 25 1 
72 26 1 
72 61 1 
72 68 1 
72 69 1 
72 106 1 
73 65 1 
73 83 1 
73 98 1 
74 4 1 
74 8 1 
74 9 1 
74 32 1 
74 62 1 
74 71 1 
74 82 1 
74 91 1 
74 93 1 
74 101 1 
74 118 1 
75 23 1 
75 54 1 
75 57 1 
75 66 1 
75 94 1 
75 113 1 
75 118 1 
75 121 1 
76 0 1 
76 17 1 
76 55 1 
76 62 1 
76 93 1 
76 102 1 
76 116 1 
76 119 1 
77 18 1 
77 23 1 
77 32 1 
77 69 1 
78 0 1 
78 19 1 
78 24 1 
78 47 1 
78 118 1 
79 101 1 
79 107 1 
80 63 1 
80 88 1 
80 105 1 
81 10 1 
81 17 1 
81 42 1 
81 64 1 
81 65 1 
81 90 1 
81 104 1 
81 121 1 
82 1 1 
82 8 1 
82 18 1 
82 39 1 
82 59 1 
82 74 1 
82 89 1 
83 16 1 
83 49 1 
83 73 1 
83 101 1 
84 29 1 
84 32 1 
84 36 1 
84 39 1 
84 40 1 
84 54 1 
84 94 1 
85 5 1 
85 7 1 
85 24 1 
85 48 1 
85 61 1 
85 71 1 
85 94 1 
85 108 1 
85 110 1 
86 11 1 
86 44 1 
86 49 1 
86 63 1 
86 68 1 
87 28 1 
87 51 1 
87 118 1 
88 16 1 
88 29 1 
88 39 1 
88 51 1 
88 80 1 
88 97 1 
88 110 1 
89 23 1 
89 26 1 
89 42 1 
89 45 1 
89 82 1 
89 96 1 
89 98 1 
89 100 1 
89 106 1 
90 68 1 
90 81 1 
90 99 1 
91 16 1 
91 40 1 
91 52 1 
91 74 1 
91 92 1 
91 112 1 
91 122 1 
92 31 1 
92 35 1 
92 42 1 
92 91 1 
92 114 1 
92 115 1 
93 16 1 
93 21 1 
93 31 1 
93 74 1 
93 76 1 
93 111 1 
94 28 1 
94 29 1 
94 39 1 
94 42 1 
94 52 1 
94 63 1 
94 64 1 
94 75 1 
94 84 1 
94 85 1 
94 101 1 
94 106 1 
94 120 1 
95 24 1 
95 30 1 
95 33 1 
95 47 1 
95 106 1 
95 109 1 
96 14 1 
96 89 1 
96 97 1 
96 108 1 
96 114 1 
96 119 1 
96 121 1 
97 18 1 
97 22 1 
97 34 1 
97 57 1 
97 88 1 
97 96 1 
97 120 1 
97 121 1 
98 21 1 
98 23 1 
98 45 1 
98 51 1 
98 53 1 
98 73 1 
98 89 1 
98 104 1 
98 107 1 
99 2 1 
99 50 1 
99 55 1 
99 69 1 
99 90 1 
100 51 1 
100 63 1 
100 89 1 
100 122 1 
101 2 1 
101 67 1 
101 74 1 
101 79 1 
101 83 1 
101 94 1 
102 0 1 
102 38 1 
102 76 1 
102 117 1 
102 120 1 
103 12 1 
103 41 1 
103 47 1 
103 48 1 
103 65 1 
104 26 1 
104 40 1 
104 43 1 
104 67 1 
104 81 1 
104 98 1 
105 7 1 
105 11 1 
105 67 1 
105 80 1 
105 106 1 
106 3 1 
106 72 1 
106 89 1 
106 94 1 
106 95 1 
106 105 1 
106 108 1 
107 25 1 
107 38 1 
107 41 1 
107 42 1 
107 43 1 
107 61 1 
107 79 1 
107 98 1 
107 123 1 
108 6 1 
108 85 1 
108 96 1 
108 106 1 
108 118 1 
108 119 1 
109 9 1 
109 16 1 
109 64 1 
109 95 1 
110 5 1 
110 7 1 
110 11 1 
110 20 1 
110 34 1 
110 40 1 
110 61 1 
110 85 1 
110 88 1 
111 22 1 
111 37 1 
111 46 1 
111 60 1 
111 61 1 
111 93 1 
111 116 1 
112 9 1 
112 91 1 
113 1 1 
113 59 1 
113 70 1 
113 75 1 
113 115 1 
114 29 1 
114 35 1 
114 36 1 
114 47 1 
114 71 1 
114 92 1 
114 96 1 
115 2 1 
115 25 1 
115 27 1 
115 51 1 
115 59 1 
115 71 1 
115 92 1 
115 113 1 
116 5 1 
116 24 1 
116 49 1 
116 70 1 
116 76 1 
116 111 1 
116 119 1 
117 43 1 
117 45 1 
117 102 1 
118 34 1 
118 39 1 
118 61 1 
118 74 1 
118 75 1 
118 78 1 
118 87 1 
118 108 1 
119 13 1 
119 18 1 
119 41 1 
119 54 1 
119 76 1 
119 96 1 
119 108 1 
119 116 1 
120 7 1 
120 28 1 
120 49 1 
120 94 1 
120 97 1 
120 102 1 
121 38 1 
121 39 1 
121 42 1 
121 47 1 
121 51 1 
121 56 1 
121 65 1 
121 75 1 
121 81 1 
121 96 1 
121 97 1 
122 4 1 
122 5 1 
122 14 1 
122 49 1 
122 57 1 
122 91 1 
122 100 1 
123 10 1 
123 15 1 
123 45 1 
123 50 1 
123 66 1 
123 107 1 
124 43 1 
124 50 1 
P 
0 1.0 10.0 10.0 
1 1.0 10.0 10.0 
2 1.0 10.0 10.0 
3 1.0 10.0 10.0 
4 1.0 10.0 10.0 
5 1.0 2.5 2.5 
6 1.0 2.5 2.5 
7 1.0 2.5 2.5 
8 1.0 2.5 2.5 
9 1.0 2.5 2.5 
10 1.0 2.5 2.5 
11 1.0 2.5 2.5 
12 1.0 2.5 2.5 
13 1.0 2.5 2.5 
14 1.0 2.5 2.5 
15 1.0 2.5 2.5 
16 1.0 2.5 2.5 
17 1.0 2.5 2.5 
18 1.0 2.5 2.5 
19 1.0 2.5 2.5 
20 1.0 2.5 2.5 
21 1.0 2.5 2.5 
22 1.0 2.5 2.5 
23 1.0 2.5 2.5 
24 1.0 2.5 2.5 
25 0.0 -1.0 -1.0 
26 0.0 -1.0 -1.0 
27 0.0 -1.0 -1.0 
28 0.0 -1.0 -1.0 
29 0.0 -1.0 -1.0 
30 0.0 -1.0 -1.0 
31 0.0 -1.0 -1.0 
32 0.0 -1.0 -1.0 
33 0.0 -1.0 -1.0 
34 0.0 -1.0 -1.0 
35 0.0 -1.0 -1.0 
36 0.0 -1.0 -1.0 
37 0.0 -1.0 -1.0 
38 0.0 -1.0 -1.0 
39 0.0 -1.0 -1.0 
40 0.0 -1.0 -1.0 
41 0.0 -1.0 -1.0 
42 0.0 -1.0 -1.0 
43 0.0 -1.0 -1.0 
44 0.0 -1.0 -1.0 
45 0.0 -1.0 -1.0 
46 0.0 -1.0 -1.0 
47 0.0 -1.0 -1.0 
48 0.0 -1.0 -1.0 
49 0.0 -1.0 -1.0 
50 0.0 -1.0 -1.0 
51 0.0 -1.0 -1.0 
52 0.0 -1.0 -1.0 
53 0.0 -1.0 -1.0 
54 0.0 -1.0 -1.0 
55 0.0 -1.0 -1.0 
56 0.0 -1.0 -1.0 
57 0.0 -1.0 -1.0 
58 0.0 -1.0 -1.0 
59 0.0 -1.0 -1.0 
60 0.0 -1.0 -1.0 
61 0.0 -1.0 -1.0 
62 0.0 -1.0 -1.0 
63 0.0 -1.0 -1.0 
64 0.0 -1.0 -1.0 
65 0.0 -1.0 -1.0 
66 0.0 -1.0 -1.0 
67 0.0 -1.0 -1.0 
68 0.0 -1.0 -1.0 
69 0.0 -1.0 -1.0 
70 0.0 -1.0 -1.0 
71 0.0 -1.0 -1.0 
72 0.0 -1.0 -1.0 
73 0.0 -1.0 -1.0 
74 0.0 -1.0 -1.0 
75 0.0 -1.0 -1.0 
76 0.0 -1.0 -1.0 
77 0.0 -1.0 -1.0 
78 0.0 -1.0 -1.0 
79 0.0 -1.0 -1.0 
80 0.0 -1.0 -1.0 
81 0.0 -1.0 -1.0 
82 0.0 -1.0 -1.0 
83 0.0 -1.0 -1.0 
84 0.0 -1.0 -1.0 
85 0.0 -1.0 -1.0 
86 0.0 -1.0 -1.0 
87 0.0 -1.0 -1.0 
88 0.0 -1.0 -1.0 
89 0.0 -1.0 -1.0 
90 0.0 -1.0 -1.0 
91 0.0 -1.0 -1.0 
92 0.0 -1.0 -1.0 
93 0.0 -1.0 -1.0 
94 0.0 -1.0 -1.0 
95 0.0 -1.0 -1.0 
96 0.0 -1.0 -1.0 
97 0.0 -1.0 -1.0 
98 0.0 -1.0 -1.0 
99 0.0 -1.0 -1.0 
100 0.0 -1.0 -1.0 
101 0.0 -1.0 -1.0 
102 0.0 -1.0 -1.0 
103 0.0 -1.0 -1.0 
104 0.0 -1.0 -1.0 
105 0.0 -1.0 -1.0 
106 0.0 -1.0 -1.0 
107 0.0 -1.0 -1.0 
108 0.0 -1.0 -1.0 
109 0.0 -1.0 -1.0 
110 0.0 -1.0 -1.0 
111 0.0 -1.0 -1.0 
112 0.0 -1.0 -1.0 
113 0.0 -1.0 -1.0 
114 0.0 -1.0 -1.0 
115 0.0 -1.0 -1.0 
116 0.0 -1.0 -1.0 
117 0.0 -1.0 -1.0 
118 0.0 -1.0 -1.0 
119 0.0 -1.0 -1.0 
120 0.0 -1.0 -1.0 
121 0.0 -1.0 -1.0 
122 0.0 -1.0 -1.0 
123 0.0 -1.0 -1.0 
124 0.0 -1.0 -1.0 
Alfa 
0 1.0 
1 1.0 
2 1.0 
3 1.0 
4 1.0 
5 1.0 
6 1.0 
7 1.0 
8 1.0 
9 1.0 
10 1.0 
11 1.0 
12 1.0 
13 1.0 
14 1.0 
15 1.0 
16 1.0 
17 1.0 
18 1.0 
19 1.0 
20 1.0 
21 1.0 
22 1.0 
23 1.0 
24 1.0 
25 1.0 
26 1.0 
27 1.0 
28 1.0 
29 1.0 
30 1.0 
31 1.0 
32 1.0 
33 1.0 
34 1.0 
35 1.0 
36 1.0 
37 1.0 
38 1.0 
39 1.0 
40 1.0 
41 1.0 
42 1.0 
43 1.0 
44 1.0 
45 1.0 
46 1.0 
47 1.0 
48 1.0 
49 1.0 
50 1.0 
51 1.0 
52 1.0 
53 1.0 
54 1.0 
55 1.0 
56 1.0 
57 1.0 
58 1.0 
59 1.0 
60 1.0 
61 1.0 
62 1.0 
63 1.0 
64 1.0 
65 1.0 
66 1.0 
67 1.0 
68 1.0 
69 1.0 
70 1.0 
71 1.0 
72 1.0 
73 1.0 
74 1.0 
75 1.0 
76 1.0 
77 1.0 
78 1.0 
79 1.0 
80 1.0 
81 1.0 
82 1.0 
83 1.0 
84 1.0 
85 1.0 
86 1.0 
87 1.0 
88 1.0 
89 1.0 
90 1.0 
91 1.0 
92 1.0 
93 1.0 
94 1.0 
95 1.0 
96 1.0 
97 1.0 
98 1.0 
99 1.0 
100 1.0 
101 1.0 
102 1.0 
103 1.0 
104 1.0 
105 1.0 
106 1.0 
107 1.0 
108 1.0 
109 1.0 
110 1.0 
111 1.0 
112 1.0 
113 1.0 
114 1.0 
115 1.0 
116 1.0 
117 1.0 
118 1.0 
119 1.0 
120 1.0 
121 1.0 
122 1.0 
123 1.0 
124 1.0 
