0.05 0.9877155869329171 0.24771408555920585 -0.87386609412941 4.036081000000001e-06 
0.15000000000000002 0.9866988904929745 -0.28406727824596484 0.2793660954149408 3.6566208999999994e-05 
0.1 0.987212046240269 -0.594197911298386 -0.3538541599771461 1.6200625000000004e-05 
0.25 0.98563537971833 0.4317355670618483 -0.822788083273818 2.852720999999999e-06 
0.2 0.9861742900372567 0.054104748321668325 0.0934562263962291 6.5221776e-05 
0.35000000000000003 0.9844911855309152 -0.3609728158834452 0.24817438594486504 3.337372900000001e-05 
0.3 0.9850722074787477 -0.5430948417368948 -0.48532050678474503 1.3897983999999994e-05 
0.45 0.9832974939071366 0.563669255820597 -0.7546098327381802 2.088025e-06 
0.4 0.9839032564957166 0.05006198414512215 0.13075404127981718 6.130890000000001e-05 
0.55 0.9819857077126509 -0.4038939788601628 0.22101640622768176 3.158440000000001e-05 
0.5 0.9826411862951522 -0.49208591344093694 -0.5669035287816026 1.2475024e-05 
0.6000000000000001 0.981319379975126 0.04503543636623341 0.1471346421939723 5.966017599999999e-05 
0.6500000000000001 0.9806394165639829 0.6072408070275676 -0.7230024692186832 1.841449e-06 
0.7000000000000001 0.9799227336516679 -0.47685906870447076 -0.5844579342951006 1.2145224999999999e-05 
0.7500000000000001 0.9791870135842398 -0.39803902285387804 0.22367220382802455 3.1775769e-05 
0.8500000000000001 0.9776929718975558 0.5502044909298671 -0.7565427041851164 2.1432959999999998e-06 
0.8 0.9784275954509891 0.049106556063419474 0.1330444869304385 6.101172099999998e-05 
0.9000000000000001 0.9768605869308986 -0.5290941765462077 -0.4996087480359948 1.3571856000000004e-05 
0.9500000000000001 0.9760267120447734 -0.31632523096700477 0.2650277750321382 3.5070084000000005e-05 
1.05 0.9743316028235252 0.3031590972718183 -0.8513505924867876 3.629024999999999e-06 
1.0 0.9751971150962602 0.052563403942293946 0.07921961548350236 6.671622400000003e-05 
1.1500000000000001 0.9724680273752658 -0.13874862691044135 0.2838147114697901 4.311235599999999e-05 
1.1 0.973418290231222 -0.6017347177546065 -0.2638922671046993 1.7749368999999995e-05 
1.2000000000000002 0.971561526581511 0.9471499750035709 -0.2057013540922725 1.1764900000000001e-07 
1.2500000000000002 0.9705119249766362 -0.1837077681759748 -0.8040178604485074 7.711728999999999e-06 
1.35 0.9684466586811865 0.0430254472218254 0.14927940908441648 5.9259204000000015e-05 
1.3 0.9694980209831786 -0.49947156363376666 0.12119900999857164 2.7196225000000007e-05 
1.4000000000000001 0.9673347380598117 0.450168516069133 -0.7967111205542066 2.6895999999999996e-06 
1.4500000000000002 0.966201833747713 -0.5973864805027853 -0.26117821068418795 1.7757795999999997e-05 
1.5000000000000002 0.9649740507981022 -0.06695543393800879 0.2599833273818026 4.7306884000000016e-05 
1.55 0.9638104533910247 0.7907824057991715 -0.522006394657906 8.31744e-07 
1.6500000000000001 0.9612035078814153 -0.15846190715612057 0.2833203349521497 4.2003360999999985e-05 
1.6 0.962531416358135 -0.516237720754178 -0.5015465333523782 1.3410244e-05 
1.7000000000000002 0.9598754461705361 0.8584700481359805 -0.40779338480217103 4.844160000000001e-07 
1.7500000000000002 0.9583616096873067 -0.5250856687616055 -0.47901250535637774 1.37641e-05 
1.85 0.9552382470741686 0.6268847940294244 -0.6780789417226111 1.6460890000000008e-06 
1.8 0.956819953145252 -0.08497869447221827 0.2655518034566491 4.6090521000000006e-05 
1.9000000000000001 0.953603416470609 -0.5886890168547351 -0.1254062959577203 2.0484675999999995e-05 
1.9500000000000002 0.9519269642440953 0.049974726324810745 0.11967757506070562 6.2015625e-05 
2.05 0.9480235843343222 -0.17203181431224107 0.28045574789315814 4.1203561e-05 
2.0 0.9501208703848872 -0.12949257334666478 -0.8067920094272246 7.160975999999999e-06 
2.15 0.9438332198140484 -0.4094858365947722 0.1967142038280246 3.0669443999999995e-05 
2.1999999999999997 0.9415330645654975 0.7338045659191544 -0.5579885367804599 1.0302250000000006e-06 
2.1 0.9460324792663255 0.5105029614340808 -0.7445893263819454 2.2710490000000002e-06 
2.25 0.9388513275485217 -0.38510496143408085 0.21210160519925722 3.162937599999999e-05 
2.35 0.9330036495890156 -0.05501076046279109 0.24646528095986286 4.8011040999999983e-05 
2.3 0.9361527128845084 0.42256254592201115 -0.7765244210827025 2.7722249999999995e-06 
2.45 0.925939278470672 0.6077872952435367 -0.6571224737894588 1.6460890000000008e-06 
2.4 0.9296139170299776 -0.5361940431366947 -0.4056624136551921 1.4845608999999999e-05 
2.55 0.9160312291539736 0.050200843308098854 0.09709830709898583 6.401600099999997e-05 
2.5 0.9212515165861922 0.03288926696186262 0.029330509070132887 7.334209600000004e-05 
2.65 0.8999806835169413 -0.45724199957148975 0.12109145893443796 2.7510025000000004e-05 
2.6 0.9096273125532695 0.8940385640622768 -0.15928208513069564 8.1225e-08 
2.75 0.7615080060371985 0.0013948884445079278 0.0007868878731609785 11.90046479879882 
2.7 0.8808093775978255 -0.4123671932581059 0.16017317497500358 2.9160000000000012e-05 
2.85 0.29627634909926376 0.001064442651049851 -0.00021379802885302055 46.2729789094929 
2.8 0.8934948132288001 -0.00023300385659191572 -0.00072798628767319 2.2692831393959993 
2.95 0.3783978294023981 -6.851192686759031e-05 0.0012408764462219694 42.44198786128926 
2.9 0.8767883077185743 -0.005452032423939442 -0.026886279674332242 0.003689712048999998 
3.05 0.9456088043390779 0.003951499357234678 -0.0008262838165976248 0.12141670560100001 
3.0 0.9635479729119044 0.004903259391515498 -0.001147407370375654 0.08157878439999998 
3.15 0.8634517986600466 -0.00011683416654763334 0.000628219968575917 0.6101979418150842 
3.1 0.30822937890657015 0.0033792375374946454 0.0007157213255249277 3016.0807984468925 
3.25 0.9676588941029329 -0.0008193335237823169 0.0002318961576917583 2.9637240732089998 
3.2 0.7400309394356934 3.8415797743178926e-05 -0.00021335837737466204 19.80615879119536 
3.35 0.7658669067668468 0.00047109855734895224 -0.0003444332238251696 159052.99670915765 
3.3 0.9771693525279777 0.004474218540208532 -0.005985470932723897 0.036097340049 
3.45 0.9529573959975157 0.0015715790601342648 0.003210405227824593 0.15471320889600002 
3.4 0.3975893947047906 0.0005018373089558632 -0.00011632681045565036 42.529006761909216 
3.55 0.9341250410198317 -7.924867876017602e-05 0.0005273932295386373 1.6721153686089993 
3.5 0.6671300905714826 0.0007975090701328392 -0.0014563625196400507 15.103709615263032 
3.65 0.8661016852106084 0.0002782212541065567 -0.0011329397228967287 3.710689479225001 
3.6 0.4378425964556606 0.11058006784745036 -8.807684616483387e-05 62933.98460720917 
3.75 0.42898958821726163 0.10973753492358236 -0.005428929152978147 32.700162907165826 
3.7 0.43214347912242157 0.09301407784602199 -0.05423097714612199 31.43439686075515 
3.85 0.8349117996640686 4.800557063276485e-05 -0.00047026224825024994 38.446907582125526 
3.8 0.9217350444002342 -0.00919186187687475 -0.002709404799314381 0.047528796121000014 
3.95 0.9302901283960111 0.002389540779888598 0.0015102405370661335 0.042870530703999994 
3.9 0.8161911398838738 -0.00018425367804599365 -0.0008856711898300247 10.574854279146056 
4.05 0.820891395485514 -0.03697365119268677 0.06347690029995712 0.0009351364 
4.0 0.9437182026591423 -0.0012101509784316498 -0.00038726753320953886 0.06792174192400002 
4.15 0.7531341894117416 0.0029059421511212695 0.0005750542779602914 11.58840050462905 
4.1 0.8823783055568915 -0.0006164442222539654 -8.000885587773161e-05 6.1321050605609715 
4.25 0.855038583702817 -0.004512297957434659 -0.002527132695329235 0.046982730024999995 
4.2 0.6656632786208786 -0.03812331609770033 0.0005982552492501046 151.48793424483057 
4.35 0.30797700039459275 0.0017285343522353957 -0.001671542208255963 1784193120.403308 
4.3 0.41391110212323384 0.0033675213540922703 -0.00013997857448935877 29.07526967885601 
4.45 0.7785427043140871 -0.00035592172546779064 0.001432800599914299 4.635927838537506 
4.4 0.6578565577061602 0.0014873550921296974 0.005298575346379088 26.442608847099525 
4.55 0.8538170453590356 5.678060277103246e-05 -0.0005048840165690612 22.788012560724724 
4.5 0.4985678814143324 0.005382026710469932 0.003791692329667191 23.804488789135345 
4.65 0.7654861267419268 0.0016742902442508222 -0.0007779914297957428 11.119667334902989 
4.6 0.9187246282786179 0.001993031566919011 -0.0030471525496357666 0.3909125528999999 
4.75 0.34925802412989865 0.00043636451935437717 0.00035722811026996093 85.13446791691497 
4.7 0.8795475381386737 0.001970450935580632 -0.0015029434366519072 0.19452157411599996 
4.8500000000000005 0.38354343625327586 0.0007710008570204234 -0.00162342822453935 90.27919866817908 
4.8 0.9022360624875247 5.778960148550159e-05 2.120511355520698e-05 23.229884028120996 
4.95 0.8616894419827567 -0.0015388848735894878 0.0003672765319240105 2.4247721802240005 
4.9 0.962254461254318 -0.00011915440651335639 0.00029754806456220494 3.0022388938089994 
