0.0 0.39487325102985776 0.33313970614692656 0.006577809095452275 51.56196955981814 
0.1 0.3048860237455334 0.006310506746626687 0.005438408295852076 49.76700298338532 
0.2 0.3778661600737015 0.0028330639680159927 -0.0032514867566216894 43.07825093677898 
0.3 0.8757284606757106 -0.019591644677661186 -0.04541398750624686 0.028851400449000017 
0.4 0.931195193250873 0.013721297351324331 0.018803125437281375 0.008442485688999999 
0.5 0.950163873178966 -0.018157487756121957 -0.03817036731634183 0.0036112888360000017 
0.6 0.9600188007393986 0.12617400749625185 -0.14984084307846077 0.001722582016 
0.7 0.9660429039707691 0.04432782958520744 0.061199782608695616 0.000846984609 
0.8 0.9700960587047739 -0.08720905247376318 -0.423840968015992 0.00040751496900000013 
0.9 0.9730061927536108 0.42807472363818094 0.5600409860069966 0.000180848704 
1.0 0.9751971145754201 -0.8645106976511744 0.09957877311344326 6.671622400000002e-05 
1.1 0.9769075636701092 0.021282958020989503 -0.9518447171414293 1.5350724e-05 
1.2 0.9782819068779578 0.9658039770114942 -0.1539032063968016 1.7892899999999992e-07 
1.3 0.9794123750617311 0.5112001979010494 0.8234641244377812 6.245001000000001e-06 
1.4 0.9803605598165362 -0.4034320449775113 0.8493797846076961 2.4790440999999988e-05 
1.5 0.9811690011084625 -0.8637039385307346 0.2550452248875562 5.049523600000001e-05 
1.6 0.9818680851461888 -0.7705235732133933 -0.3724507996001999 8.01025e-05 
1.7 0.982480046336952 -0.37000449575212396 -0.7201006046976511 0.00011153472100000004 
1.8 0.9830214707431093 0.06645262468765617 -0.7611107806096952 0.000143496441 
1.9 0.9835050181965405 0.4035248940529735 -0.5965748665667167 0.000175191696 
2.0 0.9839405152815572 0.5915770069965017 -0.33310376011994003 0.0002060660249999999 
2.1 0.984335669225553 0.6353954697651175 -0.07931979210394806 0.000235806736 
2.2 0.9846966158385703 0.5849561189405298 0.1526783528235882 0.0002642250249999999 
2.3 0.9850283375613555 0.47609330884557716 0.316228860069965 0.00029121422500000006 
2.4 0.9853348781391382 0.3561437206396802 0.40747545877061475 0.0003168044010000001 
2.5 0.9856195573103913 0.23104707496251872 0.4583705087456272 0.00034088236899999997 
2.6 0.9858851477503251 0.10203839480259873 0.4769540449775113 0.000363550489 
2.7 0.9861339580338185 -0.005865401299350329 0.46430389705147423 0.0003848266889999999 
2.8 0.9863679548829494 -0.08995695902048975 0.43368846426786606 0.000404774161 
2.9 0.9865887928828333 -0.1651382393803099 0.38977878460769616 0.00042341292900000005 
3.0 0.9867978656366887 -0.2162145252373813 0.3429062813593204 0.00044079002500000005 
3.1 0.9869964067780219 -0.25173979060469764 0.2965451219390305 0.000457018884 
3.2 0.9871854882856184 -0.2821310304847575 0.24552178360819588 0.00047210598400000003 
3.3 0.9873660233181838 -0.2972078685657171 0.20370083608195902 0.00048611430400000003 
3.4 0.987538771457743 -0.3083212883558221 0.16097793003498254 0.0004991202809999999 
3.5 0.987704469718076 -0.3128776711644178 0.12362019290354818 0.0005111668810000001 
3.6 0.98786371006308 -0.3136152033983008 0.08911919440279853 0.0005223053160000002 
3.7 0.9880170696273274 -0.3110165072463768 0.05912160119940035 0.0005325479289999999 
3.8 0.9881649915540686 -0.30621537881059474 0.03317291954022994 0.0005419584 
3.9 0.9883079349898815 -0.3000321024487756 0.011175434282858556 0.0005505592959999998 
4.0 0.9884462771790883 -0.2930324762618691 -0.010397083958021002 0.000558424161 
4.1 0.9885803324303308 -0.28559472113943024 -0.02732352573713146 0.0005655835240000001 
4.2 0.9887104726427072 -0.2780561154422788 -0.0421531864067966 0.0005720228890000003 
4.3 0.9888369252528872 -0.2707263208395802 -0.05461862418790612 0.0005778735209999999 
4.4 0.988959959752953 -0.26368940279860065 -0.06549343828085963 0.000583029316 
4.5 0.989079784647566 -0.25736004997501255 -0.07390979660169915 0.0005876260809999998 
4.6 0.9891966286206488 -0.25157087306346826 -0.0811595817091454 0.0005916569759999999 
4.7 0.9893106688064004 -0.24634189205397305 -0.08744400449775114 0.000595116025 
4.8 0.989422097954282 -0.24192796301849076 -0.09222456571714141 0.0005980470250000001 
4.9 0.9895310445630522 -0.23870761819090455 -0.09484678560719645 0.0006004950249999999 
5.0 0.9896376347991337 -0.23469691554222885 -0.1002864617691154 0.0006024570249999999 
5.1 0.9897420562191744 -0.23394383508245878 -0.09890193753123439 0.0006039306250000003 
5.2 0.9898443985582751 -0.23213298200899551 -0.10094463868065974 0.0006050124090000001 
5.3 0.9899447595603496 -0.2304766251874063 -0.10346067166416797 0.0006056028810000001 
5.4 0.9900432762826962 -0.23052176461769114 -0.10299108995502251 0.0006058489960000001 
5.5 0.9901400179767478 -0.22981464767616197 -0.10501546026986508 0.0006056520999999996 
5.6 0.990235069162294 -0.23075273513243377 -0.10417912293853064 0.0006050616039999999 
5.7 0.990328536016992 -0.23139742328835583 -0.10476794402798596 0.000604127241 
5.8 0.9904204724243743 -0.23368142128935532 -0.10242149075462272 0.0006028007039999999 
5.9 0.9905109334638943 -0.23694948575712146 -0.09837645027486262 0.0006011813609999999 
6.0 0.9906000370493178 -0.2404524112943528 -0.09429105797101457 0.000599172484 
6.1 0.990687792996496 -0.24336529835082457 -0.09228861569215388 0.0005968737610000001 
6.2 0.9907742724471239 -0.24752800249875062 -0.08753302298850577 0.0005942381290000001 
6.3 0.9908595511282605 -0.25265157521239384 -0.08022127636181904 0.0005913164889999999 
6.4 0.9909436383903902 -0.25621591204397803 -0.07822182708645678 0.0005880625 
6.5 0.9910266188166195 -0.2604268095952024 -0.07476213593203403 0.000584575684 
6.6 0.9911084946770274 -0.2664816091954023 -0.06486363368315849 0.0005807618009999999 
6.7 0.9911893404633308 -0.2726314142928535 -0.053478056971514296 0.000576720225 
6.8 0.9912691811994302 -0.27808169515242376 -0.04464810194902551 0.0005724056249999996 
6.9 0.9913480706062552 -0.2832117911044478 -0.0377032913543228 0.0005678212409999999 
7.0 0.9914260138560699 -0.2889005397301349 -0.02533013293353325 0.0005630179840000002 
7.1 0.9915030584401807 -0.2939741989005497 -0.018382506246876526 0.0005579516409999998 
7.2 0.9915792356987149 -0.2993308155922039 0.0017306956521739123 0.0005526730810000001 
7.3 0.9916545690942394 -0.3039715792103948 0.014985378310844557 0.0005471388809999998 
7.4 0.9917290887971194 -0.3078900174912544 0.03245252773613192 0.000541399824 
7.5 0.9918028118980895 -0.3113216331834083 0.04848261819090457 0.0005354595999999998 
7.6 0.9918757572753839 -0.31405718090954526 0.06535982758620686 0.000529322049 
7.7 0.9919479678843198 -0.3158288410794603 0.0837147981009496 0.000522991161 
7.8 0.9920194596081797 -0.3154156821589206 0.1064755662168916 0.0005164256249999998 
7.9 0.992090243299441 -0.3138957376311844 0.12883751624187903 0.0005096757759999997 
8.0 0.9921603366950204 -0.3131171939030485 0.1470776101949025 0.0005027909289999997 
8.1 0.9922297648181734 -0.30876109045477257 0.17068107046476763 0.000495685696 
8.2 0.9922985513649724 -0.302262712143928 0.19532426936531735 0.00048841 
8.3 0.9923667138932979 -0.29441477761119444 0.2194211554222888 0.00048096876099999996 
8.4 0.9924342327859581 -0.2841736846576712 0.24426032383808094 0.00047336704899999995 
8.5 0.9925011720679129 -0.27194414642678666 0.26895794402798595 0.00046561008399999986 
8.6 0.992567515999423 -0.2563358950524738 0.29454217291354323 0.0004577032360000002 
8.7 0.9926332733585352 -0.23846107996001997 0.3194950414792604 0.00044965202500000015 
8.8 0.9926984736012904 -0.21694504047976013 0.34448332983508245 0.00044146212099999995 
8.9 0.9927631483486292 -0.19341034482758618 0.36802390054972517 0.000433139344 
9.0 0.9928272580112727 -0.1633458610694653 0.3919533508245877 0.00042468966399999996 
9.1 0.9928908597284001 -0.13427650624687654 0.41239743578210897 0.00041611920099999996 
9.2 0.9929539426398083 -0.10113371314342828 0.43132217441279364 0.00040743422500000016 
9.3 0.9930165121237883 -0.06462345027486249 0.4478984847576211 0.00039860122499999997 
9.4 0.9930785974405296 -0.02601952123938026 0.4615430174912543 0.00038970708099999993 
9.5 0.9931401821889286 0.023529933533233436 0.47164107796101945 0.00038067912100000004 
9.6 0.9932013086686686 0.0679628940529735 0.4775757181409296 0.00037156417600000006 
9.7 0.9932619491931829 0.11092399100449779 0.480103343828086 0.000362369296 
9.8 0.9933221514370982 0.16227971114442782 0.4764406941529235 0.0003530641 
9.9 0.9933818768529182 0.2187595307346327 0.465227856071964 0.0003436945210000001 
10.0 0.9934411700941985 0.26721535182408795 0.45197876111944024 0.0003342680889999999 
10.1 0.9935000265796027 0.31668098200899547 0.4327204092953523 0.0003247564409999999 
10.2 0.9935584370369972 0.36817670564717636 0.4053053203398301 0.00031520451599999997 
10.3 0.9936164447792032 0.4165207226386806 0.37295600149925034 0.00030562032400000005 
10.4 0.9936740256054087 0.47084082358820595 0.3226823858070965 0.00029594320900000004 
10.5 0.9937312058149963 0.5117447011494253 0.2786230449775113 0.00028625256099999984 
10.6 0.9937879771625512 0.5523875792103948 0.22036392453773113 0.0002765568999999999 
10.7 0.9938443387553707 0.5858236526736632 0.15860095152423784 0.00026679955600000013 
10.8 0.9939003302432682 0.612937175912044 0.08821600049975006 0.0002570570889999999 
10.9 0.9939558989923283 0.6316772003998001 0.00850032783608194 0.00024730707600000007 
11.0 0.9940111107932017 0.6403864847576212 -0.07123175912043979 0.00023756056899999997 
11.1 0.994065932566086 0.6388613303348326 -0.15355918540729635 0.00022782883599999993 
11.2 0.9941203991862195 0.6244640699650175 -0.24247696251874062 0.00021809382400000008 
11.3 0.9941744701965953 0.5992381994002998 -0.32733034382808596 0.00020842696899999998 
11.4 0.9942282103402875 0.5596770144927536 -0.4134075752123938 0.00019878180100000003 
11.5 0.9942815571221638 0.5087207216391804 -0.49365716141929034 0.00018920002499999997 
11.6 0.9943345655713669 0.44453410644677654 -0.5688991664167916 0.00017966721599999998 
11.7 0.9943872148248069 0.36047381759120445 -0.6406675112443778 0.00017019811599999998 
11.8 0.9944395360745606 0.26931320289855065 -0.6981170904547727 0.00016085848900000002 
11.9 0.9944914860891608 0.167687928035982 -0.7427056531734134 0.00015158534400000001 
12.0 0.9945431201394737 0.0574732628685657 -0.7723699510244877 0.00014242035600000002 
12.1 0.994594410866151 -0.06436426486756622 -0.7849349025487257 0.00013340250000000003 
12.2 0.994645368198427 -0.19845803898050976 -0.7755569650174913 0.00012450096400000004 
12.3 0.9946959880626183 -0.3211064467766117 -0.7473612493753123 0.00011575608099999996 
12.4 0.9947462885044651 -0.4363161424287856 -0.7015577706146926 0.00010718460899999999 
12.5 0.9947962683281835 -0.5554785822088956 -0.6284507501249376 9.878372099999998e-05 
12.6 0.9948459171070416 -0.6621210384807596 -0.5348336886556722 9.0592324e-05 
12.7 0.9948952568347177 -0.7547881379310345 -0.4190706066966517 8.26281e-05 
12.8 0.9949442718764393 -0.8277624022988506 -0.2843371109445277 7.487440899999998e-05 
12.9 0.9949929795415947 -0.8753952503748126 -0.14212091904047977 6.737126400000002e-05 
13.0 0.9950413830405337 -0.8979516746626687 0.01872905447276364 6.0155536000000016e-05 
13.1 0.9950894667854843 -0.8880855937031484 0.1941664347826087 5.3217025000000024e-05 
13.2 0.9951372640166698 -0.8461681994002997 0.3600000044977511 4.659427600000001e-05 
13.3 0.9951847386295583 -0.7735267966016991 0.5155837406296853 4.0297104000000015e-05 
13.4 0.9952319287113738 -0.6703435727136432 0.6577541659170416 3.436304400000001e-05 
13.5 0.99527882168362 -0.5242851584207896 0.7899924607696153 2.880468900000001e-05 
13.6 0.9953254162853219 -0.3563424867566217 0.8876646831584207 2.3648768999999995e-05 
13.7 0.9953717177965434 -0.17568488505747126 0.9481102943528235 1.8922499999999997e-05 
13.8 0.9954177147450016 0.029949490754622693 0.970809416791604 1.4645929000000004e-05 
13.9 0.9954634531265656 0.2299634967516242 0.9500935612193904 1.0857025000000001e-05 
14.0 0.9955088759409757 0.43197249375312347 0.8829584952523738 7.5845159999999996e-06 
14.1 0.9955540154339787 0.6169140024987506 0.7711101494252873 4.848804e-06 
14.2 0.9955988740014429 0.7758274767616192 0.6167969765117441 2.6928809999999993e-06 
14.3 0.9956434695437878 0.8977454012993503 0.4261278935532234 1.1427609999999999e-06 
14.4 0.9956877742634497 0.973342620689655 0.20788118890554722 2.3716900000000013e-07 
14.5 0.9957318016864762 0.9953605532233881 -0.0264959780109945 1.1236000000000002e-08 
14.6 0.9957755544743583 0.9594541349325337 -0.26334828785607195 5.041000000000001e-07 
14.7 0.9958190309235943 0.8649796451774113 -0.48752179810094953 1.7529759999999995e-06 
14.8 0.9958622288650922 0.7148435992003997 -0.6842656391804098 3.802499999999998e-06 
14.9 0.9959051610299717 0.5168952553723138 -0.8382648320839581 6.692569e-06 
15.0 0.9959478155583779 0.28252764767616195 -0.9369636516741628 1.0478168999999998e-05 
15.1 0.9959902045305237 0.027936437781109432 -0.9705367061469266 1.5194403999999996e-05 
15.2 0.9960323392278949 -0.22975832533733134 -0.9338225407296352 2.0894040999999996e-05 
15.3 0.9960742099536634 -0.4685490179910045 -0.8273141389305346 2.763604900000001e-05 
15.4 0.996115809849216 -0.6696882428785608 -0.6570844547726137 3.5462025e-05 
15.5 0.9961571371985627 -0.8141085382308847 -0.4368550569715142 4.444888900000001e-05 
15.6 0.9961982102195486 -0.8892603368315841 -0.182740728135932 5.464166399999999e-05 
15.7 0.9962390248877667 -0.8861201054472764 0.082544011994003 6.60969e-05 
15.8 0.9962795766358954 -0.8035573053473264 0.33405599200399794 7.888992399999998e-05 
15.9 0.9963198674875816 -0.6493299585207396 0.5463858530734632 9.310320100000002e-05 
16.0 0.9963599116479557 -0.43768135582208895 0.6994956586706648 0.00010876404099999999 
16.1 0.996399703281816 -0.1909620234882559 0.7766269230384808 0.000126000625 
16.2 0.9964392247331674 0.06419617691154422 0.7698206956521739 0.000144865296 
16.3 0.9964785110330951 0.2986967346326837 0.680697540229885 0.00016543104399999997 
16.4 0.9965175268995601 0.4859393263368315 0.5208948690654673 0.00018779961599999995 
16.5 0.9965562994055307 0.6040362978510744 0.3114093393303348 0.00021205184400000004 
16.6 0.9965948340577054 0.6399625347326336 0.08095397801099452 0.00023827009600000008 
16.7 0.9966331040029197 0.5926975402298851 -0.13940577861069461 0.0002666035840000001 
16.8 0.9966711187175535 0.47214555372313843 -0.3213265192403798 0.0002971141689999999 
16.9 0.9967088985618566 0.3012344367816092 -0.43839735632183907 0.0003298945689999998 
17.0 0.9967464281370804 0.10983915742128934 -0.47894723988006 0.000365115664 
17.1 0.9967837173356412 -0.06928130084957522 -0.44431756021989005 0.000402845041 
17.2 0.996820768838192 -0.21172747876061973 -0.34760014142928536 0.00044318670399999993 
17.3 0.996857568339828 -0.29459451874062964 -0.21303033483258368 0.0004863789159999999 
17.4 0.9968941342055305 -0.31216692453773115 -0.06811158820589705 0.0005324556249999998 
17.5 0.9969304539259426 -0.26996804047976014 0.053224361319340316 0.000581581456 
17.6 0.9969665184574604 -0.18742345427286355 0.13463492303848076 0.0006339316839999999 
17.7 0.9970023447373816 -0.09164378060969514 0.16254817791104448 0.0006896926439999999 
17.8 0.9970379590478777 -0.010197492753623172 0.14262331284357824 0.000748952689 
17.9 0.9970733159364573 0.03722530184907542 0.09308315692153926 0.0008119080359999998 
18.0 0.9971084280253271 0.04367558170914545 0.03926587306346824 0.000878826025 
18.1 0.9971433111923313 0.01815897751124437 0.004849370814592684 0.0009498107609999999 
18.2 0.9971779507879125 -0.01874134432783604 0.004163435282358843 0.0010250882889999997 
18.3 0.9972123697576804 -0.04169103348325841 0.03567501999000503 0.0011048975999999999 
18.4 0.9972465360637117 -0.03162576511744126 0.08197141979010497 0.0011894221439999997 
18.5 0.9972804904951316 0.016703849575212443 0.11660590404797605 0.001278849121 
18.6 0.9973142005539081 0.0888271949025487 0.11376121289355322 0.0013735918439999998 
18.7 0.9973476744501771 0.15542165817091452 0.061478437281359315 0.0014737920999999996 
18.8 0.9973809099138824 0.18328854822588708 -0.03114695602198901 0.0015796650249999997 
18.9 0.99741390841091 0.15074082708645675 -0.13205929435282357 0.0016915946410000005 
19.0 0.9974467047386517 0.058822001999000506 -0.2020099475262369 0.0018099068489999994 
19.1 0.9974792443171177 -0.06269381959020487 -0.20643719990005 0.001934856169 
19.2 0.9975115588201167 -0.16757014242878565 -0.13687584007996 0.0020667934440000008 
19.3 0.9975436450769501 -0.21147313343328333 -0.018247601199400304 0.0022060869609999987 
19.4 0.9975755181550612 -0.1752991964017991 0.10337311394302849 0.0023531230809999996 
19.5 0.9976071382137366 -0.07663712443778113 0.17419048225887057 0.002508206724 
19.6 0.9976385471464225 0.0388507896051974 0.16850880709645175 0.0026718561000000003 
19.7 0.9976697254834413 0.11724632433783107 0.09640010294852575 0.0028444088889999987 
19.8 0.9977006861047399 0.12736484057971012 0.0020385487256371275 0.003026320143999999 
19.9 0.9977314020556911 0.07838550724637681 -0.06262733933033482 0.0032181794410000015 
