0.05 0.28358460239439925 0.0017522797142857144 0.001273086714285715 18.279150806464543 
0.15000000000000002 0.996784453315342 -0.0007575369999999931 -0.0003741317142857099 0.0014741948279090905 
0.1 0.5101237753465769 0.0003708444285714292 -3.0329428571428048e-05 204.24496993792954 
0.25 0.9970331299514394 0.6568306104285714 -0.7062698141428572 4.40574818181818e-07 
0.2 0.9972206847459022 -0.28076375014285715 0.28569840585714285 1.0018833e-05 
0.35000000000000003 0.9965987355393033 -0.6204868718571428 -0.2113830942857143 5.132248363636365e-06 
0.3 0.9968236257924479 -0.2043024465714286 -0.8196109461428571 2.1397093636363642e-06 
0.45 0.9961163937710101 0.7426204937142856 -0.6273012928571429 3.2402727272727284e-07 
0.4 0.9963589574176556 -0.3332644051428572 0.267195775 9.442215272727277e-06 
0.55 0.9955563791754157 -0.6158564051428571 -0.2675279787142857 4.849933363636366e-06 
0.5 0.9958419049006028 -0.1219394767142857 -0.8505165872857142 1.9137820909090906e-06 
0.6000000000000001 0.995253630817646 -0.35866240328571425 0.254403832 9.168219272727272e-06 
0.6500000000000001 0.9949560745101196 0.7753901047142857 -0.58963101 2.815243636363637e-07 
0.7000000000000001 0.9946233135010721 -0.1012523585714286 -0.8554603497142858 1.8649704545454544e-06 
0.7500000000000001 0.9942723421401269 -0.6149083504285714 -0.2630185828571429 4.87988181818182e-06 
0.8500000000000001 0.9935544893814471 0.7391576652857142 -0.626727725142857 3.3120109090909075e-07 
0.8 0.9939038242568574 -0.3407437352857143 0.2616615182857143 9.368542090909094e-06 
0.9000000000000001 0.9931490157532475 -0.17583103842857137 -0.827201665 2.079033000000001e-06 
0.9500000000000001 0.9927284701037062 -0.6155297497142858 -0.17162303614285712 5.371593818181819e-06 
1.05 0.991879204697143 0.5851195845714287 -0.7502452755714286 5.514774545454547e-07 
1.0 0.992293898183486 -0.2609156172857142 0.28605988785714287 1.0271664272727275e-05 
1.1500000000000001 0.9909068586993158 -0.5682283482857143 0.022534021142857196 6.604429363636366e-06 
1.1 0.9914043077595794 -0.3599367847142857 -0.7160297481428571 2.7216220909090898e-06 
1.2000000000000002 0.9904491571622028 0.9784653032857142 -0.14501018414285713 1.7456999999999995e-08 
1.2500000000000002 0.9899075309802242 0.22165941085714286 -0.8784403582857142 1.1629704545454542e-06 
1.35 0.9887728482142624 -0.3627462182857143 0.24718043399999998 9.127152272727274e-06 
1.3 0.989352301290767 -0.5762337175714286 -0.4122759921428571 4.163086090909092e-06 
1.4000000000000001 0.9882312813611762 0.6917218252857142 -0.6643023925714286 3.9798109090909103e-07 
1.4500000000000002 0.9876048618067039 -0.35297867614285716 -0.7168468868571428 2.7112933636363635e-06 
1.5000000000000002 0.9869445168232671 -0.5259871818571428 0.09439229342857142 7.205345454545455e-06 
1.55 0.9863496648779185 0.8978842269999999 -0.38673031799999996 1.184402727272727e-07 
1.6500000000000001 0.9849000118088754 -0.5738369287142857 -0.0027667598571428503 6.447011999999998e-06 
1.6 0.9856411498249618 -0.15335463742857142 -0.8279763544285714 2.037078818181819e-06 
1.7000000000000002 0.9842303751412417 0.9330961378571428 -0.29637677714285715 7.065845454545456e-08 
1.7500000000000002 0.9834176549339245 -0.1615492064285714 -0.822526720857143 2.0655010909090907e-06 
1.85 0.9818033677955765 0.8218658642857143 -0.5076657828571428 2.1602727272727261e-07 
1.8 0.9825722075066995 -0.5385101115714285 0.06838391642857142 6.999369818181819e-06 
1.9000000000000001 0.9808840549107467 -0.42590882114285716 -0.6416918622857143 3.075317454545454e-06 
1.9500000000000002 0.9799196747725869 -0.3217657424285714 0.26101688 9.567798818181819e-06 
2.05 0.9779535540501088 -0.5807388157142856 -0.037351404428571384 6.223562454545457e-06 
2.0 0.979039184690171 0.2669665375714286 -0.8609576087142858 1.0854613636363635e-06 
2.15 0.9757789630836083 -0.5929745219999999 -0.30913862400000003 4.669921090909091e-06 
2.1999999999999997 0.9746793691265315 0.8676452248571428 -0.41987693171428575 1.48137e-07 
2.1 0.9769781110853508 0.7473649138571429 -0.5931132834285714 3.145843636363636e-07 
2.25 0.9733055428602417 -0.5943641285714285 -0.2902244655714286 4.765199999999999e-06 
2.35 0.9704491435251934 -0.5086948617142857 0.10218003114285716 7.332061363636367e-06 
2.3 0.9720398637291013 0.6892048474285715 -0.6445113302857143 3.9403745454545447e-07 
2.45 0.9672726687534843 0.791524826 -0.5246526691428571 2.4510109090909084e-07 
2.4 0.968936905600224 -0.1991701417142858 -0.7921206167142858 2.2043588181818185e-06 
2.55 0.9629122701059145 -0.299126069 0.26162890971428565 9.782214818181818e-06 
2.5 0.9651130917182321 -0.1880258271428571 0.281777808 1.1149973454545457e-05 
2.65 0.9570241208391881 -0.5261863625714286 -0.4655417845714286 3.8762454545454555e-06 
2.6 0.9605594976625398 0.9566956612857143 -0.07899715114285714 8.447999999999997e-09 
2.75 0.9452322566997583 -0.08105779914285713 0.2570229435714286 1.2729879272727276e-05 
2.7 0.9510565881801728 -0.5469643534285715 -0.4081066395714285 4.1418024545454525e-06 
2.85 0.7764244451341525 0.00974980457142857 0.0003578719999999984 0.02806076079816697 
2.8 0.6733773449631961 0.0003533772857142885 3.75315714285751e-05 9.683883733093024 
2.95 0.8949355403805626 -0.0068355377142857165 0.009459541428571425 0.0021394969202727272 
2.9 0.9471586794978815 0.057880641142857146 0.014771012857142864 0.00030650688436363626 
3.05 0.40173198733906684 0.01321232128571428 -0.007530033571428569 0.6839097514839567 
3.0 0.4726607448750553 0.0017545157142857153 -0.0007099275714285716 1.0425019737145094 
3.15 0.4187153247472751 -0.0011029525714285715 0.0077679851428571435 2.4899334000656985 
3.1 0.3395393557826917 -0.001700451285714286 -0.001328907571428575 0.5494938089101493 
3.25 0.7306324429118982 -0.012482152142857146 -0.003891321714285713 0.012234526823651974 
3.2 0.443257060661411 -0.00022033757142857135 0.0003495952857142857 1.8478309676966858 
3.35 0.3118686394887263 0.003965079000000001 0.0007958240000000004 159.19061588570435 
3.3 0.43671873896097824 0.0005560827142857144 -0.00019992842857142869 3.6195077919307312 
3.45 0.5250987130666595 4.0324428571431065e-05 0.0007795449999999993 2.065102950723487 
3.4 0.9094391755536575 0.0017904272857142951 -0.0036938564285714385 0.003193060693363635 
3.55 0.4730298386309218 0.0036448181428571434 -0.007170008000000001 0.6822541485894903 
3.5 0.4423234278659233 0.001390821 -0.00036599514285714233 1.847268577001252 
3.65 0.49437014799072193 -0.0003137661428571416 -0.00022557542857143075 5.761997668174251 
3.6 0.377337093575672 -0.09315333057142859 0.038123842857142855 3.5460836453212905 
3.75 0.5979330402814232 -0.017363559714285718 0.006536475714285721 0.17373915230333836 
3.7 0.4722845723291616 0.0009499271428571428 0.0014898871428571429 1.9866060987410932 
3.85 0.4722308445300912 0.004783173857142858 0.0003463881428571359 1.7899861147159348 
3.8 0.6036566994027041 0.0009222431428571434 -0.0015790169999999987 0.718979453083602 
3.95 0.5344265835046209 0.001195853857142858 0.0014760874285714293 1.4126515118437548 
3.9 0.867181170370402 0.00026513614285714264 -0.000978015285714286 1.608296646999272 
