0.05 0.9877155860854085 0.24170621696900446 -0.8755468674475075 4.036081000000001e-06 
0.15000000000000002 0.9866988971180257 -0.2873702849592915 0.27596730581345513 3.6566208999999994e-05 
0.1 0.9872120477167033 -0.5956437334666477 -0.35141497486073414 1.6200625000000004e-05 
0.25 0.9856353834432423 0.43373989015854886 -0.8217332559634338 2.852720999999999e-06 
0.2 0.9861742868274299 0.053788457791744 0.0936386170547065 6.5221776e-05 
0.35000000000000003 0.9844911915349381 -0.37020154249392945 0.23418523910869876 3.337372900000001e-05 
0.3 0.9850722086817557 -0.5432665540637052 -0.4851282889587202 1.3897983999999994e-05 
0.45 0.9832974990218848 0.5700054080845595 -0.7498352302528211 2.088025e-06 
0.4 0.9839032544772739 0.04885345522068277 0.1312103626624768 6.130890000000001e-05 
0.55 0.9819857018062426 -0.4056983626624767 0.217686547064705 3.158440000000001e-05 
0.5 0.9826411883369174 -0.4852956017711756 -0.5727271074132267 1.2475024e-05 
0.6000000000000001 0.9813193730404173 0.04392842722468225 0.1474689284387945 5.966017599999999e-05 
0.6500000000000001 0.9806394201521006 0.6139029624339379 -0.7173542546779031 1.841449e-06 
0.7000000000000001 0.9799227333872936 -0.4729739031566919 -0.587606445222111 1.2145224999999999e-05 
0.7500000000000001 0.9791870164551542 -0.40041597371804033 0.21938861591201259 3.1775769e-05 
0.8500000000000001 0.9776929717812692 0.5580550589915727 -0.750770535637766 2.1432959999999998e-06 
0.8 0.9784275924158997 0.04705086087701756 0.1337853015283531 6.101172099999998e-05 
0.9000000000000001 0.9768605888256581 -0.5248875613483789 -0.5040263869447222 1.3571856000000004e-05 
0.9500000000000001 0.9760267059885032 -0.317486628195972 0.26363538037423223 3.5070084000000005e-05 
1.05 0.9743316003242263 0.30772296486216255 -0.849711622768176 3.629024999999999e-06 
1.0 0.9751971150962602 0.052563403942293946 0.07921961548350236 6.671622400000003e-05 
1.1500000000000001 0.9724680309838579 -0.14043439994286536 0.2829843763748036 4.311235599999999e-05 
1.1 0.9734182877342815 -0.6023824396514783 -0.26241035223539494 1.7749368999999995e-05 
1.2000000000000002 0.9715615232783711 0.9595925247821738 -0.13633892358234537 1.1764900000000001e-07 
1.2500000000000002 0.9705119292044538 -0.18913195200685615 -0.8027592225396373 7.711728999999999e-06 
1.35 0.9684466541471928 0.043672900299957226 0.14909127096129124 5.9259204000000015e-05 
1.3 0.9694980245917052 -0.5004664895014997 0.11702282231109845 2.7196225000000007e-05 
1.4000000000000001 0.9673347440490438 0.47288872546779026 -0.7834389380088558 2.6895999999999996e-06 
1.4500000000000002 0.9662018401426118 -0.5934313506641908 -0.2700442608198829 1.7757795999999997e-05 
1.5000000000000002 0.9649740380409333 -0.07143607627481784 0.25878804027996005 4.7306884000000016e-05 
1.55 0.9638104554513154 0.8006635606341952 -0.5067201984002285 8.31744e-07 
1.6500000000000001 0.9612035096038484 -0.16307105142122555 0.28069274232252533 4.2003360999999985e-05 
1.6 0.9625314196160787 -0.5093364097986002 -0.5085535766319097 1.3410244e-05 
1.7000000000000002 0.9598754519261017 0.8597094110841308 -0.4051740452792459 4.844160000000001e-07 
1.7500000000000002 0.9583616187251923 -0.5282812069704328 -0.47548598543065274 1.37641e-05 
1.85 0.9552382456770264 0.6374479987144694 -0.6681583949435794 1.6460890000000008e-06 
1.8 0.9568199556786364 -0.08542490058563064 0.2654086017711755 4.6090521000000006e-05 
1.9000000000000001 0.9536034201489683 -0.5871444885016426 -0.13244943879445792 2.0484675999999995e-05 
1.9500000000000002 0.9519269593404338 0.04893395972004002 0.12010688501642622 6.2015625e-05 
2.05 0.9480235887173789 -0.17192339222968145 0.2805222351092701 4.1203561e-05 
2.0 0.9501208807460765 -0.1253944330809884 -0.8074391134123696 7.160975999999999e-06 
2.15 0.9438332221635225 -0.40866373360948444 0.19841644079417228 3.0669443999999995e-05 
2.1999999999999997 0.9415330612689404 0.7343832541065561 -0.557226682616769 1.0302250000000006e-06 
2.1 0.9460324756968618 0.5100937623196686 -0.74486971146979 2.2710490000000002e-06 
2.25 0.9388513208590612 -0.38563880131409795 0.21112942651049846 3.162937599999999e-05 
2.35 0.9330036547368404 -0.028800010284245142 0.2508821981145551 4.8011040999999983e-05 
2.3 0.936152719686144 0.4592017311812598 -0.7554356779031567 2.7722249999999995e-06 
2.45 0.9259392865404352 0.6232874133695185 -0.6424392216826167 1.6460890000000008e-06 
2.4 0.9296139126796134 -0.32817071546921867 -0.5868304910727038 1.4845608999999999e-05 
2.55 0.9160312254185369 0.048925076131981125 0.0977473385230681 6.401600099999997e-05 
2.5 0.9212515089904023 0.034202733609484365 0.027787691758320198 7.334209600000004e-05 
2.65 0.8999806812442712 -0.4585969948578775 0.11585416097700335 2.7510025000000004e-05 
2.6 0.9096273105506064 0.8989414572203971 -0.12876330595629193 8.1225e-08 
2.75 0.7614694583555932 0.0012148968718754467 0.0010107278960148538 11.897970007134012 
2.7 0.880809374355605 -0.41193870447078984 0.16127196629053 2.9160000000000012e-05 
2.85 0.2940764090434333 0.0013200348521639755 -0.000224096271961148 46.27192866380618 
2.8 0.6458024972453452 0.0009989798600199963 -0.0010062592486787592 47.22994016133096 
2.95 0.37383878253919167 -0.0019021059848593064 0.0008114357948864455 42.48238948352491 
2.9 0.876788313620593 -0.005839576060562784 -0.02680477488930153 0.003689712048999998 
3.05 0.9456087988806248 -0.0034707104699328714 0.0020618588773032433 0.12141670560100001 
3.0 0.9635479612896389 0.004018347521782603 0.00303501042708185 0.08157878439999998 
3.15 0.8633827365306906 0.000520854449364374 -0.00037115126410512895 0.6102240553561101 
3.1 0.30759887550226706 0.0016988257391801166 -0.0021901248393086698 3016.0817628118725 
3.25 0.7426272964774681 0.000593633052421083 0.0013101276960434227 13.660285852384067 
3.2 0.7398580929066433 0.0005473572346807593 -0.000482326096271961 19.806379778860062 
3.35 0.5487646124569974 0.0022029078703042415 0.004591374803599484 372737.7238801533 
3.3 0.9771693676749048 0.003094209970004292 -0.006802234537923155 0.036097340049 
3.45 0.8206007961797138 0.0016628434509355788 0.0004827194686473361 10.256245588073577 
3.4 0.39769589002221895 -0.000366163690901299 -0.0004115766319097276 42.507722734007636 
3.55 0.2895594489255781 -0.004066898157406085 0.0005696596200542754 124.04201037517932 
3.5 0.31730106836974453 -0.006491729752892442 0.0010341636909012991 35.28150202386965 
3.65 0.866101684287839 -0.0007688651621196974 0.0008773896586201966 3.710689479225001 
3.6 0.285866566402442 -0.11044969247250394 -0.00969680759891444 62953.80739052276 
3.75 0.4293440086460654 0.11200459677188973 0.005784991286959005 32.69887437376749 
3.7 0.4315532874743966 -0.10516157820311385 -0.008844969290101416 31.436078747806448 
3.85 0.31392707174839535 -0.0032823439508641618 0.0011411914012283964 466.04597204860164 
3.8 0.3322679286874323 -0.007209706327667473 -0.004755358663048137 46.991514112650954 
3.95 0.654320265744189 1.6197543208114304e-05 -0.00011388830167118976 15.241772416525805 
3.9 0.8162052181782865 9.870289958577395e-05 -0.0009075016426224825 10.576094559665458 
4.05 0.33571282713004674 0.0006742233966576222 -0.00021881716897586027 44.868944414487025 
4.0 0.9437182071363182 -0.0012469362948150347 0.00024408355949148214 0.06792174192400002 
4.15 0.3810767551140829 0.0054049611484073695 0.002746409227253248 361.11057868439553 
4.1 0.882362215106035 -0.000605796743322382 -0.00019452221111269824 6.131944217138467 
4.25 0.5002068659675787 0.0005745390658477365 0.0002726013426653353 22.01020364108206 
4.2 0.47309228856395286 -7.911598343093909e-05 -0.00035568875874875106 165.36564848069753 
4.35 0.3111705164020861 -0.002101760605627768 -0.0021427553206684775 1803597849.9774692 
4.3 0.4150187316212995 -0.004815899871446937 -0.003760452935294957 29.078146986521904 
4.45 0.4302411183828696 -0.0055874260819882855 -0.0017309548635909154 56.65940584572845 
4.4 0.6579442790931861 0.0014642752463933746 0.005313835023568065 26.44385558674585 
4.55 0.8538176254793495 -0.0002651076989001564 -0.00041399085844879234 22.78931208260959 
4.5 0.4985156947134274 0.0042235307813169535 0.0049671525496357664 23.803447578811014 
4.65 0.34438367986642004 -0.07405302456791887 0.0058528795886301915 247.73654164693284 
4.6 0.3751209729441007 0.0008924410798457371 -0.0017274953578060271 78.88298355654673 
4.75 0.3491069435571098 0.00037548535923439543 0.001089682759605772 85.13597170817374 
4.7 0.3390075902144807 -0.04113369061562633 0.09477242108270247 44.37615972124011 
4.8500000000000005 0.38358477727099666 0.0008774347950292817 -0.0017138210255677763 90.2778417525351 
4.8 0.2632253350309792 0.0005958560205684902 0.001068970004285102 835.8154137567143 
4.95 0.658290170064755 -0.00026511812598200223 -3.150478503071017e-05 22.97822446385434 
4.9 0.9622544604412745 0.00030412912441079844 -0.00010117783173832343 3.0022388938089994 
