5.000000000000000000e+00 9.458841893265996781e-01 9.458593311592879971e-01 1.732542838573324758e-08
4.900000000000000355e+00 9.437147422564592381e-01 9.436866825757654897e-01 1.844216568628861001e-08
4.800000000000000711e+00 9.414137007994165529e-01 9.413819482246681414e-01 1.943191250428619364e-08
4.700000000000001066e+00 9.389703504377066023e-01 9.389343255105464525e-01 2.061109583957132044e-08
4.600000000000001421e+00 9.363728838707671143e-01 9.363319009036250584e-01 2.371284069912826330e-08
4.500000000000001776e+00 9.336082633822925247e-01 9.335615080453898429e-01 2.340454817476761812e-08
4.400000000000002132e+00 9.306620692231050151e-01 9.306085707585224354e-01 2.384621129061061673e-08
4.300000000000002487e+00 9.275183283504573328e-01 9.274569249777614433e-01 2.594090615622914929e-08
4.200000000000002842e+00 9.241593112562908052e-01 9.240886068555880239e-01 2.721694032016140308e-08
4.100000000000003197e+00 9.205652974640673447e-01 9.204836070576709606e-01 2.958831529165425343e-08
4.000000000000003553e+00 9.167143215184389016e-01 9.166196023532814374e-01 3.079790009982913607e-08
3.900000000000003908e+00 9.125818667406712104e-01 9.124716306209984529e-01 3.409685079240346073e-08
3.800000000000004263e+00 9.081404986816352665e-01 9.080116996884397551e-01 3.764782179736965181e-08
3.700000000000004619e+00 9.033594879684972989e-01 9.032083780843199738e-01 4.064528815462598048e-08
3.600000000000004974e+00 8.982043326375116488e-01 8.980262746065207358e-01 4.395175172248559869e-08
3.500000000000005329e+00 8.926362021410629843e-01 8.924254251466171572e-01 4.945108504396242067e-08
3.400000000000005684e+00 8.866113500288294036e-01 8.863606290110338515e-01 4.989480513771481714e-08
3.300000000000006040e+00 8.800803820349071271e-01 8.797806129900352934e-01 5.352819499962512893e-08
3.200000000000006395e+00 8.729874189305122378e-01 8.726270520089591809e-01 5.947435036766609839e-08
3.100000000000006750e+00 8.652691960271209348e-01 8.648334733670232088e-01 6.577335457456250205e-08
3.000000000000007105e+00 8.568539669914192469e-01 8.563238877456088582e-01 7.061997409210922610e-08
2.900000000000007461e+00 8.476602965708552873e-01 8.470111988902720990e-01 7.832659650648970434e-08
2.800000000000007816e+00 8.375958007722231757e-01 8.367954017102650077e-01 8.254993423994583248e-08
2.700000000000008171e+00 8.265556208310573805e-01 8.255612742836928586e-01 8.924488170613531086e-08
2.600000000000008527e+00 8.144210841209473806e-01 8.131759107613779625e-01 1.006781009461878173e-07
2.500000000000008882e+00 8.010582158337695713e-01 7.994855700689822431e-01 1.120165916466852121e-07
2.400000000000009237e+00 7.863167449766215178e-01 7.843122190299438579e-01 1.235929954742741773e-07
2.300000000000009592e+00 7.700297029338746269e-01 7.674494246741858650e-01 1.401288151666567641e-07
2.200000000000009948e+00 7.520144073216409319e-01 7.486576988667038579e-01 1.530604387182757033e-07
2.100000000000010303e+00 7.320760737806617513e-01 7.276594394137468891e-01 1.715760968027224880e-07
2.000000000000010658e+00 7.100157972207921109e-01 7.041334196529048794e-01 1.863524587941190840e-07
1.900000000000011013e+00 6.856463480925455434e-01 6.777094464218931247e-01 2.183067775921190789e-07
1.800000000000011369e+00 6.588212184566004659e-01 6.479641659183548175e-01 2.487789509900644505e-07
1.700000000000011724e+00 6.294861649882641519e-01 6.144202336162053468e-01 2.939112218896110153e-07
1.600000000000012079e+00 5.977766605716455794e-01 5.765606918519049495e-01 3.152311656795812984e-07
1.500000000000012434e+00 5.642802570393058437e-01 5.339367721900670771e-01 4.135551319414140948e-07
1.400000000000012790e+00 5.587300356474933505e-01 1.513016260914864901e-02 9.294792084037973856e-01
1.300000000000013145e+00 5.016597475061916889e-01 2.170543588014546207e-02 9.291724163459337271e-01
1.200000000000013500e+00 4.911345842153737040e-01 2.275819666146411055e-02 1.327686321930405366e+00
1.100000000000013856e+00 4.258313911899719861e-01 1.503955878754354575e-02 1.327287691698722627e+00
1.000000000000014211e+00 5.428178815385851230e-01 -3.768330939515026940e-04 1.332363743082987284e+01
9.000000000000145661e-01 5.398871587746627565e-01 -4.249898425733980757e-05 1.370222790108806521e+01
8.000000000000149214e-01 5.201054990867223227e-01 -1.851966598881499108e-03 1.341796831640598242e+01
7.000000000000152767e-01 2.692034664941946320e-01 4.143310797333673570e-04 1.337606022331557121e+01
6.000000000000156319e-01 4.508428770192617896e-01 3.771794884580056528e-04 1.308434277724314576e+01
5.000000000000159872e-01 1.916166652215302579e-01 -7.376817407526159442e-04 1.366003856852070086e+01
4.000000000000163425e-01 2.775087984823653708e-01 -4.876823322318920868e-04 1.399702649646975416e+01
3.000000000000166978e-01 5.433793411091005776e-01 9.968228683878082132e-05 1.402321787569288780e+01
2.000000000000170530e-01 6.508112690842140502e-01 -7.912373896718044542e-04 1.410800667463075975e+01
