1.000000000000000056e-01 5.786599931083667991e-01 1.661849325042802318e-03 1.386540766140557679e+01
2.000000000000000111e-01 6.274448977656374993e-01 1.055062517896887759e-03 1.384808036665261710e+01
3.000000000000000444e-01 5.619108323379712333e-01 1.360730426935564908e-03 1.381376485267471388e+01
4.000000000000000222e-01 2.440327391493964659e-01 -2.221204736734084064e-04 1.377091242259659509e+01
5.000000000000000000e-01 3.365760658485722479e-01 1.324413926517784348e-02 1.314143831126415485e+01
5.999999999999999778e-01 4.014531066175641705e-01 7.228122064630529029e-04 1.318602586523661913e+01
7.000000000000000666e-01 5.307434978692668892e-01 2.109097068668339993e-03 1.288182953053291513e+01
8.000000000000000444e-01 4.744833393163667701e-01 -1.612832592272184446e-03 1.321960141634742669e+01
9.000000000000000222e-01 5.637975363829880182e-01 8.525016411415127938e-04 1.324848674001444770e+01
1.000000000000000000e+00 4.844116360006675004e-01 7.478879859238655829e-04 1.046557564426374398e+01
1.100000000000000089e+00 3.039344357094090898e-01 -3.773258409205516514e-03 7.752696537418136025e+00
1.200000000000000178e+00 4.750171824174923008e-01 3.116155221146041376e-03 1.077583879125654009e+00
1.300000000000000266e+00 5.130001965607656755e-01 9.030646855022967170e-03 8.751426177356476099e-01
1.400000000000000133e+00 5.302925893311194461e-01 4.997742542343557859e-01 4.565753208934580752e-07
1.500000000000000222e+00 5.697685253083911716e-01 5.487864139486717807e-01 3.718988605916095090e-07
1.600000000000000089e+00 6.064508085299231688e-01 5.918016528402568754e-01 3.090574420594519468e-07
1.700000000000000178e+00 6.399055647708417061e-01 6.295207846421796427e-01 2.745420567868855237e-07
1.800000000000000266e+00 6.701429561417742153e-01 6.626678004137706024e-01 2.297497675215262633e-07
1.900000000000000133e+00 6.973368906565156067e-01 6.918757982197263345e-01 2.031305607338935517e-07
2.000000000000000000e+00 7.217349634617808984e-01 7.176887577818682473e-01 1.814055543167357416e-07
2.100000000000000089e+00 7.436094772304545630e-01 7.405717629426112891e-01 1.601041738970134575e-07
2.200000000000000178e+00 7.632301944158571549e-01 7.609213780714405573e-01 1.467996290165064968e-07
2.300000000000000266e+00 7.808505859285619355e-01 7.790755841145973193e-01 1.237818363852974242e-07
2.400000000000000355e+00 7.967013809165354177e-01 7.953221974980810849e-01 1.174020061327038478e-07
2.500000000000000444e+00 8.109889553611366875e-01 8.099066972528610187e-01 1.049347549951239664e-07
2.600000000000000089e+00 8.238956891832149854e-01 8.230386021212322545e-01 9.617770265443053954e-08
2.700000000000000178e+00 8.355817991337348705e-01 8.348972112029993120e-01 8.698402271294545485e-08
2.800000000000000266e+00 8.461874356495847627e-01 8.456362557975622973e-01 7.736261517226062295e-08
2.900000000000000355e+00 8.558349830741254216e-01 8.553878989696439561e-01 6.166977702814535045e-08
3.000000000000000444e+00 8.646312921586166711e-01 8.642661106759216283e-01 6.682448319905132164e-08
3.100000000000000089e+00 8.726696285987676216e-01 8.723693926731609372e-01 5.987136232777543647e-08
3.200000000000000178e+00 8.800315551366745259e-01 8.797831974899659180e-01 4.974332104358232392e-08
3.300000000000000266e+00 8.867884523341211800e-01 8.865818215304887007e-01 5.263327673896790896e-08
3.400000000000000355e+00 8.930029170934041804e-01 8.928300667328522566e-01 4.790127407228760613e-08
3.500000000000000444e+00 8.987299700401879532e-01 8.985846351842744495e-01 4.535554832176849452e-08
3.600000000000000089e+00 9.040180449125655437e-01 9.038952526065623383e-01 4.144307558347471828e-08
3.700000000000000178e+00 9.089098880751701470e-01 9.088056655501313141e-01 3.469883649451906260e-08
3.800000000000000266e+00 9.134433137357526045e-01 9.133544679675221767e-01 3.545954377603428608e-08
3.900000000000000355e+00 9.176518320095663483e-01 9.175757818030422230e-01 3.184667592199418471e-08
4.000000000000000000e+00 9.215652168204839789e-01 9.214998641502060162e-01 2.893891768245159872e-08
4.099999999999999645e+00 9.252099850241762846e-01 9.251536157309084851e-01 2.720985490531955405e-08
4.200000000000000178e+00 9.286097886262393297e-01 9.285609951996937061e-01 2.549682396482599412e-08
4.299999999999999822e+00 9.317857817156681710e-01 9.317434029915463434e-01 2.568200750075758364e-08
4.399999999999999467e+00 9.347569250242369066e-01 9.347199987629682960e-01 2.244809257104908220e-08
4.500000000000000000e+00 9.375402377246331298e-01 9.375079630856913981e-01 2.108340417843134897e-08
4.599999999999999645e+00 9.401510350120748649e-01 9.401227427473306530e-01 2.078612065598587717e-08
4.700000000000000178e+00 9.426031242010711741e-01 9.425782528358068735e-01 1.975535121709022974e-08
4.799999999999999822e+00 9.449089760356622625e-01 9.448870527385212492e-01 1.828717849324728383e-08
4.900000000000000355e+00 9.470798720809316951e-01 9.470604972285970868e-01 1.745047701633921652e-08
