0.1 0.49698820395536897 0.0005641774112943508 -0.0016560009995002505 69.07932815868304 
0.2 0.5755688921266621 0.0011064367816091955 -0.0009197141429285343 56.81334171153536 
0.3 0.9244469168363623 0.000803013493253373 0.0008262993503248369 10.284316644889003 
0.4 0.9630102369264005 -0.0007990689655172424 -0.003516002498750623 4.7892652567209995 
0.5 0.976171764172353 0.004173896551724137 0.0040720054972513756 2.403845588356 
0.6 0.9825650462488327 -0.00520365267366317 0.0038626791604197907 1.1902373604000003 
0.7 0.9862515473988634 0.0031865092453773154 0.012123491254372815 0.539106909121 
0.8 0.9886126735245253 0.0036523098450774606 0.00503708045977011 0.19573988062500003 
0.9 0.9902369483211122 -0.018359362818590724 0.021071970514742626 0.03771480520899999 
1.0 0.9914137314630576 -0.2985430224887557 -0.04092431084457771 0.0005503716000000001 
1.1 0.9923003988774987 0.0031328865567216255 0.0019048915542228904 0.047957496064 
1.2 0.9929893142443191 -0.006871042978510752 -0.019989328335832095 0.15847564809999998 
1.3 0.9935378928310757 -0.0006487526236881595 -0.0004636491754122874 0.3189436920009999 
1.4 0.9939835801576358 0.0003733113443278393 0.0003002463768115939 0.5210775284490001 
1.5 0.9943517527121366 0.00671858970514743 0.004174038980509748 0.7595959163040001 
1.6 0.9946601708833884 -0.007917748625687155 0.0032630719640179924 1.031124486249 
1.7 0.9949216421877602 -0.00493952023988006 -0.0025594192903548186 1.3335468728489996 
1.8 0.9951455359516556 -0.002242947526236882 0.000874364817591207 1.665601898723999 
1.9 0.9953389595282226 0.006059826586706647 -0.0006829925037481262 2.026625571216001 
2.0 0.9955072876237564 -0.003454091954022988 -0.005395677161419292 2.4163831987839997 
2.1 0.9956547431358964 -0.0050978215892053995 0.0020398700649675175 2.8349500803609993 
2.2 0.9957846244706103 -0.0012308215892053987 0.004271749125437281 3.2826482288639998 
2.3 0.9958996112170833 0.0010724082958520737 0.0034339950024987517 3.7599847086240015 
2.4 0.9960018071043906 0.0018683633183408292 0.002293970014992503 4.267620535684002 
2.5 0.9960929490680416 0.0020178825587206396 0.0013887311344327818 4.806328367555998 
2.6 0.9961744838442584 0.001878405297351325 0.0006260284857571228 5.377009670244002 
2.7 0.9962476109445901 0.0014693093453273373 -5.3331334332831603e-05 5.980641436225 
2.8 0.996313299327574 0.0007306756621689154 -0.00044081509245377126 6.618286195609001 
2.9 0.9963724096949728 2.4458770614693228e-05 -7.656421789105704e-05 7.291090840804002 
3.0 0.9964256328783718 0.0005400184907546235 0.0006687861069465265 8.000282139529002 
3.1 0.9964736064459079 0.0017278720639680165 -0.0007678880559720144 8.747131578025003 
3.2 0.9965167952399052 -0.001399568215892054 -0.0024061299350324815 9.533020578481 
3.3 0.9965557034508883 -0.0015510519740129945 0.002693325337331335 10.359360211215996 
3.4 0.9965906930831608 0.002113600699650174 -0.0010286116941529246 11.227652891361002 
3.5 0.9966220938809638 -0.0003371529235382318 0.00012294752623688083 12.139468462276 
3.6 0.9966502006255046 -0.0014024232883558215 0.0013715007496251873 13.096429972201001 
3.7 0.9966752763267522 -0.00048658820589705 -0.0025249640179910043 14.100265321024002 
3.8 0.9966975451106419 0.00024547176411794165 -5.01384307846075e-05 15.152755163715996 
3.9 0.9967172044565707 -0.001762907546226887 -0.0015841209395302347 16.255757976648997 
4.0 0.9967344589631116 -0.00044595752123937997 -0.0007088900549725136 17.411216655625 
4.1 0.9967494183643097 0.0018690909545227387 0.001279334832583707 18.621158170175995 
4.2 0.9967622491143106 -0.00014222538730634753 8.206646676661803e-05 19.887693231844004 
4.3 0.9967730793089465 0.0013483128435782107 0.001260520739630186 21.213006754564 
4.4 0.9967819911485178 0.0006203838080959523 0.0019062773613193402 22.599413085455996 
4.5 0.9967891056265279 0.000620760119940029 0.0008906936531734129 24.049294464064005 
4.6 0.9967944970330502 0.00014946976511744157 -2.3695652173913035e-05 25.56512810280901 
4.7 0.9967982661747119 0.000195396301849077 0.00031271964017991064 27.149518670399992 
4.8 0.9968004334816296 -0.00011832783608195637 -0.0004296251874062973 28.805172032025 
4.9 0.9968011205435133 8.477511244377876e-05 6.922688655672261e-05 30.534918757280995 
5.0 0.9968003599202868 0.0003978290854572683 -0.0004685887056471762 32.34167327667602 
5.1 0.9967981965393111 0.0014193778110944528 -0.00034533933033483046 34.228525765225 
5.2 0.9967946617740904 0.0013086976511744127 -0.0008950929535232395 36.198645273961006 
5.3 0.9967898134169378 -4.867166416791523e-05 -0.00011255122438780795 38.255400159024994 
5.4 0.9967836807397613 0.00047222038980509963 -0.0014796461769115417 40.40224458817601 
5.5 0.9967763058639784 8.358320839579373e-06 0.00017042578710644841 42.64281984160901 
5.6 0.9967676809082713 0.0014507221389305346 8.721589205397162e-05 44.980897968399994 
5.7 0.996757892618918 -0.00099374312843578 -0.0006892368815592221 47.42043906250001 
5.8 0.9967468798152762 0.0005048005997001525 -5.583208395805962e-06 49.965572488689 
5.9 0.9967347390307751 1.9410294852575704e-05 7.527386306846707e-05 52.620603048035996 
6.0 0.9967214276340174 1.2047976011990239e-05 8.03348325837069e-05 55.39001734780902 
6.1 0.9967069929484151 0.00047651924037981025 0.00013029385307346204 58.27852091736898 
6.2 0.9966914269165495 -0.0006355272363817987 -0.000913590204897548 61.29101758416401 
6.3 0.9966747441442725 0.0010978700649675098 0.00038135732133932714 64.43261662204897 
6.4 0.9966569520622426 -1.7012493753117398e-05 -0.00020641179410295075 67.70868950384101 
6.5 0.9966380257376322 -0.000372207896051974 -0.0011157231384307865 71.124833070916 
6.6 0.9966180157633324 0.0007074527736131948 -0.00031680459770114364 74.686894896964 
6.7 0.9965969072474441 -4.58175912043962e-05 2.025837081459198e-05 78.400983751489 
6.8 0.9965746573021118 0.0001568370814592719 0.00043536031984007986 82.273516725625 
6.9 0.9965513262458499 -0.00010854122938530764 -0.00042847626186906415 86.31116054440001 
7.0 0.9965268574203165 2.1484257871069723e-06 -3.463268365804049e-07 90.52093403400097 
7.1 0.9965012731798357 -0.0007651164417791106 0.00010237831084457844 94.91016857422498 
7.2 0.9964745481857425 0.00018283758120939575 0.000909038480759619 99.48648095268095 
7.3 0.9964466896364103 0.00021297051474262766 0.0004984817591204392 104.257965641041 
7.4 0.9964176764675776 -0.00032432833583208347 0.0003294957521239384 109.23301613159998 
7.5 0.996387487104052 0.00013477311344327884 -0.0008479735132433791 114.42041777550395 
7.6 0.9963561062014082 0.0006594967516241885 -0.0006015337331334334 119.829387048921 
7.7 0.9963235657666195 -0.0002705072463768117 -0.0006544007996001994 125.46959214504096 
7.8 0.9962897891085317 8.58770614692647e-06 1.917941029485275e-05 131.35117440931595 
7.9 0.9962547975404112 0.0005560029985007491 -0.0006687786106946522 137.48474720132094 
8.0 0.9962185646481723 3.689155422288467e-06 1.480909545227454e-05 143.88146440359995 
8.1 0.9961810496419927 -8.623438280859537e-05 -0.0005824637681159423 150.552949080004 
8.2 0.9961422185935991 -0.0005613438280859578 0.00042011394302848495 157.511511028881 
8.3 0.9961020892634722 -0.00010787656171914202 -0.0004860074962518732 164.770007220729 
8.4 0.9960606172004002 0.00010191004497751088 0.00018432483758120885 172.34188968902498 
8.5 0.9960177646822174 4.294852573712972e-06 -0.0007872728635682162 180.241392010801 
8.6 0.995973522427798 -0.0004815437281359331 0.00016028235882059022 188.483326739929 
8.7 0.9959278588002677 3.9460269865078075e-06 -0.00020831334332833758 197.083328817769 
8.8 0.9958807284535016 -0.00020156571714142915 -0.00028665367316341915 206.05787144065604 
8.9 0.9958321097264938 0.0004755437281359326 0.0005458945527236381 215.42416270222492 
9.0 0.9957819438521943 6.77931034482704e-05 0.00017734932533733087 225.2003845956841 
9.1 0.9957302351841367 -0.000236920039980008 0.0006186316841579252 235.4055930424889 
9.2 0.9956769190955044 0.0006817476261869053 -0.00011867166416792257 246.05985082702497 
9.3 0.9956219351255379 0.00024581259370315384 0.00046115442278860265 257.1843105590889 
9.4 0.9955652772543362 -0.0002196111944027971 0.00017374962518740448 268.80117305464915 
9.5 0.9955068730095747 -0.0002954447776111952 -0.0002880934532733658 280.9338362885611 
9.6 0.9954467228003003 0.0003064932533733126 -0.00044214592703648167 293.606957011369 
9.7 0.9953847000211371 -0.00025697501249375473 -8.201449275362152e-05 306.84644512308904 
9.8 0.9953208233171973 0.00010932433783108351 0.000503179410294853 320.6796665159609 
9.9 0.9952550106852727 -1.1383808095952409e-05 2.0398800599700992e-05 335.1354479570251 
10.0 0.9951871939118764 1.2295852073962999e-05 -1.1847076461770199e-05 350.24418819534395 
10.1 0.7057647556069976 -0.00043733733133433284 0.00013478710644677634 314.9495804217545 
10.2 0.7056030093900771 0.0001145712143928035 -1.35972013992998e-05 330.14668559625653 
10.3 0.7058041596758731 -0.000659253373313342 4.277411294352634e-05 346.0646020554779 
10.4 0.7056609166033233 -0.0004368900549725153 0.0003517436281859067 362.7401230918948 
10.5 0.7053652334936731 -0.00027633733133433457 -8.526736631684002e-06 380.2120113053241 
10.6 0.7055528019140229 -0.0005245827086456765 -3.343828085956856e-05 398.521412835114 
10.7 0.7056927940832914 -0.00019776111944027952 -0.0001291509245377305 417.71166511070794 
10.8 0.7054123351167146 3.5253373313343545e-05 -0.00020888455772113908 437.82872390149345 
10.9 0.7055280493593653 -0.00024119040479760186 0.0002494952523738138 458.9211871393544 
11.0 0.9943851236593162 -0.0004500934532733687 -0.0001704137931034517 545.2591134146559 
11.1 0.7051517110657815 -0.0001269655172413797 6.653073463268151e-05 504.2413275610649 
11.2 0.7054719422491986 -0.000453424287856074 -5.401999000499707e-05 528.5812549455204 
11.3 0.705484310011381 -6.598000999500415e-05 0.00023653973013492558 554.1215789175654 
11.4 0.7054100261689413 -0.0005020849575212385 0.00022897101449275112 580.9271289817179 
11.5 0.7052440732364675 -0.00026751174412793647 -5.111794102948566e-05 609.0668595074774 
11.6 0.7053001607387082 -0.0004184422788605679 -0.00013506096951524066 638.6137705301624 
11.7 0.7051023048910932 -0.0001343078460769615 2.307396301849129e-05 669.6453857766078 
11.8 0.7054293490823782 -0.0001921954022988502 -1.7415792103949034e-05 702.2441184347435 
11.9 0.7051157949743074 -6.707696151923921e-05 -0.00018447726136931533 736.4974321872716 
12.0 0.9932975302346168 -0.00012572963518240818 -0.0004399180409795101 855.281255116864 
12.1 0.7051943162249719 -0.0005694042978510728 8.267766116941384e-05 810.3453688578544 
12.2 0.7051432934921802 -0.0005651709145427298 -0.00010941279360319907 850.1440303256722 
12.3 0.7048618754675969 -0.00010447326336831622 -4.123788105946891e-05 892.0061680232615 
12.4 0.7049193272191819 -9.121889055472204e-05 0.0002401599200399807 936.0506882765239 
12.5 0.7051016304683332 -0.000416280359820095 -9.845777111444123e-05 982.4045016737033 
12.6 0.7049648177849631 -0.0003477081459270356 -0.0002721089455272361 1031.2026085349319 
12.7 0.704834929296441 -0.00011171064467766021 -5.111594202898596e-05 1082.5892370575514 
12.8 0.7048422325013156 -0.00033656421789105483 0.00023196451774112897 1136.717638932614 
12.9 0.7048269888034167 -0.0003602993503248372 -0.0002780034982508748 1193.7519018962682 
13.0 0.9917981584072181 -0.00046355972013992957 -0.00019655672163918026 1360.256918118921 
13.1 0.7046424245634649 -0.0003667481259370302 0.00010162418790604505 1317.249199247359 
13.2 0.7047243397440465 -7.888305847076445e-05 5.93968015991994e-05 1384.0980870946282 
13.3 0.7046233635455259 -0.0005629610194902545 -0.00010660869565217601 1454.6268378361842 
13.4 0.7044543363255651 -0.00018216541729135555 -0.0002976871564217886 1529.0635199408116 
13.5 0.7045046086519859 -0.00023305497251374354 8.20684657671161e-05 1607.6514800270174 
13.6 0.7044020256228469 -0.0002761054472763619 -0.0003784547726136936 1690.6519101680396 
13.7 0.7041942631501308 -0.0002571029485257363 -4.183408295852083e-06 1778.3438564924907 
13.8 0.7041863606900935 -4.521589205397308e-05 -0.0003397256371814103 1871.0266799053106 
13.9 0.7041976857242757 -0.00025542528735632254 -0.00021109645177411416 1969.0211454067962 
14.0 0.9896746332560433 0.000507940029985018 0.0002569860069964906 2207.528299204281 
14.1 0.7041268200156807 -2.5213393303344412e-05 -0.00023983108445776793 2182.344676441926 
14.2 0.7037216738607753 -0.0004902298850574696 0.0001457191404297861 2298.438532756174 
14.3 0.7045870097719797 -0.0004231829085457259 3.3120439780110584e-05 2421.3773091250637 
14.4 0.703899012978955 0.00017001799100449725 -0.000187878060969516 2551.61784825976 
14.5 0.7036504584865102 -0.00034900499750124847 -0.0005735542228885568 2689.6505032650716 
14.6 0.7036300070517633 -0.00024579010494752817 3.759470264867524e-05 2836.003309229008 
14.7 0.7023478684316189 -0.00011653473263368688 -0.0005217716141929044 2991.243620582651 
14.8 0.7028063396613486 -0.0004126726636681665 0.000262050974512744 3155.982803468596 
14.9 0.7033285675343891 -0.0002512473763118439 1.2106446776610778e-05 3330.8787988583085 
15.0 0.9865472440400527 0.0005274492753623204 -0.0019009160419790085 3679.7275004738053 
15.1 0.7028247410151117 0.0012828605697151432 -0.0006667401299350332 3714.030792966054 
15.2 0.7026504042353894 0.008646756621689166 -0.00046646226886557445 3923.8749043804464 
15.3 0.7027934211599896 0.00034198100949525283 -0.001613122438780608 4147.061093484435 
15.4 0.7025954779477688 1.5267366316842838e-06 0.0012514332833583205 4384.548072039535 
15.5 0.702416651181112 -0.0011783223388305859 -0.00033707746126936534 4637.371473205664 
15.6 0.7022284500037913 -0.0006190389805097433 -0.00043207396301849144 4906.650483222766 
15.7 0.702139820032908 -0.00021580709645177375 -0.00022726336831584146 5193.592831352536 
15.8 0.7019647641184616 -0.00016496751624188032 -0.0004671679160419805 5499.5050968088035 
15.9 0.7017939523295865 -0.0005708535732133944 0.00012237681159420216 5825.799469716348 
16.0 0.9816757638612978 0.00024344927536231926 0.00013726886556721674 6340.395268306802 
16.1 0.7015200366630693 -0.00045939780109944986 0.0003333083458270863 6545.771752744954 
16.2 0.7012312721904173 2.1193403298350992e-05 0.00022488355822089097 6942.890820353427 
16.3 0.7012035633105895 -0.0005364382808595753 -0.00023280359820090067 7367.297670335494 
16.4 0.7008873252538665 -0.0005659075462268877 -0.00014057021489255383 7821.087370840746 
16.5 0.700654950697215 -0.0003435207396301843 -0.0003264217891054471 8306.530086706489 
16.6 0.7002827850616505 -0.00025594952523738657 -8.045727136430885e-05 8826.081859540474 
16.7 0.700112753491869 -9.07516241879059e-05 -0.00013839730134932628 9382.401405996494 
16.8 0.699664650256141 -0.00014837831084457735 -0.00021875512243877925 9978.36868958603 
16.9 0.6995823570540266 -0.00032470164917541475 -0.0003626936531734147 10617.098775413127 
17.0 0.973417797980104 0.0004440289855072452 0.00037275012493753025 11341.419954186604 
17.1 0.6985789377953602 -0.0002982373813093416 -1.568115942028537e-05 12036.60090679723 
17.2 0.6983459281410127 -0.0001912818590704628 0.0005355847076461763 12824.957315057432 
17.3 0.700235294290341 0.0003843918040979511 -0.0001616421789105427 13671.281521450008 
17.4 0.6981996039467356 0.000433793603198402 -0.0011494102948525747 14580.158996161526 
17.5 0.696867077325968 -0.002940327336331835 0.0007849865067466265 15556.530939673275 
17.6 0.6967495367987592 -0.0008230389805097464 0.0003657186406796616 16605.712333281328 
17.7 0.6963696913586418 -0.0002835687156421829 0.000126317841079465 17733.401852750965 
17.8 0.6958842860726348 5.572113943028463e-05 0.00047905347326336774 18945.71088313754 
17.9 0.6953981584240769 -6.567716141929273e-05 0.0001690829585207399 20249.15751496772 
18.0 0.9572192801110432 0.00044865667166416805 5.520039980009989e-05 20942.39128367905 
18.1 0.694235246966796 -0.00044808895552223726 -0.0002305347326336849 23157.60246229277 
18.2 0.6935588604383027 -0.00025410194902548435 -8.565717141426699e-06 24777.676442228596 
18.3 0.6925912613000322 -0.00018355272363817978 0.00013550074962518662 26518.981184917353 
18.4 0.6916858910692864 -0.0002712378810594711 -2.510694652673537e-05 28389.89111647238 
18.5 0.6912163719692843 -0.000725754622688657 -4.2047976011995744e-05 30398.985762247878 
18.6 0.6933140968660347 1.4446776611698725e-05 0.0001815727136431704 32554.919206992658 
18.7 0.6890104084669021 0.0004632488755622183 -0.003350955022488756 34866.2226933754 
18.8 0.6877198725809487 -8.386606696651506e-05 8.610494752623811e-05 37341.08762822989 
18.9 0.6866433096687361 4.8246376811594865e-05 0.00041704097951024476 39986.97474076525 
19.0 0.9105582321938096 0.0005943218390804605 0.0002430439780109942 37305.419035547646 
19.1 0.6838740621874965 -9.571514242878548e-05 -0.00024628585707146437 45815.24600520242 
19.2 0.6821475000231089 -0.0003480264867566215 -3.2204397801099494e-05 49004.03999652194 
19.3 0.6802668532988719 -9.891254372813624e-05 -0.0002687251374312837 52374.74667842222 
19.4 0.6786531041797914 -0.0002497126436781589 6.831584207907878e-07 55920.371673655056 
19.5 0.6756601945797414 -0.0009831619190404787 -0.0005087786106946509 59626.75758007888 
19.6 0.6734492896803049 -0.0008032768615692156 -0.007694771114442779 63469.92039503818 
19.7 0.6703715999458717 9.001649175412201e-05 -0.0005267146426786619 67412.45858140558 
19.8 0.6669388665514382 -6.919340329835534e-05 -0.0003450054972513763 71398.53262810894 
19.9 0.6632912592524044 -5.389705147426037e-05 -9.469165417291517e-05 75346.76578870523 
