125 560 
K 
0 62 1 
0 63 1 
0 72 1 
0 73 1 
1 39 1 
1 40 1 
1 49 1 
1 50 1 
2 81 1 
2 82 1 
2 91 1 
2 92 1 
3 53 1 
3 54 1 
3 63 1 
3 64 1 
4 109 1 
4 110 1 
4 119 1 
4 120 1 
5 40 1 
5 41 1 
5 50 1 
5 51 1 
6 77 1 
6 78 1 
6 87 1 
6 88 1 
7 103 1 
7 104 1 
7 113 1 
7 114 1 
8 58 1 
8 59 1 
8 68 1 
8 69 1 
9 99 1 
9 100 1 
9 109 1 
9 110 1 
10 86 1 
10 87 1 
10 96 1 
10 97 1 
11 102 1 
11 103 1 
11 112 1 
11 113 1 
12 91 1 
12 92 1 
12 101 1 
12 102 1 
13 41 1 
13 42 1 
13 51 1 
13 52 1 
14 63 1 
14 64 1 
14 73 1 
14 74 1 
15 57 1 
15 58 1 
15 67 1 
15 68 1 
16 47 1 
16 48 1 
16 57 1 
16 58 1 
17 66 1 
17 67 1 
17 76 1 
17 77 1 
18 51 1 
18 52 1 
18 61 1 
18 62 1 
19 83 1 
19 84 1 
19 93 1 
19 94 1 
20 92 1 
20 93 1 
20 102 1 
20 103 1 
21 106 1 
21 107 1 
21 116 1 
21 117 1 
22 61 1 
22 62 1 
22 71 1 
22 72 1 
23 49 1 
23 50 1 
23 59 1 
23 60 1 
24 79 1 
24 80 1 
24 89 1 
24 90 1 
25 26 1 
25 35 1 
26 25 1 
26 27 1 
26 36 1 
27 26 1 
27 28 1 
27 37 1 
28 27 1 
28 29 1 
28 38 1 
29 28 1 
29 30 1 
29 39 1 
30 29 1 
30 31 1 
30 40 1 
31 30 1 
31 32 1 
31 41 1 
32 31 1 
32 33 1 
32 42 1 
33 32 1 
33 34 1 
33 43 1 
34 33 1 
34 44 1 
35 25 1 
35 36 1 
35 45 1 
36 26 1 
36 35 1 
36 37 1 
36 46 1 
37 27 1 
37 36 1 
37 38 1 
37 47 1 
38 28 1 
38 37 1 
38 39 1 
38 48 1 
39 1 1 
39 29 1 
39 38 1 
39 40 1 
39 49 1 
40 1 1 
40 5 1 
40 30 1 
40 39 1 
40 41 1 
40 50 1 
41 5 1 
41 13 1 
41 31 1 
41 40 1 
41 42 1 
41 51 1 
42 13 1 
42 32 1 
42 41 1 
42 43 1 
42 52 1 
43 33 1 
43 42 1 
43 44 1 
43 53 1 
44 34 1 
44 43 1 
44 54 1 
45 35 1 
45 46 1 
45 55 1 
46 36 1 
46 45 1 
46 47 1 
46 56 1 
47 16 1 
47 37 1 
47 46 1 
47 48 1 
47 57 1 
48 16 1 
48 38 1 
48 47 1 
48 49 1 
48 58 1 
49 1 1 
49 23 1 
49 39 1 
49 48 1 
49 50 1 
49 59 1 
50 1 1 
50 5 1 
50 23 1 
50 40 1 
50 49 1 
50 51 1 
50 60 1 
51 5 1 
51 13 1 
51 18 1 
51 41 1 
51 50 1 
51 52 1 
51 61 1 
52 13 1 
52 18 1 
52 42 1 
52 51 1 
52 53 1 
52 62 1 
53 3 1 
53 43 1 
53 52 1 
53 54 1 
53 63 1 
54 3 1 
54 44 1 
54 53 1 
54 64 1 
55 45 1 
55 56 1 
55 65 1 
56 46 1 
56 55 1 
56 57 1 
56 66 1 
57 15 1 
57 16 1 
57 47 1 
57 56 1 
57 58 1 
57 67 1 
58 8 1 
58 15 1 
58 16 1 
58 48 1 
58 57 1 
58 59 1 
58 68 1 
59 8 1 
59 23 1 
59 49 1 
59 58 1 
59 60 1 
59 69 1 
60 23 1 
60 50 1 
60 59 1 
60 61 1 
60 70 1 
61 18 1 
61 22 1 
61 51 1 
61 60 1 
61 62 1 
61 71 1 
62 0 1 
62 18 1 
62 22 1 
62 52 1 
62 61 1 
62 63 1 
62 72 1 
63 0 1 
63 3 1 
63 14 1 
63 53 1 
63 62 1 
63 64 1 
63 73 1 
64 3 1 
64 14 1 
64 54 1 
64 63 1 
64 74 1 
65 55 1 
65 66 1 
65 75 1 
66 17 1 
66 56 1 
66 65 1 
66 67 1 
66 76 1 
67 15 1 
67 17 1 
67 57 1 
67 66 1 
67 68 1 
67 77 1 
68 8 1 
68 15 1 
68 58 1 
68 67 1 
68 69 1 
68 78 1 
69 8 1 
69 59 1 
69 68 1 
69 70 1 
69 79 1 
70 60 1 
70 69 1 
70 71 1 
70 80 1 
71 22 1 
71 61 1 
71 70 1 
71 72 1 
71 81 1 
72 0 1 
72 22 1 
72 62 1 
72 71 1 
72 73 1 
72 82 1 
73 0 1 
73 14 1 
73 63 1 
73 72 1 
73 74 1 
73 83 1 
74 14 1 
74 64 1 
74 73 1 
74 84 1 
75 65 1 
75 76 1 
75 85 1 
76 17 1 
76 66 1 
76 75 1 
76 77 1 
76 86 1 
77 6 1 
77 17 1 
77 67 1 
77 76 1 
77 78 1 
77 87 1 
78 6 1 
78 68 1 
78 77 1 
78 79 1 
78 88 1 
79 24 1 
79 69 1 
79 78 1 
79 80 1 
79 89 1 
80 24 1 
80 70 1 
80 79 1 
80 81 1 
80 90 1 
81 2 1 
81 71 1 
81 80 1 
81 82 1 
81 91 1 
82 2 1 
82 72 1 
82 81 1 
82 83 1 
82 92 1 
83 19 1 
83 73 1 
83 82 1 
83 84 1 
83 93 1 
84 19 1 
84 74 1 
84 83 1 
84 94 1 
85 75 1 
85 86 1 
85 95 1 
86 10 1 
86 76 1 
86 85 1 
86 87 1 
86 96 1 
87 6 1 
87 10 1 
87 77 1 
87 86 1 
87 88 1 
87 97 1 
88 6 1 
88 78 1 
88 87 1 
88 89 1 
88 98 1 
89 24 1 
89 79 1 
89 88 1 
89 90 1 
89 99 1 
90 24 1 
90 80 1 
90 89 1 
90 91 1 
90 100 1 
91 2 1 
91 12 1 
91 81 1 
91 90 1 
91 92 1 
91 101 1 
92 2 1 
92 12 1 
92 20 1 
92 82 1 
92 91 1 
92 93 1 
92 102 1 
93 19 1 
93 20 1 
93 83 1 
93 92 1 
93 94 1 
93 103 1 
94 19 1 
94 84 1 
94 93 1 
94 104 1 
95 85 1 
95 96 1 
95 105 1 
96 10 1 
96 86 1 
96 95 1 
96 97 1 
96 106 1 
97 10 1 
97 87 1 
97 96 1 
97 98 1 
97 107 1 
98 88 1 
98 97 1 
98 99 1 
98 108 1 
99 9 1 
99 89 1 
99 98 1 
99 100 1 
99 109 1 
100 9 1 
100 90 1 
100 99 1 
100 101 1 
100 110 1 
101 12 1 
101 91 1 
101 100 1 
101 102 1 
101 111 1 
102 11 1 
102 12 1 
102 20 1 
102 92 1 
102 101 1 
102 103 1 
102 112 1 
103 7 1 
103 11 1 
103 20 1 
103 93 1 
103 102 1 
103 104 1 
103 113 1 
104 7 1 
104 94 1 
104 103 1 
104 114 1 
105 95 1 
105 106 1 
105 115 1 
106 21 1 
106 96 1 
106 105 1 
106 107 1 
106 116 1 
107 21 1 
107 97 1 
107 106 1 
107 108 1 
107 117 1 
108 98 1 
108 107 1 
108 109 1 
108 118 1 
109 4 1 
109 9 1 
109 99 1 
109 108 1 
109 110 1 
109 119 1 
110 4 1 
110 9 1 
110 100 1 
110 109 1 
110 111 1 
110 120 1 
111 101 1 
111 110 1 
111 112 1 
111 121 1 
112 11 1 
112 102 1 
112 111 1 
112 113 1 
112 122 1 
113 7 1 
113 11 1 
113 103 1 
113 112 1 
113 114 1 
113 123 1 
114 7 1 
114 104 1 
114 113 1 
114 124 1 
115 105 1 
115 116 1 
116 21 1 
116 106 1 
116 115 1 
116 117 1 
117 21 1 
117 107 1 
117 116 1 
117 118 1 
118 108 1 
118 117 1 
118 119 1 
119 4 1 
119 109 1 
119 118 1 
119 120 1 
120 4 1 
120 110 1 
120 119 1 
120 121 1 
121 111 1 
121 120 1 
121 122 1 
122 112 1 
122 121 1 
122 123 1 
123 113 1 
123 122 1 
123 124 1 
124 114 1 
124 123 1 
P 
0 1.0 9.5 9.5 
1 1.0 10.0 10.0 
2 1.0 10.0 10.0 
3 1.0 10.0 10.0 
4 1.0 10.0 10.0 
5 1.0 2.5 2.5 
6 1.0 2.5 2.5 
7 1.0 2.5 2.5 
8 1.0 2.5 2.5 
9 1.0 2.5 2.5 
10 1.0 2.5 2.5 
11 1.0 2.5 2.5 
12 1.0 2.5 2.5 
13 1.0 2.5 2.5 
14 1.0 2.5 2.5 
15 1.0 2.5 2.5 
16 1.0 2.5 2.5 
17 1.0 2.5 2.5 
18 1.0 2.5 2.5 
19 1.0 2.5 2.5 
20 1.0 2.5 2.5 
21 1.0 2.5 2.5 
22 1.0 2.5 2.5 
23 1.0 2.5 2.5 
24 1.0 2.5 2.5 
25 0.0 -1.0 -1.0 
26 0.0 -1.0 -1.0 
27 0.0 -1.0 -1.0 
28 0.0 -1.0 -1.0 
29 0.0 -1.0 -1.0 
30 0.0 -1.0 -1.0 
31 0.0 -1.0 -1.0 
32 0.0 -1.0 -1.0 
33 0.0 -1.0 -1.0 
34 0.0 -1.0 -1.0 
35 0.0 -1.0 -1.0 
36 0.0 -1.0 -1.0 
37 0.0 -1.0 -1.0 
38 0.0 -1.0 -1.0 
39 0.0 -1.0 -1.0 
40 0.0 -1.0 -1.0 
41 0.0 -1.0 -1.0 
42 0.0 -1.0 -1.0 
43 0.0 -1.0 -1.0 
44 0.0 -1.0 -1.0 
45 0.0 -1.0 -1.0 
46 0.0 -1.0 -1.0 
47 0.0 -1.0 -1.0 
48 0.0 -1.0 -1.0 
49 0.0 -1.0 -1.0 
50 0.0 -1.0 -1.0 
51 0.0 -1.0 -1.0 
52 0.0 -1.0 -1.0 
53 0.0 -1.0 -1.0 
54 0.0 -1.0 -1.0 
55 0.0 -1.0 -1.0 
56 0.0 -1.0 -1.0 
57 0.0 -1.0 -1.0 
58 0.0 -1.0 -1.0 
59 0.0 -1.0 -1.0 
60 0.0 -1.0 -1.0 
61 0.0 -1.0 -1.0 
62 0.0 -1.0 -1.0 
63 0.0 -1.0 -1.0 
64 0.0 -1.0 -1.0 
65 0.0 -1.0 -1.0 
66 0.0 -1.0 -1.0 
67 0.0 -1.0 -1.0 
68 0.0 -1.0 -1.0 
69 0.0 -1.0 -1.0 
70 0.0 -1.0 -1.0 
71 0.0 -1.0 -1.0 
72 0.0 -1.0 -1.0 
73 0.0 -1.0 -1.0 
74 0.0 -1.0 -1.0 
75 0.0 -1.0 -1.0 
76 0.0 -1.0 -1.0 
77 0.0 -1.0 -1.0 
78 0.0 -1.0 -1.0 
79 0.0 -1.0 -1.0 
80 0.0 -1.0 -1.0 
81 0.0 -1.0 -1.0 
82 0.0 -1.0 -1.0 
83 0.0 -1.0 -1.0 
84 0.0 -1.0 -1.0 
85 0.0 -1.0 -1.0 
86 0.0 -1.0 -1.0 
87 0.0 -1.0 -1.0 
88 0.0 -1.0 -1.0 
89 0.0 -1.0 -1.0 
90 0.0 -1.0 -1.0 
91 0.0 -1.0 -1.0 
92 0.0 -1.0 -1.0 
93 0.0 -1.0 -1.0 
94 0.0 -1.0 -1.0 
95 0.0 -1.0 -1.0 
96 0.0 -1.0 -1.0 
97 0.0 -1.0 -1.0 
98 0.0 -1.0 -1.0 
99 0.0 -1.0 -1.0 
100 0.0 -1.0 -1.0 
101 0.0 -1.0 -1.0 
102 0.0 -1.0 -1.0 
103 0.0 -1.0 -1.0 
104 0.0 -1.0 -1.0 
105 0.0 -1.0 -1.0 
106 0.0 -1.0 -1.0 
107 0.0 -1.0 -1.0 
108 0.0 -1.0 -1.0 
109 0.0 -1.0 -1.0 
110 0.0 -1.0 -1.0 
111 0.0 -1.0 -1.0 
112 0.0 -1.0 -1.0 
113 0.0 -1.0 -1.0 
114 0.0 -1.0 -1.0 
115 0.0 -1.0 -1.0 
116 0.0 -1.0 -1.0 
117 0.0 -1.0 -1.0 
118 0.0 -1.0 -1.0 
119 0.0 -1.0 -1.0 
120 0.0 -1.0 -1.0 
121 0.0 -1.0 -1.0 
122 0.0 -1.0 -1.0 
123 0.0 -1.0 -1.0 
124 0.0 -1.0 -1.0 
Alfa 
0 1.0 
1 1.0 
2 1.0 
3 1.0 
4 1.0 
5 1.0 
6 1.0 
7 1.0 
8 1.0 
9 1.0 
10 1.0 
11 1.0 
12 1.0 
13 1.0 
14 1.0 
15 1.0 
16 1.0 
17 1.0 
18 1.0 
19 1.0 
20 1.0 
21 1.0 
22 1.0 
23 1.0 
24 1.0 
25 1.0 
26 1.0 
27 1.0 
28 1.0 
29 1.0 
30 1.0 
31 1.0 
32 1.0 
33 1.0 
34 1.0 
35 1.0 
36 1.0 
37 1.0 
38 1.0 
39 1.0 
40 1.0 
41 1.0 
42 1.0 
43 1.0 
44 1.0 
45 1.0 
46 1.0 
47 1.0 
48 1.0 
49 1.0 
50 1.0 
51 1.0 
52 1.0 
53 1.0 
54 1.0 
55 1.0 
56 1.0 
57 1.0 
58 1.0 
59 1.0 
60 1.0 
61 1.0 
62 1.0 
63 1.0 
64 1.0 
65 1.0 
66 1.0 
67 1.0 
68 1.0 
69 1.0 
70 1.0 
71 1.0 
72 1.0 
73 1.0 
74 1.0 
75 1.0 
76 1.0 
77 1.0 
78 1.0 
79 1.0 
80 1.0 
81 1.0 
82 1.0 
83 1.0 
84 1.0 
85 1.0 
86 1.0 
87 1.0 
88 1.0 
89 1.0 
90 1.0 
91 1.0 
92 1.0 
93 1.0 
94 1.0 
95 1.0 
96 1.0 
97 1.0 
98 1.0 
99 1.0 
100 1.0 
101 1.0 
102 1.0 
103 1.0 
104 1.0 
105 1.0 
106 1.0 
107 1.0 
108 1.0 
109 1.0 
110 1.0 
111 1.0 
112 1.0 
113 1.0 
114 1.0 
115 1.0 
116 1.0 
117 1.0 
118 1.0 
119 1.0 
120 1.0 
121 1.0 
122 1.0 
123 1.0 
124 1.0 
