1.392529999999999896e-03
1.392529999999999896e-03
3.400000000000000244e-03
1.392529999999999896e-03
1.392529999999999896e-03
1.392529999999999896e-03
1.392529999999999896e-03
1.392529999999999896e-03
1.392529999999999896e-03
4.000000000000000734e-04
1.392529999999999896e-03
1.392529999999999896e-03
1.392529999999999896e-03
5.400000000000000286e-03
1.392529999999999896e-03
1.392529999999999896e-03
1.392529999999999896e-03
1.370000000000000124e-03
1.392529999999999896e-03
1.392529999999999896e-03
1.392529999999999896e-03
1.000000000000000021e-02
1.392529999999999896e-03
1.392529999999999896e-03
1.392529999999999896e-03
1.392529999999999896e-03
1.392529999999999896e-03
1.392529999999999896e-03
1.392529999999999896e-03
1.392529999999999896e-03
1.392529999999999896e-03
1.392529999999999896e-03
1.392529999999999896e-03
1.392529999999999896e-03
1.392529999999999896e-03
2.020000000000000094e-03
2.859999999999999695e-03
5.599999999999999076e-03
1.392529999999999896e-03
1.213000000000000016e-02
1.700000000000000122e-03
1.392529999999999896e-03
1.392529999999999896e-03
1.392529999999999896e-03
1.392529999999999896e-03
3.240000000000000692e-03
1.392529999999999896e-03
1.392529999999999896e-03
1.392529999999999896e-03
4.599999999999999922e-03
1.050000000000000152e-03
1.392529999999999896e-03
1.392529999999999896e-03
1.392529999999999896e-03
1.670000000000000043e-03
3.959999999999999978e-03
1.392529999999999896e-03
1.392529999999999896e-03
1.392529999999999896e-03
1.392529999999999896e-03
1.392529999999999896e-03
1.392529999999999896e-03
1.392529999999999896e-03
1.392529999999999896e-03
3.210000000000000180e-03
1.392529999999999896e-03
2.759999999999999867e-03
1.392529999999999896e-03
1.392529999999999896e-03
4.500000000000000527e-03
6.599999999999999964e-03
1.392529999999999896e-03
1.392529999999999896e-03
1.392529999999999896e-03
4.000000000000000083e-03
1.392529999999999896e-03
1.392529999999999896e-03
2.700000000000000143e-03
1.392529999999999896e-03
1.392529999999999896e-03
1.392529999999999896e-03
1.392529999999999896e-03
1.392529999999999896e-03
1.392529999999999896e-03
1.392529999999999896e-03
1.392529999999999896e-03
1.392529999999999896e-03
1.392529999999999896e-03
1.550000000000000162e-03
9.180000000000000659e-03
3.140000000000000430e-03
3.000000000000000496e-03
1.392529999999999896e-03
1.000000000000000021e-03
1.392529999999999896e-03
1.392529999999999896e-03
1.392529999999999896e-03
1.392529999999999896e-03
1.392529999999999896e-03
3.400000000000000244e-03
1.392529999999999896e-03
1.392529999999999896e-03
