13.9253	
13.9253	
34	
13.9253	
13.9253	
13.9253	
13.9253	
13.9253	
13.9253	
4	
13.9253	
13.9253	
13.9253	
54	
13.9253	
13.9253	
13.9253	
13.7	
13.9253	
13.9253	
13.9253	
100	
13.9253	
13.9253	
13.9253	
13.9253	
13.9253	
13.9253	
13.9253	
13.9253	
13.9253	
13.9253	
13.9253	
13.9253	
13.9253	
20.2	
28.6	
56	
13.9253	
121.3	
17	
13.9253	
13.9253	
13.9253	
13.9253	
32.4	
13.9253	
13.9253	
13.9253	
46	
10.5	
13.9253	
13.9253	
13.9253	
16.7	
39.6	
13.9253	
13.9253	
13.9253	
13.9253	
13.9253	
13.9253	
13.9253	
13.9253	
32.1	
13.9253	
27.6	
13.9253	
13.9253	
45	
66	
13.9253	
13.9253	
13.9253	
40	
13.9253	
13.9253	
27	
13.9253	
13.9253	
13.9253	
13.9253	
13.9253	
13.9253	
13.9253	
13.9253	
13.9253	
13.9253	
15.5	
91.8	
31.4	
30	
13.9253	
10	
13.9253	
13.9253	
13.9253	
13.9253	
13.9253	
34	
13.9253	
13.9253	
