-6.194389459459460623e-01
-6.194389459459460623e-01
2.040000000000000036e+00
-6.194389459459460623e-01
-6.194389459459460623e-01
-6.194389459459460623e-01
-6.194389459459460623e-01
-6.194389459459460623e-01
-6.194389459459460623e-01
4.000000000000000777e-02
-6.194389459459460623e-01
-6.194389459459460623e-01
-6.194389459459460623e-01
3.240000000000000213e+00
-6.194389459459460623e-01
-6.194389459459460623e-01
-6.194389459459460623e-01
1.370000000000000107e-01
-6.194389459459460623e-01
-6.194389459459460623e-01
-6.194389459459460623e-01
6.000000000000000000e+00
-6.194389459459460623e-01
-6.194389459459460623e-01
-6.194389459459460623e-01
-6.194389459459460623e-01
-6.194389459459460623e-01
-6.194389459459460623e-01
-6.194389459459460623e-01
-6.194389459459460623e-01
-6.194389459459460623e-01
-6.194389459459460623e-01
-6.194389459459460623e-01
-6.194389459459460623e-01
-6.194389459459460623e-01
1.211999999999999966e+00
2.859999999999999765e-01
3.359999999999999876e+00
-6.194389459459460623e-01
7.278000000000000469e+00
1.020000000000000018e+00
-6.194389459459460623e-01
-6.194389459459460623e-01
-6.194389459459460623e-01
-6.194389459459460623e-01
1.943999999999999950e+00
-6.194389459459460623e-01
-6.194389459459460623e-01
-6.194389459459460623e-01
4.599999999999999645e-01
6.300000000000000044e-01
-6.194389459459460623e-01
-6.194389459459460623e-01
-6.194389459459460623e-01
1.670000000000000095e-01
2.375999999999999890e+00
-6.194389459459460623e-01
-6.194389459459460623e-01
-6.194389459459460623e-01
-6.194389459459460623e-01
-6.194389459459460623e-01
-6.194389459459460623e-01
-6.194389459459460623e-01
-6.194389459459460623e-01
3.210000000000000075e-01
-6.194389459459460623e-01
1.655999999999999917e+00
-8.355179999999998719e-01
-6.194389459459460623e-01
2.699999999999999734e+00
3.959999999999999520e+00
-6.194389459459460623e-01
-6.194389459459460623e-01
-6.194389459459460623e-01
2.399999999999999911e+00
-6.194389459459460623e-01
-6.194389459459460623e-01
1.620000000000000107e+00
-6.194389459459460623e-01
-6.194389459459460623e-01
-6.194389459459460623e-01
-6.194389459459460623e-01
-6.194389459459460623e-01
-6.194389459459460623e-01
-6.194389459459460623e-01
-6.194389459459460623e-01
-6.194389459459460623e-01
-6.194389459459460623e-01
1.550000000000000266e-01
9.180000000000000382e-01
3.140000000000000568e-01
3.000000000000000444e-01
-6.194389459459460623e-01
1.000000000000000056e-01
-6.194389459459460623e-01
-6.194389459459460623e-01
-6.194389459459460623e-01
-6.194389459459460623e-01
-6.194389459459460623e-01
2.040000000000000036e+00
-6.194389459459460623e-01
-6.194389459459460623e-01
