-139.253	
-139.253	
340	
-139.253	
-139.253	
-139.253	
-139.253	
-139.253	
-139.253	
40	
-139.253	
-139.253	
-139.253	
540	
-139.253	
-139.253	
-139.253	
137	
-139.253	
-139.253	
-139.253	
1000	
-139.253	
-139.253	
-139.253	
-139.253	
-139.253	
-139.253	
-139.253	
-139.253	
-139.253	
-139.253	
-139.253	
-139.253	
-139.253	
202	
286	
560	
-139.253	
1213	
170	
-139.253	
-139.253	
-139.253	
-139.253	
324	
-139.253	
-139.253	
-139.253	
460	
105	
-139.253	
-139.253	
-139.253	
167	
396	
-139.253	
-139.253	
-139.253	
-139.253	
-139.253	
-139.253	
-139.253	
-139.253	
321	
-139.253	
276	
-139.253	
-139.253	
450	
660	
-139.253	
-139.253	
-139.253	
400	
-139.253	
-139.253	
270	
-139.253	
-139.253	
-139.253	
-139.253	
-139.253	
-139.253	
-139.253	
-139.253	
-139.253	
-139.253	
155	
918	
314	
300	
-139.253	
100	
-139.253	
-139.253	
-139.253	
-139.253	
-139.253	
340	
-139.253	
-139.253	
