0.0 0.05340815583174352 6.673413293353322e-05 2.1589205397295198e-07 193.78943789381037 
1.0 0.6387367752839707 -0.00024695152423787953 -0.0002430974512743614 193.64944359284945 
2.0 0.6734767185632115 -0.0008503518240879567 -0.0006815442278860578 191.2717843162702 
3.0 0.7288619325546918 0.0014188175912043972 -0.00018043178410794553 187.36642732502872 
4.0 0.7359561731417271 -0.00043138180909545426 0.0011379970014992503 187.27221173559394 
5.0 0.7454313991193199 0.0006166711644177916 -0.0006325977011494252 185.2265101621301 
6.0 0.7487239936796154 -0.00012462818590704784 -0.0006543783108445789 185.1679398862244 
7.0 0.7599741578375002 -0.0015098805597201393 -0.0005217056471764122 183.79176391361858 
8.0 0.8172791155462384 -0.0006561894052973512 0.001208208895552224 173.48454313048634 
9.0 0.8178128465005611 0.00024502848575712165 -0.0015717056471764124 173.44310499882408 
10.0 0.8284296600503106 0.001410709145427285 -0.0010438015992004013 170.74931485482497 
11.0 0.8292603356091687 0.00108224387806097 -0.0005008940529735125 169.54786223721538 
12.0 0.8693010989118537 0.0003815332333833061 -0.0007571819090454782 152.57017926042522 
13.0 0.867105405646218 0.0022836916541729138 0.0011078780609695155 151.4346779262894 
14.0 0.8962291186883093 -0.0007673768115942031 0.0006444017991004503 132.66485336984744 
15.0 0.8975196046301509 -0.0020059825087456284 0.0011360579710144934 133.4403182423237 
16.0 0.8979297810804054 0.002061276361819091 0.0008467416291854077 133.4748407727722 
17.0 0.8977947713055117 0.0033254772613693154 -0.0004001049475262366 133.32179799501353 
18.0 0.8980163777882566 0.002190718640679661 0.0027928225887056462 133.22671846541311 
19.0 0.897354456816212 0.0023279215392303845 -0.0004389450274862555 132.93129624132993 
20.0 0.8977875854853143 0.002127592203898051 -0.0018888755622188903 132.94139259104347 
