0.9145164091885557 
1.7041953727417163 
1.736873205070905 
1.0744732006619815 
1.1298078238226 
0.846405204696621 
2.674478438871814 
2.321504468553986 
5.470287245323276 
1.2039029222231281 
3.122048824597208 
0.0541588974895742 
2.967351636502164 
2.1795377915012133 
6.094804888909637 
1.2504089622242696 
1.2538712569747228 
0.19062868535598348 
1.544420797242617 
0.043650804597939775 
3.8318634868753203 
1.3902063796441593 
5.282161530290007 
3.857813080699186 
6.079947737010476 
0.6186912234259768 
3.8087327408792344 
4.517588079892722 
2.306602764854001 
1.9076901519307388 
3.097526623769059 
5.327609785686574 
1.5898634346825213 
3.675763675018098 
3.243365240547349 
1.3908439860534878 
4.744229967884628 
5.160147054097177 
3.858053995058113 
2.3125426574877674 
5.3765875070931335 
5.14134816391672 
1.7893118256515974 
1.3374714268035544 
0.1564470015783492 
1.8483560641858625 
4.972472488339754 
3.8469041243376374 
4.986287694116687 
1.011591551993861 
1.983003001359095 
4.822654511417343 
4.590426052941068 
1.0300321566174309 
4.938375748524707 
0.8843086856704877 
0.2419665389214637 
5.95731800677124 
3.166874094635622 
5.371767126812047 
3.1652881057030813 
5.00163026269431 
3.1005022785572502 
6.1857470578022085 
1.9571823771269816 
2.746892742886284 
1.1491170300900535 
5.547438179547006 
6.2282205306823055 
2.007337259181655 
4.908681941714998 
0.392591659320629 
4.364873874338337 
2.2363414559281254 
2.0111571654863267 
4.914633852930907 
3.5030561071341166 
4.590763859996074 
0.3844291740752867 
0.09703312130017955 
5.169729218001445 
3.1736204527173686 
3.049222622065041 
5.429626698716894 
3.0345879491064847 
5.60874357000003 
2.823966502821291 
2.082396085104955 
5.455707501679521 
4.551612080858846 
5.572611638417412 
3.6635846284795237 
5.804215249014547 
4.5147757230850605 
2.027031410176644 
0.8569281045998246 
4.942295131338335 
1.999784356336299 
0.389454619089026 
1.3284859376819276 
4.864998137385672 
5.837672413250864 
0.0 
0.0 
0.0 
0.0 
0.0 
0.0 
0.0 
0.0 
0.0 
0.0 
0.0 
0.0 
0.0 
0.0 
0.0 
0.0 
0.0 
0.0 
0.0 
0.0 
0.0 
0.0 
0.0 
0.0 
0.0 
0.0 
0.0 
0.0 
0.0 
0.0 
0.0 
0.0 
0.0 
0.0 
0.0 
0.0 
0.0 
0.0 
0.0 
0.0 
0.0 
0.0 
0.0 
0.0 
0.0 
0.0 
0.0 
0.0 
0.0 
0.0 
0.0 
0.0 
0.0 
0.0 
0.0 
0.0 
0.0 
0.0 
0.0 
0.0 
0.0 
0.0 
0.0 
0.0 
0.0 
0.0 
0.0 
0.0 
0.0 
0.0 
0.0 
0.0 
0.0 
0.0 
0.0 
0.0 
0.0 
0.0 
0.0 
0.0 
0.0 
0.0 
0.0 
0.0 
0.0 
0.0 
0.0 
0.0 
0.0 
0.0 
0.0 
0.0 
0.0 
0.0 
0.0 
0.0 
0.0 
0.0 
0.0 
0.0 
0.0 
0.0 
