6.106309585928992 
1.1953263866106658 
2.0114486459488465 
4.692824984436563 
2.864284234436844 
5.14591249899937 
1.1050439370382479 
0.00943843929546788 
1.1440762414063923 
5.390819640625251 
4.949635741544874 
3.5198554326894733 
4.49885644711981 
5.6918773229219 
5.531565572346864 
3.328914608651724 
4.8296739215458 
1.563884188801977 
5.42330420502982 
1.8024160554536617 
1.8112719065769087 
5.906567793350843 
4.168596113643703 
4.161808078090651 
0.2650899444182124 
5.40130050697873 
2.5632411992921873 
3.0583698817240355 
0.4533093398785085 
1.9781247481457325 
5.081130199654515 
2.6718500263985563 
2.812777836081488 
1.436012866669917 
3.2300590891881233 
4.16295016435277 
1.5303458624512023 
5.835674593377534 
4.32215603095533 
4.05253726388502 
1.245981711193367 
2.464548951685579 
4.425251331247362 
2.0404059085468385 
4.750325558224116 
5.068780053026018 
2.9663893081845107 
1.8248527571176225 
4.78155932834417 
4.080431485621904 
2.3577874647902877 
2.92509665127859 
3.0278248914799266 
1.7048688649382813 
1.4803231701936685 
3.6562432180701383 
0.8280838123636259 
3.320201915176758 
4.284159591855851 
3.9631573267071913 
5.355146674496377 
1.142959854638819 
1.3947147906774733 
4.500417694204636 
0.8405127786439921 
5.937997465164688 
2.5647239317588926 
1.2324191653103502 
1.0948502856143962 
2.6300602808843574 
5.82078461830458 
5.557421447073066 
0.5473433464017387 
5.0973739876291555 
4.0591029245317385 
4.917638818120892 
1.3852169295635717 
0.29477953588042005 
5.6129862959718055 
5.483908226196211 
6.155790065851041 
0.9093748578419368 
5.74690115369416 
3.395608803859916 
2.889276747397427 
0.9711969495247535 
0.6660460246352123 
3.0674588518143544 
0.6057201703939724 
5.661598183105893 
3.6966676718118237 
2.6231005233079308 
5.290678180641467 
5.373321149584805 
6.088931712203691 
3.4237453739200467 
5.4316122688919615 
1.4703901912591237 
0.1603845730094996 
0.14579886408322237 
0.6041553580116088 
0.927576833263903 
6.0307185726318195 
1.882739963692241 
4.678636147915457 
3.3800226012497427 
1.5565647831247327 
1.63259633792892 
2.2643974765296893 
0.00514840409964727 
0.9820053999895282 
4.658223215541467 
5.465082109612799 
0.41253854084451963 
0.40802718196038146 
5.295463251586181 
4.420540272612363 
4.552508653436234 
4.611632410556689 
2.9427121965572756 
3.4891436311319137 
0.6144950153073794 
3.501117422807003 
1.9535700404517329 
6.149426477602337 
0.0 
0.0 
0.0 
0.0 
0.0 
0.0 
0.0 
0.0 
0.0 
0.0 
0.0 
0.0 
0.0 
0.0 
0.0 
0.0 
0.0 
0.0 
0.0 
0.0 
0.0 
0.0 
0.0 
0.0 
0.0 
0.0 
0.0 
0.0 
0.0 
0.0 
0.0 
0.0 
0.0 
0.0 
0.0 
0.0 
0.0 
0.0 
0.0 
0.0 
0.0 
0.0 
0.0 
0.0 
0.0 
0.0 
0.0 
0.0 
0.0 
0.0 
0.0 
0.0 
0.0 
0.0 
0.0 
0.0 
0.0 
0.0 
0.0 
0.0 
0.0 
0.0 
0.0 
0.0 
0.0 
0.0 
0.0 
0.0 
0.0 
0.0 
0.0 
0.0 
0.0 
0.0 
0.0 
0.0 
0.0 
0.0 
0.0 
0.0 
0.0 
0.0 
0.0 
0.0 
0.0 
0.0 
0.0 
0.0 
0.0 
0.0 
0.0 
0.0 
0.0 
0.0 
0.0 
0.0 
0.0 
0.0 
0.0 
0.0 
0.0 
0.0 
0.0 
0.0 
0.0 
0.0 
0.0 
0.0 
0.0 
0.0 
0.0 
0.0 
0.0 
0.0 
0.0 
0.0 
0.0 
0.0 
0.0 
0.0 
0.0 
0.0 
0.0 
0.0 
0.0 
