3.6610712613589484 
4.938126538360536 
6.071614995637659 
5.853069281495387 
2.351243699838656 
2.3218397879196386 
5.341571078979707 
2.6356709393525732 
5.859107472479565 
1.6286395382125325 
1.7859130418273421 
0.8648545453925822 
0.49496059574108325 
4.432025040778905 
2.392605192208467 
0.020635019339175466 
3.3918133518995965 
2.53673093743859 
3.1746897159130163 
5.997752524280606 
2.4345915752908533 
4.329430158623488 
5.5812555701604545 
0.4010956300455763 
4.100030574395347 
4.196994793553788 
1.273167746483429 
5.391290053697406 
5.189036449588051 
6.04806988393938 
2.8248340284875866 
5.8870165342159435 
1.5346753891644862 
0.13390209878921114 
3.0364495475289193 
4.60533938809513 
4.592371298917135 
0.822606966632122 
4.1279331705106435 
3.557758790619886 
4.9299555989703725 
5.055955498898188 
2.9845620863718523 
5.398146009782795 
1.2680546540390343 
3.8332664082403536 
1.3843629544522165 
0.255916399077448 
4.74794636689829 
3.6616032520335726 
3.4410762295977935 
4.972156779941011 
5.959526495112837 
0.20305429025370544 
0.41267541570307903 
1.8054851499489968 
2.392332492568627 
5.30032480597105 
5.436419985284066 
1.3667246128131871 
1.598502470468417 
1.8691317215075893 
1.1298863054177803 
5.780655324493794 
4.6060041249673285 
1.1258191275973737 
1.5055064803355351 
4.758284857128238 
0.028426408779523245 
2.752148071798552 
3.599489220089703 
5.212352293703746 
5.603400238807498 
4.353758738490288 
1.8147469635116933 
0.26326827116451096 
0.7863240917602232 
2.095341964620148 
5.4033460380276335 
0.1856364837508286 
1.0828972943279862 
4.5741108495373695 
3.0377468383201056 
5.281105935304984 
2.3886977012720423 
5.7380807910420755 
0.7403242553070514 
1.595870229388768 
4.320247582950699 
1.8972978268211478 
0.02127001702327571 
3.4888344911146327 
1.3653729837982496 
2.18200273375577 
4.805573727041023 
1.8409358899404853 
0.7041919105768586 
4.9314304543596625 
1.987671166112484 
2.764552276511598 
4.395437575243003 
3.821746501779176 
3.8737113073387106 
2.2264869815329837 
1.4214250076771362 
5.138513161491979 
6.139564959067864 
1.8481933273124034 
2.9143146563539646 
3.8518391364857245 
4.559679823765234 
5.4911526784608675 
4.794195126700753 
3.721048104418255 
5.823803686162231 
4.44712535904946 
0.6172506565871141 
4.440250263448025 
4.088068143125039 
3.2591488029618696 
1.7694252272979742 
0.7664691601197521 
3.169135533384522 
1.7142989874578403 
3.7105598128757307 
0.0 
0.0 
0.0 
0.0 
0.0 
0.0 
0.0 
0.0 
0.0 
0.0 
0.0 
0.0 
0.0 
0.0 
0.0 
0.0 
0.0 
0.0 
0.0 
0.0 
0.0 
0.0 
0.0 
0.0 
0.0 
0.0 
0.0 
0.0 
0.0 
0.0 
0.0 
0.0 
0.0 
0.0 
0.0 
0.0 
0.0 
0.0 
0.0 
0.0 
0.0 
0.0 
0.0 
0.0 
0.0 
0.0 
0.0 
0.0 
0.0 
0.0 
0.0 
0.0 
0.0 
0.0 
0.0 
0.0 
0.0 
0.0 
0.0 
0.0 
0.0 
0.0 
0.0 
0.0 
0.0 
0.0 
0.0 
0.0 
0.0 
0.0 
0.0 
0.0 
0.0 
0.0 
0.0 
0.0 
0.0 
0.0 
0.0 
0.0 
0.0 
0.0 
0.0 
0.0 
0.0 
0.0 
0.0 
0.0 
0.0 
0.0 
0.0 
0.0 
0.0 
0.0 
0.0 
0.0 
0.0 
0.0 
0.0 
0.0 
0.0 
0.0 
0.0 
0.0 
0.0 
0.0 
0.0 
0.0 
0.0 
0.0 
0.0 
0.0 
0.0 
0.0 
0.0 
0.0 
0.0 
0.0 
0.0 
0.0 
0.0 
0.0 
0.0 
0.0 
0.0 
