5.328122327905985 
1.9380136467076812 
1.8948248100130332 
0.11788510380811533 
5.688763345278733 
2.4685172737904217 
0.48486176807671555 
5.609685267480254 
2.728616409072297 
1.990893839110088 
1.7861778955525107 
2.7086996367449006 
4.36553018589552 
2.538632616280516 
1.9283934943800933 
0.8139899416547293 
4.180646893787288 
1.2599166792903043 
0.4908528906922626 
4.245754720544624 
2.591789562099333 
3.1270968927375815 
2.584404857662561 
5.218820112837117 
3.280945798494796 
3.3473441640803383 
5.475223197403714 
2.1715646824995685 
1.2220263424033695 
6.03313879785293 
5.544055906035657 
1.7736946437337424 
2.3961193667237635 
5.128153420322707 
1.4507227270987615 
5.419208919205119 
1.1259903711117114 
3.630660787372455 
0.13579666844664648 
2.3214294843218375 
3.271728099481136 
4.821848077968275 
5.7702121755652405 
0.02652228261865917 
4.813237127084461 
1.9768017349872147 
1.5017930061292162 
2.7800925227518123 
4.027648111187186 
1.1107051208922603 
0.3651677445419338 
5.828608929548585 
4.252163545783957 
4.04632329915021 
4.341109964409517 
4.8012595400515305 
5.75858172247614 
1.5540693375534589 
1.9814965523635624 
3.2030657822779656 
5.194052795823642 
2.4025308168840294 
5.684450476382833 
2.130118110934935 
1.1739917844571177 
5.349013911449612 
3.780220757760161 
0.10928660169678471 
5.127561897926379 
1.496229416789481 
1.7033202696115117 
1.5606557600206663 
6.200707550381265 
0.790862726136651 
3.2836727799430796 
0.5812745590234007 
3.4469403325617005 
0.38644713206518455 
0.3240945716687892 
5.327245899109279 
2.1270172539861876 
3.880868855143489 
4.303649086534591 
3.0820181609233632 
0.6587872197524625 
5.130437514788663 
2.897996886857831 
4.8909520630227235 
3.9440912142741786 
0.1992134931660349 
1.7482602885595346 
0.5427385224502388 
2.267870236235249 
2.752883788639646 
3.7389635222624054 
3.0903329644365054 
1.371760858749455 
5.924579633216088 
2.986090854925118 
0.3728028922485815 
0.5934966306608505 
0.9447187287192115 
2.4111005452811 
2.811207117630093 
1.0623957135812265 
5.213497426081194 
4.13153404025886 
4.5843261509273585 
5.957288624979363 
4.214459338625619 
1.4758470971837965 
1.3015823767102117 
0.064976583858564 
1.1325067657261254 
4.882226891796538 
0.36379780092512065 
2.5046123465165433 
2.1522278452367454 
3.178225574886754 
4.124136780229332 
2.6891218326501254 
4.940674427331788 
0.043061355630764395 
2.5923514200734474 
0.4551104178321274 
0.0 
0.0 
0.0 
0.0 
0.0 
0.0 
0.0 
0.0 
0.0 
0.0 
0.0 
0.0 
0.0 
0.0 
0.0 
0.0 
0.0 
0.0 
0.0 
0.0 
0.0 
0.0 
0.0 
0.0 
0.0 
0.0 
0.0 
0.0 
0.0 
0.0 
0.0 
0.0 
0.0 
0.0 
0.0 
0.0 
0.0 
0.0 
0.0 
0.0 
0.0 
0.0 
0.0 
0.0 
0.0 
0.0 
0.0 
0.0 
0.0 
0.0 
0.0 
0.0 
0.0 
0.0 
0.0 
0.0 
0.0 
0.0 
0.0 
0.0 
0.0 
0.0 
0.0 
0.0 
0.0 
0.0 
0.0 
0.0 
0.0 
0.0 
0.0 
0.0 
0.0 
0.0 
0.0 
0.0 
0.0 
0.0 
0.0 
0.0 
0.0 
0.0 
0.0 
0.0 
0.0 
0.0 
0.0 
0.0 
0.0 
0.0 
0.0 
0.0 
0.0 
0.0 
0.0 
0.0 
0.0 
0.0 
0.0 
0.0 
0.0 
0.0 
0.0 
0.0 
0.0 
0.0 
0.0 
0.0 
0.0 
0.0 
0.0 
0.0 
0.0 
0.0 
0.0 
0.0 
0.0 
0.0 
0.0 
0.0 
0.0 
0.0 
0.0 
0.0 
0.0 
