3.8675175511464603 
5.049346581743605 
2.827039082904548 
1.7233581221640146 
5.4849503048320924 
3.2817888222212956 
0.47807354739934116 
1.9457545831321794 
2.942734185370125 
1.2234371449346686 
5.595517259601733 
1.705516960833073 
0.10093673422706817 
5.867350364123564 
4.801971907118108 
1.9802786857511097 
1.679109601804631 
1.18972023855882 
2.027179267698988 
0.2413063377908981 
2.9664174839818593 
0.800736272934501 
5.456372108104327 
3.229777712414725 
4.810628669216716 
0.2999033112243377 
0.4359073638404826 
5.367110714317585 
2.9242110452252565 
5.930274978803502 
2.6440593167596624 
2.928120520186183 
2.4570028638048016 
0.24320386464264246 
1.0921213059250279 
5.414525968656478 
3.6303216889051266 
4.779935758911533 
5.666063116195557 
4.517534331502991 
2.741945786114358 
0.9787649739799977 
2.1384910385880187 
2.975026669225954 
3.531593880028456 
5.039297713522367 
1.430700064392412 
4.784146000346254 
1.1753164195850774 
2.396943577292599 
5.106558895546092 
2.999659922900112 
0.3015113803090377 
2.0667005387523023 
1.5246939693084753 
1.864988037418036 
2.9940494310175962 
0.01892533216302663 
3.6231881865685054 
4.567186081430513 
2.406687543738872 
0.9108474174405512 
4.255127570955217 
1.2659829824742965 
5.86438614646516 
4.737720324180994 
5.414222151813829 
5.134431915788706 
1.6161483155888066 
1.174368398471559 
2.7905647034524286 
5.516902756869164 
0.5027727191659441 
1.358810739071436 
1.3164400610892388 
3.239339789698554 
5.914105631989445 
0.8979753866717135 
3.1735893169685347 
2.669299180154115 
0.3204257003646556 
5.538416562301376 
3.040303464311263 
3.6042001461235254 
4.472666021236793 
1.408019918477181 
5.245872960593405 
5.711783211770866 
4.987393681419167 
1.4660464279700913 
4.035549888449661 
6.0925735140636155 
3.609818982444776 
2.1219250525225846 
4.74039922586645 
6.19604457263805 
5.578439512707456 
5.558039907971308 
2.1852550992175814 
4.416164019494042 
1.672125276191948 
1.0038518205913425 
4.263005321597898 
1.0978519039995513 
0.9295063394205701 
5.579055967945181 
2.0515613514274564 
4.533731100756462 
3.8845761049505763 
0.007224072086148519 
2.0093592039598103 
5.0967976270315445 
5.237455530683199 
5.52870223834854 
5.323630138766128 
4.593328232771534 
4.373803451484815 
6.138830315198942 
3.075177162954976 
4.200743519747242 
3.8495080959591226 
3.2313394399457027 
0.7758598393042347 
5.64323000257006 
1.7469856031974413 
0.0 
0.0 
0.0 
0.0 
0.0 
0.0 
0.0 
0.0 
0.0 
0.0 
0.0 
0.0 
0.0 
0.0 
0.0 
0.0 
0.0 
0.0 
0.0 
0.0 
0.0 
0.0 
0.0 
0.0 
0.0 
0.0 
0.0 
0.0 
0.0 
0.0 
0.0 
0.0 
0.0 
0.0 
0.0 
0.0 
0.0 
0.0 
0.0 
0.0 
0.0 
0.0 
0.0 
0.0 
0.0 
0.0 
0.0 
0.0 
0.0 
0.0 
0.0 
0.0 
0.0 
0.0 
0.0 
0.0 
0.0 
0.0 
0.0 
0.0 
0.0 
0.0 
0.0 
0.0 
0.0 
0.0 
0.0 
0.0 
0.0 
0.0 
0.0 
0.0 
0.0 
0.0 
0.0 
0.0 
0.0 
0.0 
0.0 
0.0 
0.0 
0.0 
0.0 
0.0 
0.0 
0.0 
0.0 
0.0 
0.0 
0.0 
0.0 
0.0 
0.0 
0.0 
0.0 
0.0 
0.0 
0.0 
0.0 
0.0 
0.0 
0.0 
0.0 
0.0 
0.0 
0.0 
0.0 
0.0 
0.0 
0.0 
0.0 
0.0 
0.0 
0.0 
0.0 
0.0 
0.0 
0.0 
0.0 
0.0 
0.0 
0.0 
0.0 
0.0 
0.0 
