3.617779929234097 
1.2305827887603227 
5.66582650680554 
4.369768401919946 
5.876676136804893 
3.1756545327054746 
3.9563998699857765 
2.874475179750376 
1.5809456810115292 
0.44704486447636843 
5.075112972022628 
2.7333085742073773 
3.0079525157459215 
3.668605324311795 
2.276465042401241 
3.661260298874486 
1.779044004569444 
6.26481237319768 
0.9761912066735385 
4.918852364394209 
1.0624234774861394 
4.400212479563155 
3.141796969114655 
3.849177189202528 
1.322135008047913 
2.468624169444161 
4.107066327408241 
3.2315567413954205 
2.0041060464096057 
3.5069186520494475 
3.884544913734592 
3.09535511452448 
4.372111585277824 
5.589704768120016 
2.5219415758972286 
0.19972715650013353 
0.9908221003781995 
3.8076893295176593 
4.112943082188907 
3.6416290145840673 
3.879979543359926 
3.6793296348726097 
0.095180834915106 
3.3657431441693415 
0.06281120839020958 
1.0806588147191372 
3.1319280278989363 
3.356385938522208 
2.0514779127518916 
2.3526477042907104 
2.9933198424651204 
4.267960468975921 
2.350030834846724 
1.6323381398735348 
5.347726028672643 
1.8596044463896504 
0.867957187005825 
3.7961043746758416 
1.8593272005573362 
0.21484395549178079 
5.918486617357932 
2.280714907092394 
3.5863065661642946 
4.611557992805769 
0.005946368362341202 
2.044653911582503 
4.880313924098592 
2.845581161015029 
3.3600723766114418 
4.13704276855708 
3.4691206083555017 
2.2391011374947096 
2.987675716099441 
0.1887376330015786 
5.759808915870272 
0.4636874244356968 
2.7866560092487953 
2.706224038564937 
2.921662419291822 
4.460328546731061 
1.3189963568074778 
2.433354029887046 
3.195557625126845 
1.8181885828800726 
4.322127984526823 
2.552370034703936 
2.857599938143311 
0.3325018196845419 
4.927825371759887 
0.1743867875898608 
3.5043723364937596 
0.9095181453155169 
1.8601721228968504 
5.208216586707155 
5.2540870373870865 
4.552969931466685 
0.10589778688482526 
3.34525756095642 
5.094827756018278 
0.2563542486015352 
0.4881761082512319 
0.15925728055831462 
2.314027700706873 
2.8371326835416775 
3.5782513283902233 
2.731704295292862 
3.966180687924309 
4.378893303600866 
0.009457844993183428 
5.783553419055035 
4.258680398532973 
1.2740128515458418 
0.5307228727815391 
0.5257029611767413 
3.344439565654921 
2.7200494559626747 
1.6793777534201646 
3.2311104030920195 
1.604502301526619 
3.52503313137594 
0.08335816462176536 
1.7831425637191267 
1.4640673854820083 
1.5194522365856018 
4.587130787124726 
0.0 
0.0 
0.0 
0.0 
0.0 
0.0 
0.0 
0.0 
0.0 
0.0 
0.0 
0.0 
0.0 
0.0 
0.0 
0.0 
0.0 
0.0 
0.0 
0.0 
0.0 
0.0 
0.0 
0.0 
0.0 
0.0 
0.0 
0.0 
0.0 
0.0 
0.0 
0.0 
0.0 
0.0 
0.0 
0.0 
0.0 
0.0 
0.0 
0.0 
0.0 
0.0 
0.0 
0.0 
0.0 
0.0 
0.0 
0.0 
0.0 
0.0 
0.0 
0.0 
0.0 
0.0 
0.0 
0.0 
0.0 
0.0 
0.0 
0.0 
0.0 
0.0 
0.0 
0.0 
0.0 
0.0 
0.0 
0.0 
0.0 
0.0 
0.0 
0.0 
0.0 
0.0 
0.0 
0.0 
0.0 
0.0 
0.0 
0.0 
0.0 
0.0 
0.0 
0.0 
0.0 
0.0 
0.0 
0.0 
0.0 
0.0 
0.0 
0.0 
0.0 
0.0 
0.0 
0.0 
0.0 
0.0 
0.0 
0.0 
0.0 
0.0 
0.0 
0.0 
0.0 
0.0 
0.0 
0.0 
0.0 
0.0 
0.0 
0.0 
0.0 
0.0 
0.0 
0.0 
0.0 
0.0 
0.0 
0.0 
0.0 
0.0 
0.0 
0.0 
0.0 
