4.761475810228318 
2.765445735864935 
6.077323753748227 
4.375872953351295 
2.1197617892606866 
5.552239938606529 
1.6541642023492187 
3.76156015512555 
6.069992244696036 
0.9227766308706337 
1.4129501442990213 
0.17624151813552555 
5.658012094791726 
2.986909712131709 
5.1438211347471015 
1.8911018180038517 
4.144010527975926 
4.687898943685228 
4.203352796716985 
4.490804739756877 
0.6570896281245523 
1.477868061551802 
2.0026705447329656 
6.018313904776208 
3.423345930285213 
3.27317665613134 
0.23461068691745285 
1.9089342816614452 
0.12341794803855022 
1.1130424295633634 
2.314114227384387 
0.8032029078013386 
1.0544785691037328 
4.010948969899471 
4.0639684087316175 
4.012338149326691 
0.02040459546767347 
1.6475321914779324 
5.298615056610212 
4.009419032652921 
5.563344933060776 
1.1549087049866955 
3.109337519820689 
2.243195098094621 
1.0041088441131703 
0.22804599152615887 
0.8959840416353331 
4.420121748917516 
6.107701387961035 
2.5562230622823643 
3.0050263185581976 
5.8302053908242515 
3.4475497008106735 
3.3733434876836506 
3.4408914438904605 
4.575764931944791 
2.1723393554390005 
5.299640294819308 
2.5098461036209536 
1.9481240256782293 
3.448250861053188 
2.5816283649089167 
2.326551598906667 
6.158587113597465 
3.277299938165008 
6.187596447830442 
5.211147953611613 
0.480220823599638 
5.237113921296087 
0.7205298278468222 
5.549051551541786 
3.087660051862935 
2.388548740016515 
3.941262683639305 
0.9097441676792141 
0.5832031646241221 
5.218184720691414 
0.03678213373630799 
2.3914968813837145 
2.211526261605976 
4.15880804804083 
0.3039427733600286 
1.2007585221738744 
3.4857717054000674 
4.128801285201306 
5.640251699530828 
3.3727478292631385 
0.10206017861952509 
2.6755953177561667 
4.980710936354545 
1.6834047736663849 
2.1310949725394206 
5.513013440614021 
5.8571045270389535 
0.1128252551436027 
1.7640148089313217 
5.944976541880564 
2.4249763339009984 
1.0365872003527612 
6.091442479592634 
5.707260290538891 
2.6092600425743075 
4.553788178084939 
3.807943153170759 
1.0319756378474758 
3.729398382507745 
5.433355862157781 
2.2645726508489146 
4.155923173035797 
1.4135451227254305 
0.6394696756834696 
5.707410060811959 
4.526710647205597 
6.083062705954612 
0.9887024595524281 
0.33235443333749715 
6.204828956907531 
4.584460556486349 
0.8172436702186722 
3.6441359686055725 
1.1140885072051043 
5.975810530843117 
0.389010762168398 
0.18566256864404324 
6.217168038006751 
0.0 
0.0 
0.0 
0.0 
0.0 
0.0 
0.0 
0.0 
0.0 
0.0 
0.0 
0.0 
0.0 
0.0 
0.0 
0.0 
0.0 
0.0 
0.0 
0.0 
0.0 
0.0 
0.0 
0.0 
0.0 
0.0 
0.0 
0.0 
0.0 
0.0 
0.0 
0.0 
0.0 
0.0 
0.0 
0.0 
0.0 
0.0 
0.0 
0.0 
0.0 
0.0 
0.0 
0.0 
0.0 
0.0 
0.0 
0.0 
0.0 
0.0 
0.0 
0.0 
0.0 
0.0 
0.0 
0.0 
0.0 
0.0 
0.0 
0.0 
0.0 
0.0 
0.0 
0.0 
0.0 
0.0 
0.0 
0.0 
0.0 
0.0 
0.0 
0.0 
0.0 
0.0 
0.0 
0.0 
0.0 
0.0 
0.0 
0.0 
0.0 
0.0 
0.0 
0.0 
0.0 
0.0 
0.0 
0.0 
0.0 
0.0 
0.0 
0.0 
0.0 
0.0 
0.0 
0.0 
0.0 
0.0 
0.0 
0.0 
0.0 
0.0 
0.0 
0.0 
0.0 
0.0 
0.0 
0.0 
0.0 
0.0 
0.0 
0.0 
0.0 
0.0 
0.0 
0.0 
0.0 
0.0 
0.0 
0.0 
0.0 
0.0 
0.0 
0.0 
0.0 
